10 4 24 184

   0 1062  942 1096  920 1093  972  991  873  857 
 869    0  938  929  947  980  948 1021  818 1039 
1087 1006    0  908  861  998  885  941  935 1058 
1106  963 1087    0 1054 1031  936  845 1044 1101 
 810  982  968  841    0  868  960 1006  855  964 
1010  925  975 1081  909    0 1050 1075  847  896 
 807  969 1099 1084 1101  987    0  816  843  842 
 947  803  782  863 1098  823  891    0  877  798 
 890 1091 1070 1109 1035 1060  945  810    0  994 
 966 1040  942 1083  955  792 1097 1061 1029    0 

   0  780  970  808  892 1092  635 1121  694  767 
 776    0  759  977 1145  751  791  915 1193  835 
 732  999    0  869 1161 1007 1102  974  848 1154 
 799  852 1005    0  943  676  630 1116  747  684 
 841  617  638 1048    0 1074  620 1069  717 1073 
 897  660  818  601 1013    0 1002  732  670 1123 
 656  625  935  613  844  625    0  832  836  805 
1185  748  655  640  928  943 1046    0  778  943 
 889  706 1106  924  920 1029 1041 1149    0  611 
1197 1187  984  700 1139  890  862  818  702    0 

0 265 725
1 273 934
2 501 772
3 594 842
4 233 1018
5 577 787
6 585 1046
7 597 1016
8 579 874
9 247 1017

0 2 6151 8576 1884 
0 2 1746 4529 2826 
0 6 3955 6361 2916 
0 9 8609 10273 3428 
0 5 666 3177 4372 
0 7 3777 6624 2973 
0 8 1469 3953 3492 
0 4 8110 10063 2760 
0 8 5038 7383 3492 
0 5 548 3430 2186 
0 2 9452 12284 1884 
0 8 8261 10225 1746 
0 3 1378 3090 2192 
0 6 9570 11582 1944 
0 6 8744 10706 1944 
0 5 2958 5688 2186 
0 7 5991 10071 1982 
0 7 4831 9079 1982 
0 6 5058 7229 1944 
0 9 2205 4966 3428 
0 9 8718 11348 1714 
1 6 9223 11089 2844 
1 3 1820 5346 3716 
1 2 9503 12531 2814 
1 2 2447 3980 1876 
1 9 7880 10802 3117 
1 2 2216 4326 2814 
1 3 8405 12000 1858 
1 8 6005 9941 1636 
1 4 6297 9251 3788 
1 2 2496 5000 2814 
1 5 12 2490 2940 
1 6 2170 4084 1896 
1 7 1285 4496 3063 
1 3 4387 6536 1858 
1 8 9023 11933 1636 
1 2 3808 5804 1876 
1 7 1527 3823 3063 
1 2 4681 7504 1876 
1 4 4866 9423 1894 
1 7 4669 7972 2042 
1 5 7718 9437 2940 
2 6 8155 10689 3540 
2 7 5838 8711 3764 
2 3 1874 5254 2724 
2 4 491 3648 3444 
2 9 7983 10614 4232 
2 3 8178 10976 2724 
2 3 3939 6346 3632 
2 0 4384 6675 4348 
2 3 2172 5048 2724 
2 8 8342 11522 3740 
2 3 1458 4881 1816 
2 0 5762 8646 3261 
2 1 7636 10393 4024 
2 0 126 1934 4348 
3 0 8968 10789 2212 
3 0 4507 6568 2212 
3 2 9276 12693 2174 
3 6 4958 6829 3744 
3 5 7284 8744 2062 
3 6 6548 7908 1872 
3 0 1904 3989 4424 
3 4 6507 9807 3162 
3 4 55 3723 4216 
3 8 4373 6755 4176 
3 2 4405 7028 3261 
3 7 2195 4996 1690 
3 4 8577 11670 3162 
3 8 7702 10428 3132 
3 0 606 2475 3318 
3 4 7976 10540 3162 
3 0 4753 7693 2212 
3 0 5387 8311 3318 
3 8 879 2791 2088 
3 1 9746 11654 1926 
3 2 1310 3802 2174 
3 9 9917 12475 3303 
4 0 2313 4878 1620 
4 6 1919 4157 1920 
4 3 619 4622 2523 
4 7 6479 10113 3018 
4 5 5975 8165 2604 
4 2 2661 4230 3872 
4 2 2492 4004 3872 
4 0 7228 9128 3240 
4 1 2675 4402 1964 
4 3 673 3628 1682 
4 9 9988 12488 1928 
4 1 4838 7022 2946 
4 2 1087 3071 1936 
4 5 5445 9601 2604 
4 8 9665 11694 2565 
5 9 4781 9250 2688 
5 6 3052 6569 3150 
5 4 4626 7077 2727 
5 1 2776 4452 1850 
5 6 6191 10178 2100 
5 8 9753 11850 1694 
5 4 7740 10991 2727 
5 2 2351 4126 3900 
5 0 1187 3788 3030 
5 0 5204 7634 3030 
5 7 7830 10714 3225 
5 8 7941 9341 3388 
5 4 10075 12131 1818 
5 3 6523 8452 4324 
5 0 2986 6520 3030 
5 6 8902 11887 4200 
5 7 9009 11607 2150 
5 3 549 1823 3243 
5 8 4672 6722 1694 
5 4 871 3464 3636 
5 0 4274 7225 2020 
5 7 3974 5489 3225 
5 1 477 2344 1850 
5 2 1758 4621 1950 
6 2 4435 7931 2198 
6 3 7633 8993 3252 
6 5 1533 3714 3948 
6 1 5000 6893 1938 
6 3 3967 5928 4336 
6 1 5609 7515 2907 
6 1 6457 7882 3876 
6 0 5012 7353 1614 
6 8 1956 4664 1686 
6 5 1779 3072 2961 
6 0 9000 10810 2421 
6 9 8067 9999 2526 
6 9 5747 8500 2526 
6 4 8721 11084 2202 
6 9 7242 9262 2526 
6 0 7481 9809 1614 
6 2 784 3271 3297 
6 5 4386 6629 1974 
6 2 9840 12242 3297 
6 9 329 3267 1684 
6 7 4095 5950 1632 
6 3 344 1704 3252 
6 3 8523 10925 2168 
6 8 9449 12349 2529 
7 6 6108 9538 3564 
7 9 5074 8185 2394 
7 5 9661 13300 3292 
7 3 8034 9736 3452 
7 1 6592 8746 1606 
7 2 2902 5423 3128 
7 6 365 3367 2673 
7 2 9477 11415 2346 
7 0 8872 11324 2841 
7 4 9099 11419 2196 
7 9 3872 6625 2394 
7 4 9806 12450 4392 
7 1 4147 5979 1606 
7 4 4088 6324 4392 
7 6 4792 7019 1782 
8 3 510 2820 4436 
8 7 7534 11417 2430 
8 7 7131 9670 1620 
8 9 464 2309 1988 
8 5 2341 5129 4240 
8 9 2924 5007 3976 
8 4 4115 7178 3105 
8 9 34 1500 2982 
9 6 5963 7876 2194 
9 0 9166 11751 3864 
9 4 2049 5409 2865 
9 3 4302 6101 3249 
9 3 2596 4318 4332 
9 2 1984 4778 2826 
9 4 9051 12604 3820 
9 0 735 3787 3864 
9 2 1379 4016 2826 
9 7 5567 8397 3183 
9 4 791 4766 3820 
9 6 5753 9166 4388 
9 7 978 3841 2122 
9 7 2212 3954 2122 
9 6 21 2365 2194 
9 0 835 3863 3864 
9 3 4360 5928 3249 
9 7 4649 7495 3183 
9 1 6458 9817 4160 
9 3 1682 3453 3249 

0 1 0 0
0 1 1 0
0 1 2 0
0 1 3 0
0 1 4 0
0 2 0 3426
0 2 1 3426
0 2 2 3426
0 2 3 0
0 2 4 0
0 3 0 0
0 3 1 0
0 3 2 0
0 3 3 0
0 3 4 0
0 4 0 3501
0 4 1 3501
0 4 2 3501
0 4 3 0
0 4 4 0
0 5 0 3450
0 5 1 3450
0 5 2 0
0 5 3 0
0 5 4 0
0 6 0 0
0 6 1 0
0 6 2 0
0 6 3 0
0 6 4 0
0 7 0 3583
0 7 1 3583
0 7 2 0
0 7 3 0
0 7 4 0
0 8 0 4149
0 8 1 4149
0 8 2 0
0 8 3 0
0 8 4 0
0 9 0 4247
0 9 1 4247
0 9 2 0
0 9 3 0
0 9 4 0
1 0 0 0
1 0 1 0
1 0 2 0
1 0 3 0
1 0 4 0
1 2 0 0
1 2 1 0
1 2 2 0
1 2 3 0
1 2 4 0
1 3 0 0
1 3 1 0
1 3 2 0
1 3 3 0
1 3 4 0
1 4 0 0
1 4 1 0
1 4 2 0
1 4 3 0
1 4 4 0
1 5 0 3383
1 5 1 3383
1 5 2 3383
1 5 3 0
1 5 4 0
1 6 0 3692
1 6 1 3692
1 6 2 0
1 6 3 0
1 6 4 0
1 7 0 0
1 7 1 0
1 7 2 0
1 7 3 0
1 7 4 0
1 8 0 0
1 8 1 0
1 8 2 0
1 8 3 0
1 8 4 0
1 9 0 3020
1 9 1 3020
1 9 2 3020
1 9 3 0
1 9 4 0
2 0 0 3381
2 0 1 3381
2 0 2 0
2 0 3 0
2 0 4 0
2 1 0 0
2 1 1 0
2 1 2 0
2 1 3 0
2 1 4 0
2 3 0 0
2 3 1 0
2 3 2 0
2 3 3 0
2 3 4 0
2 4 0 4147
2 4 1 4147
2 4 2 0
2 4 3 0
2 4 4 0
2 5 0 0
2 5 1 0
2 5 2 0
2 5 3 0
2 5 4 0
2 6 0 0
2 6 1 0
2 6 2 0
2 6 3 0
2 6 4 0
2 7 0 0
2 7 1 0
2 7 2 0
2 7 3 0
2 7 4 0
2 8 0 3625
2 8 1 3625
2 8 2 0
2 8 3 0
2 8 4 0
2 9 0 0
2 9 1 0
2 9 2 0
2 9 3 0
2 9 4 0
3 0 0 3698
3 0 1 3698
3 0 2 0
3 0 3 0
3 0 4 0
3 1 0 0
3 1 1 0
3 1 2 0
3 1 3 0
3 1 4 0
3 2 0 0
3 2 1 0
3 2 2 0
3 2 3 0
3 2 4 0
3 4 0 0
3 4 1 0
3 4 2 0
3 4 3 0
3 4 4 0
3 5 0 3480
3 5 1 3480
3 5 2 0
3 5 3 0
3 5 4 0
3 6 0 0
3 6 1 0
3 6 2 0
3 6 3 0
3 6 4 0
3 7 0 0
3 7 1 0
3 7 2 0
3 7 3 0
3 7 4 0
3 8 0 0
3 8 1 0
3 8 2 0
3 8 3 0
3 8 4 0
3 9 0 0
3 9 1 0
3 9 2 0
3 9 3 0
3 9 4 0
4 0 0 0
4 0 1 0
4 0 2 0
4 0 3 0
4 0 4 0
4 1 0 0
4 1 1 0
4 1 2 0
4 1 3 0
4 1 4 0
4 2 0 0
4 2 1 0
4 2 2 0
4 2 3 0
4 2 4 0
4 3 0 4468
4 3 1 4468
4 3 2 4468
4 3 3 0
4 3 4 0
4 5 0 4324
4 5 1 4324
4 5 2 4324
4 5 3 0
4 5 4 0
4 6 0 0
4 6 1 0
4 6 2 0
4 6 3 0
4 6 4 0
4 7 0 3712
4 7 1 3712
4 7 2 3712
4 7 3 0
4 7 4 0
4 8 0 0
4 8 1 0
4 8 2 0
4 8 3 0
4 8 4 0
4 9 0 3913
4 9 1 3913
4 9 2 3913
4 9 3 0
4 9 4 0
5 0 0 3512
5 0 1 3512
5 0 2 0
5 0 3 0
5 0 4 0
5 1 0 0
5 1 1 0
5 1 2 0
5 1 3 0
5 1 4 0
5 2 0 0
5 2 1 0
5 2 2 0
5 2 3 0
5 2 4 0
5 3 0 3320
5 3 1 3320
5 3 2 0
5 3 3 0
5 3 4 0
5 4 0 3624
5 4 1 3624
5 4 2 3624
5 4 3 0
5 4 4 0
5 6 0 3657
5 6 1 3657
5 6 2 3657
5 6 3 0
5 6 4 0
5 7 0 0
5 7 1 0
5 7 2 0
5 7 3 0
5 7 4 0
5 8 0 0
5 8 1 0
5 8 2 0
5 8 3 0
5 8 4 0
5 9 0 0
5 9 1 0
5 9 2 0
5 9 3 0
5 9 4 0
6 0 0 0
6 0 1 0
6 0 2 0
6 0 3 0
6 0 4 0
6 1 0 0
6 1 1 0
6 1 2 0
6 1 3 0
6 1 4 0
6 2 0 0
6 2 1 0
6 2 2 0
6 2 3 0
6 2 4 0
6 3 0 0
6 3 1 0
6 3 2 0
6 3 3 0
6 3 4 0
6 4 0 0
6 4 1 0
6 4 2 0
6 4 3 0
6 4 4 0
6 5 0 3894
6 5 1 3894
6 5 2 0
6 5 3 0
6 5 4 0
6 7 0 0
6 7 1 0
6 7 2 0
6 7 3 0
6 7 4 0
6 8 0 0
6 8 1 0
6 8 2 0
6 8 3 0
6 8 4 0
6 9 0 4775
6 9 1 4775
6 9 2 0
6 9 3 0
6 9 4 0
7 0 0 3022
7 0 1 3022
7 0 2 3022
7 0 3 0
7 0 4 0
7 1 0 4947
7 1 1 4947
7 1 2 4947
7 1 3 0
7 1 4 0
7 2 0 0
7 2 1 0
7 2 2 0
7 2 3 0
7 2 4 0
7 3 0 0
7 3 1 0
7 3 2 0
7 3 3 0
7 3 4 0
7 4 0 0
7 4 1 0
7 4 2 0
7 4 3 0
7 4 4 0
7 5 0 4051
7 5 1 4051
7 5 2 0
7 5 3 0
7 5 4 0
7 6 0 4096
7 6 1 4096
7 6 2 0
7 6 3 0
7 6 4 0
7 8 0 0
7 8 1 0
7 8 2 0
7 8 3 0
7 8 4 0
7 9 0 4414
7 9 1 4414
7 9 2 0
7 9 3 0
7 9 4 0
8 0 0 0
8 0 1 0
8 0 2 0
8 0 3 0
8 0 4 0
8 1 0 0
8 1 1 0
8 1 2 0
8 1 3 0
8 1 4 0
8 2 0 3014
8 2 1 3014
8 2 2 0
8 2 3 0
8 2 4 0
8 3 0 0
8 3 1 0
8 3 2 0
8 3 3 0
8 3 4 0
8 4 0 0
8 4 1 0
8 4 2 0
8 4 3 0
8 4 4 0
8 5 0 0
8 5 1 0
8 5 2 0
8 5 3 0
8 5 4 0
8 6 0 0
8 6 1 0
8 6 2 0
8 6 3 0
8 6 4 0
8 7 0 0
8 7 1 0
8 7 2 0
8 7 3 0
8 7 4 0
8 9 0 0
8 9 1 0
8 9 2 0
8 9 3 0
8 9 4 0
9 0 0 0
9 0 1 0
9 0 2 0
9 0 3 0
9 0 4 0
9 1 0 0
9 1 1 0
9 1 2 0
9 1 3 0
9 1 4 0
9 2 0 0
9 2 1 0
9 2 2 0
9 2 3 0
9 2 4 0
9 3 0 3719
9 3 1 3719
9 3 2 0
9 3 3 0
9 3 4 0
9 4 0 0
9 4 1 0
9 4 2 0
9 4 3 0
9 4 4 0
9 5 0 0
9 5 1 0
9 5 2 0
9 5 3 0
9 5 4 0
9 6 0 0
9 6 1 0
9 6 2 0
9 6 3 0
9 6 4 0
9 7 0 0
9 7 1 0
9 7 2 0
9 7 3 0
9 7 4 0
9 8 0 3880
9 8 1 3880
9 8 2 3880
9 8 3 0
9 8 4 0

