20 4 24 327

   0  884 1080  976  917 1094 1082  840 1065 1086  859 1061  998 1087 1023 1073 1092 1111  897  984 
 997    0  813  918  789  956  941  880  790  828 1085 1011  819 1073  839 1105  970  832 1042 1057 
1111 1004    0  956 1011  902  848  968  818  880  971 1053  986 1051  885  918  857  870 1033 1024 
 817  993 1100    0  805  968  782  866  874 1083  872 1058  935  885  794  834  818  857  994  958 
1012  944  876 1030    0  846 1006  885  810  925 1056  919  942 1072  819  792  908  993  959  961 
1058  892  885  985  937    0 1009 1088  886  786  895  969  859 1017 1074 1093  912  979  948  824 
 802 1055  886  956  878  784    0 1035  955  883 1055  816 1083  969 1061  912 1033  981 1041  793 
1019  929  828  863  917 1048  953    0  955  781 1032  931  939  957  823  825  795  816  879 1060 
 975  955 1003  925 1045  936  951 1027    0 1067 1050  893  854 1082  849  992 1006  840  921  814 
 932 1070 1003  817 1070  842  921  994  882    0  929 1049  924 1023 1069  869  920  803 1073  926 
 915  846  939 1105  786 1095  970  902 1008 1102    0 1060  859 1100 1027  786  924 1034  992  796 
 881 1067  904  849  899  882  990  944 1069 1093  881    0  905  959 1069  809  891 1031 1087 1061 
 821  999 1109  974  877  933  890  884 1074  855  995 1027    0 1051  994  820  804 1060 1090  815 
1018 1004  921 1021  926  825 1093  819  954 1065  976  928  953    0  946 1111  959  882 1083 1002 
 858 1055  869  935  869  916  980 1075 1058 1066 1020  845  981  908    0 1105 1106  894  944 1064 
 879 1096 1057 1055 1081  799  876  944 1038 1080  826  927  913 1044 1002    0 1038  791 1023  802 
1060  927  962 1088  798  868  846  864  887  971  937  846  810 1021 1039  967    0  900  814  889 
 846 1024 1062  871  883 1100  835  861 1084 1076  872 1026  901  894 1007 1065  838    0 1074 1024 
1061  830 1093  845 1069  785  854 1048  979  935 1084  959 1086 1110 1012  962  917  865    0 1079 
 927 1071  911 1083  787  973  840  855 1098  942  851  820 1003  822  822  929 1047  915  814    0 

   0 1152 1198  618 1194 1190 1095  876  752 1059  645  818  752  860  678  707  810  983  624  910 
 687    0  922 1187  643  857  851  990  881  637  968 1062  888  885  898  873 1133  654  947  776 
 659  979    0 1065 1093  858 1019  726  804 1051  639  830 1004  771  704 1136  811  766  729  813 
 710  871  876    0  621  719 1076 1143  868 1186  624  712  662  904  759  721 1158  946  970  763 
1126  896  893 1002    0  646 1037  680 1129 1108  817  719  736  642 1113 1199 1017  881  824  953 
1035  959 1003 1157  646    0  733 1157 1031 1077  798  682  758  899  636  905  964  602  726  760 
 901  685 1157  631  999  624    0  673 1029  999  975  606  689 1190  762  692  646 1170 1027 1056 
 739  867  673 1166 1063 1006  601    0  800  676  644 1132  993  838  737 1191 1042 1093  751  617 
 811  748  615 1043  788  953  763 1029    0  965 1066 1169  687  967  869  654  787  922  732  700 
 964 1171 1100  623  849  942 1018  698  921    0 1168 1053 1061  903 1166  612  629  714  686  950 
1188 1014  787 1148  726  663 1024 1087  917  828    0 1048 1075  869  769  715 1129 1125  999 1160 
1072  644  958  782 1058  688 1027  871  961 1027 1008    0  808  772 1083  687  856  950  620  882 
 968 1091  827  710  893 1098  720  637  850  788  681  619    0  683 1084  730  672  664 1185  650 
1012  722  616 1147  710 1076  662  696  894 1159  868  666 1044    0  842 1074  811  622  612  695 
 924  730  944  830  651  821 1072 1135 1034  986  777 1088 1180 1159    0 1145  856  908 1019  907 
 994 1007 1185 1021  984  946  629  787  755  887  974  872  959  644  673    0  700  987 1037 1135 
 824 1019  754 1135 1101  866 1110 1098  620  813 1095  847  913  861  703  757    0  800  804  634 
1007  650  612  866 1191 1026  631  799 1042  804  862 1014  997  754 1155 1155 1047    0 1059 1086 
 632  681  861 1187  668  713  888  973 1013  828 1085  744  972  949  947  700  957  977    0  915 
1114  770 1042  758 1097  830 1033  623  758  738  997 1061  693  937  606 1065 1159  658  883    0 

0 467 1008
1 588 738
2 347 816
3 281 777
4 682 1097
5 213 1055
6 362 715
7 572 872
8 326 1017
9 518 984
10 442 955
11 697 705
12 685 1025
13 647 762
14 653 1083
15 346 995
16 298 959
17 398 1053
18 617 897
19 254 806

0 18 19500 21946 1794 
0 1 21536 25706 1768 
0 14 21401 23245 2046 
0 11 3081 4847 4244 
0 13 21011 23909 3261 
0 6 9742 12775 4328 
0 11 9237 11821 2122 
0 19 13655 16603 2952 
0 13 17765 20044 3261 
0 4 2664 7117 2751 
0 19 17466 20168 3936 
0 2 7055 9690 3240 
0 10 14782 16936 1718 
0 15 9985 11766 4292 
0 8 20587 22459 2130 
0 4 6607 10678 1834 
0 8 11282 13131 3195 
0 7 19584 22439 2520 
0 19 5384 7267 2952 
0 1 15352 18070 2652 
1 0 21428 22808 1994 
1 11 5952 8723 2022 
1 2 12165 15133 3252 
1 7 1455 5355 3520 
1 19 4558 6521 4228 
1 13 21194 24362 4292 
1 13 12821 16184 4292 
1 8 6104 8808 1580 
1 3 21179 23885 3672 
1 19 20557 23141 4228 
1 18 12798 16264 3126 
1 19 5236 7176 4228 
1 4 5342 7412 3156 
1 0 22623 25336 2991 
1 0 19045 20666 1994 
1 15 3820 5592 4420 
1 12 984 3852 1638 
1 4 15365 17699 1578 
1 10 2770 5954 3255 
2 4 8775 12808 4044 
2 7 19858 21629 1936 
2 0 14281 15638 3333 
2 8 6060 8737 3272 
2 18 18939 20783 4132 
2 5 21026 23617 2706 
2 18 1686 4514 2066 
2 11 1018 4047 4212 
2 15 5067 9599 1836 
3 7 11601 14938 2598 
3 14 18582 20578 3176 
3 13 19280 22516 1770 
3 19 20942 23688 3832 
3 9 3719 7644 3249 
3 0 2657 4495 3268 
3 2 5203 8128 2200 
3 14 18443 20553 3176 
3 18 3525 7317 3976 
4 3 1091 5038 4120 
4 15 7269 11789 3168 
4 0 895 3766 4048 
4 19 18486 20706 2883 
4 5 9178 10812 3384 
4 0 24110 28580 2024 
4 7 20763 22517 3540 
4 9 11430 13834 2775 
4 17 4146 6507 2979 
4 18 2779 5638 3836 
4 6 15062 17913 3018 
4 0 6888 11009 3036 
4 3 4654 8531 2060 
4 17 2589 5681 1986 
4 1 11304 14789 2832 
4 12 6400 9240 3768 
4 9 21602 25723 1850 
4 19 6862 8806 2883 
4 18 1224 4462 1918 
4 2 23473 25616 2628 
4 12 13293 14772 2826 
5 1 21310 23563 2676 
5 18 19020 21190 3792 
5 19 11579 13562 3296 
5 12 674 2326 3436 
5 6 2241 4256 2018 
5 2 6170 8978 3540 
5 4 5120 7290 3748 
5 6 11751 14235 2018 
5 11 3518 5843 3876 
5 12 14865 17639 1718 
5 14 15644 17679 3222 
5 16 22574 24733 1824 
5 10 5614 7545 3580 
5 19 15750 17498 3296 
5 15 338 3234 3279 
5 17 1609 3481 2937 
5 11 6426 8519 1938 
5 18 3839 5733 1896 
6 17 11886 15279 1962 
6 2 17555 20239 2658 
6 13 21186 23566 3876 
6 2 3137 6330 2658 
6 8 23368 27442 2865 
6 0 23087 25943 3208 
6 2 11668 15960 2658 
6 19 20019 23049 1586 
6 5 1093 2615 2352 
6 15 6973 9055 3648 
6 9 14097 16754 3532 
6 10 18433 21835 2110 
6 14 6700 8399 2122 
6 7 21018 22740 3105 
7 10 12934 15432 2064 
7 6 8887 10882 3812 
7 8 11777 14585 1910 
7 10 21957 24050 3096 
7 11 6991 11190 1862 
7 0 17999 19802 2038 
7 1 18363 21076 2787 
7 8 20431 22591 3820 
8 6 19426 21890 1902 
8 13 1230 3608 4328 
8 2 124 1790 3009 
8 7 8854 10932 3081 
8 4 9748 11615 4180 
8 2 22992 24824 4012 
8 10 1746 5722 4200 
8 0 22438 25106 2925 
8 12 10780 13349 3416 
8 11 23047 26390 2679 
8 12 8936 11381 2562 
8 4 19808 21927 3135 
8 10 5186 8010 4200 
8 12 2047 3427 2562 
9 6 18674 22237 2763 
9 18 19212 21578 3219 
9 14 14202 17898 3207 
9 7 2868 5178 3976 
9 7 10261 12285 1988 
9 5 3422 7105 1684 
9 10 11804 15635 3716 
9 10 19354 23079 2787 
9 8 15611 17950 2646 
9 17 10049 12826 1606 
9 10 19322 21704 2787 
9 10 13856 17289 1858 
9 15 9411 11087 1738 
9 12 18907 21803 3696 
9 15 15208 16988 2607 
9 15 3510 4844 2607 
9 0 5669 8715 2796 
9 18 14264 16040 4292 
10 11 7055 9947 4240 
10 5 8948 11308 3285 
10 11 24254 28288 3180 
10 13 10713 12937 3300 
10 16 5922 9692 3696 
10 9 15113 17298 4408 
10 3 11386 15266 3315 
10 6 10057 12524 3880 
10 6 17080 19578 2910 
11 13 12934 15419 3836 
11 7 12976 15467 3776 
11 18 5777 7333 2174 
11 1 3195 5043 3201 
11 1 14446 15759 3201 
11 10 17911 21852 1762 
11 0 9584 13196 3524 
11 3 2875 4728 2547 
11 4 11545 15702 2697 
11 1 10185 12664 4268 
11 7 21825 25256 1888 
11 3 3022 5931 2547 
11 8 13401 16764 2138 
11 10 9724 13443 3524 
11 9 4912 8527 3279 
11 13 13864 15685 2877 
11 13 24249 26565 2877 
11 15 13581 15477 2427 
11 1 6859 8295 4268 
11 13 5156 6908 1918 
11 18 13129 15144 2174 
11 16 9801 11761 2673 
12 13 18486 21163 4204 
12 3 11780 13682 1948 
12 17 11066 12918 3180 
12 8 3691 6700 3222 
12 2 18857 22148 3327 
12 0 5859 9324 3284 
12 6 13897 15913 1780 
12 0 21103 23658 1642 
12 7 6975 8350 2652 
12 5 11716 15613 2799 
12 17 14141 16299 2120 
12 10 15599 17090 2985 
12 15 21971 23467 2460 
12 3 2679 4936 2922 
12 6 3724 5509 2670 
12 18 9254 13946 3270 
12 15 21563 23614 2460 
12 14 2268 5173 1988 
12 13 20475 22715 2102 
12 18 23218 26618 2180 
12 1 19122 22493 3996 
12 13 19775 21434 4204 
12 7 14176 16475 3536 
12 14 18562 21282 1988 
13 3 11546 14069 4084 
13 5 2964 5675 1650 
13 15 18506 21609 4444 
13 0 1399 5153 3054 
13 1 21599 23447 4016 
13 2 9302 10885 1842 
13 3 2693 7005 3063 
13 12 17433 21055 2859 
13 9 2051 4519 4260 
13 0 14304 17218 3054 
13 1 1685 3316 3012 
13 16 18074 20896 3836 
13 3 10811 14401 4084 
13 4 17218 18801 2778 
13 6 6731 8697 4372 
13 6 15543 17317 2186 
13 10 1233 3854 1952 
13 17 18013 20190 3528 
13 4 6750 8773 3704 
13 18 5764 7716 3249 
13 2 11462 13390 1842 
13 1 21437 23047 3012 
13 17 3448 5369 2646 
14 9 23785 26259 3198 
14 16 4620 7316 3318 
14 7 4603 8564 3225 
14 10 20179 22595 3060 
14 2 15690 18569 1738 
14 17 2857 5018 3576 
14 17 9354 12604 1788 
14 9 23697 26221 4264 
14 9 13453 17367 4264 
14 4 18224 20190 3476 
14 8 20531 23664 4232 
15 2 6408 9003 2114 
15 13 9006 10622 4176 
15 1 918 2932 4384 
15 13 19755 21815 2088 
15 2 9804 13690 4228 
15 0 15338 17475 3516 
15 17 21176 23406 1582 
15 6 14917 16376 1752 
15 19 2780 6412 1604 
15 3 118 2895 3165 
15 19 19953 22642 2406 
15 18 11347 14468 2046 
15 3 630 3325 2110 
16 12 4820 7887 3240 
16 12 23104 26600 3240 
16 10 21661 23872 3748 
16 5 1797 4646 2604 
16 18 21475 23959 1628 
16 2 12158 15060 1924 
16 18 5283 7284 3256 
16 15 9115 11529 2901 
16 6 21703 24666 1692 
16 5 8720 12071 2604 
16 8 20223 22417 1774 
16 15 13294 15451 3868 
16 11 5174 7638 3384 
16 3 14299 18782 2176 
16 15 8661 11477 3868 
16 7 4752 8529 1728 
16 17 11936 14128 2700 
16 12 7065 9420 1620 
16 2 5167 7436 2886 
16 3 14879 18068 4352 
16 19 23315 24842 1778 
16 0 776 2662 2120 
17 16 2919 6279 1676 
17 14 21394 25898 3021 
17 11 3084 5527 3078 
17 4 3145 7444 3532 
17 7 375 2364 3444 
17 15 19628 22122 2130 
17 5 3739 6078 3300 
17 7 19547 22295 2583 
17 11 1013 3324 3078 
17 14 8607 12903 3021 
17 18 14832 18506 2148 
17 9 14442 17609 4304 
17 4 13270 17414 1766 
17 7 6009 8469 1722 
17 1 20304 22182 2048 
17 14 6188 8971 4028 
17 12 18042 20634 3604 
17 7 13563 15760 1722 
17 15 21117 24454 4260 
17 6 20742 22243 3340 
18 13 6119 9896 3330 
18 9 14975 16771 2805 
18 9 17194 19206 3740 
18 13 18031 20166 2220 
18 5 5693 8252 2355 
18 14 4066 7333 3036 
18 17 5724 9553 2595 
18 10 309 4388 2168 
18 13 17358 20745 2220 
19 2 19659 22920 1822 
19 12 9581 11750 2006 
19 5 13550 15649 1946 
19 18 10454 12387 2442 
19 12 22861 24482 2006 
19 18 506 2501 1628 
19 7 13171 14740 2565 
19 1 11086 12910 3213 
19 14 23077 24385 2466 
19 18 17617 20619 2442 
19 13 20644 24335 1644 
19 13 10056 12782 2466 
19 11 10503 14311 1640 
19 2 13821 16373 2733 
19 4 19164 21401 1574 
19 18 19408 22092 2442 
19 10 24102 26345 1702 
19 5 1401 3069 2919 
19 6 4838 8288 2520 
19 9 985 3353 3768 
19 13 6720 10449 1644 
19 7 3975 5856 2565 
19 3 18353 20422 2166 
19 18 1611 3659 2442 

0 1 0 4877
0 1 1 4877
0 1 2 0
0 1 3 0
0 1 4 0
0 2 0 3315
0 2 1 3315
0 2 2 0
0 2 3 0
0 2 4 0
0 3 0 3546
0 3 1 3546
0 3 2 0
0 3 3 0
0 3 4 0
0 4 0 0
0 4 1 0
0 4 2 0
0 4 3 0
0 4 4 0
0 5 0 3336
0 5 1 3336
0 5 2 3336
0 5 3 0
0 5 4 0
0 6 0 0
0 6 1 0
0 6 2 0
0 6 3 0
0 6 4 0
0 7 0 4091
0 7 1 4091
0 7 2 0
0 7 3 0
0 7 4 0
0 8 0 0
0 8 1 0
0 8 2 0
0 8 3 0
0 8 4 0
0 9 0 0
0 9 1 0
0 9 2 0
0 9 3 0
0 9 4 0
0 10 0 0
0 10 1 0
0 10 2 0
0 10 3 0
0 10 4 0
0 11 0 0
0 11 1 0
0 11 2 0
0 11 3 0
0 11 4 0
0 12 0 0
0 12 1 0
0 12 2 0
0 12 3 0
0 12 4 0
0 13 0 0
0 13 1 0
0 13 2 0
0 13 3 0
0 13 4 0
0 14 0 3330
0 14 1 3330
0 14 2 3330
0 14 3 0
0 14 4 0
0 15 0 0
0 15 1 0
0 15 2 0
0 15 3 0
0 15 4 0
0 16 0 0
0 16 1 0
0 16 2 0
0 16 3 0
0 16 4 0
0 17 0 3720
0 17 1 3720
0 17 2 3720
0 17 3 0
0 17 4 0
0 18 0 0
0 18 1 0
0 18 2 0
0 18 3 0
0 18 4 0
0 19 0 3634
0 19 1 3634
0 19 2 3634
0 19 3 0
0 19 4 0
1 0 0 3570
1 0 1 3570
1 0 2 0
1 0 3 0
1 0 4 0
1 2 0 4193
1 2 1 4193
1 2 2 4193
1 2 3 0
1 2 4 0
1 3 0 0
1 3 1 0
1 3 2 0
1 3 3 0
1 3 4 0
1 4 0 4380
1 4 1 4380
1 4 2 4380
1 4 3 0
1 4 4 0
1 5 0 3558
1 5 1 3558
1 5 2 3558
1 5 3 0
1 5 4 0
1 6 0 0
1 6 1 0
1 6 2 0
1 6 3 0
1 6 4 0
1 7 0 0
1 7 1 0
1 7 2 0
1 7 3 0
1 7 4 0
1 8 0 0
1 8 1 0
1 8 2 0
1 8 3 0
1 8 4 0
1 9 0 4097
1 9 1 4097
1 9 2 4097
1 9 3 0
1 9 4 0
1 10 0 0
1 10 1 0
1 10 2 0
1 10 3 0
1 10 4 0
1 11 0 0
1 11 1 0
1 11 2 0
1 11 3 0
1 11 4 0
1 12 0 0
1 12 1 0
1 12 2 0
1 12 3 0
1 12 4 0
1 13 0 0
1 13 1 0
1 13 2 0
1 13 3 0
1 13 4 0
1 14 0 4739
1 14 1 4739
1 14 2 0
1 14 3 0
1 14 4 0
1 15 0 3557
1 15 1 3557
1 15 2 3557
1 15 3 0
1 15 4 0
1 16 0 3786
1 16 1 3786
1 16 2 0
1 16 3 0
1 16 4 0
1 17 0 0
1 17 1 0
1 17 2 0
1 17 3 0
1 17 4 0
1 18 0 3834
1 18 1 3834
1 18 2 3834
1 18 3 0
1 18 4 0
1 19 0 3220
1 19 1 3220
1 19 2 3220
1 19 3 0
1 19 4 0
2 0 0 0
2 0 1 0
2 0 2 0
2 0 3 0
2 0 4 0
2 1 0 0
2 1 1 0
2 1 2 0
2 1 3 0
2 1 4 0
2 3 0 3546
2 3 1 3546
2 3 2 3546
2 3 3 0
2 3 4 0
2 4 0 3451
2 4 1 3451
2 4 2 0
2 4 3 0
2 4 4 0
2 5 0 3128
2 5 1 3128
2 5 2 0
2 5 3 0
2 5 4 0
2 6 0 4465
2 6 1 4465
2 6 2 0
2 6 3 0
2 6 4 0
2 7 0 3859
2 7 1 3859
2 7 2 0
2 7 3 0
2 7 4 0
2 8 0 0
2 8 1 0
2 8 2 0
2 8 3 0
2 8 4 0
2 9 0 0
2 9 1 0
2 9 2 0
2 9 3 0
2 9 4 0
2 10 0 3357
2 10 1 3357
2 10 2 3357
2 10 3 0
2 10 4 0
2 11 0 3012
2 11 1 3012
2 11 2 3012
2 11 3 0
2 11 4 0
2 12 0 0
2 12 1 0
2 12 2 0
2 12 3 0
2 12 4 0
2 13 0 0
2 13 1 0
2 13 2 0
2 13 3 0
2 13 4 0
2 14 0 0
2 14 1 0
2 14 2 0
2 14 3 0
2 14 4 0
2 15 0 0
2 15 1 0
2 15 2 0
2 15 3 0
2 15 4 0
2 16 0 4946
2 16 1 4946
2 16 2 0
2 16 3 0
2 16 4 0
2 17 0 4806
2 17 1 4806
2 17 2 0
2 17 3 0
2 17 4 0
2 18 0 3290
2 18 1 3290
2 18 2 0
2 18 3 0
2 18 4 0
2 19 0 0
2 19 1 0
2 19 2 0
2 19 3 0
2 19 4 0
3 0 0 0
3 0 1 0
3 0 2 0
3 0 3 0
3 0 4 0
3 1 0 0
3 1 1 0
3 1 2 0
3 1 3 0
3 1 4 0
3 2 0 0
3 2 1 0
3 2 2 0
3 2 3 0
3 2 4 0
3 4 0 0
3 4 1 0
3 4 2 0
3 4 3 0
3 4 4 0
3 5 0 0
3 5 1 0
3 5 2 0
3 5 3 0
3 5 4 0
3 6 0 0
3 6 1 0
3 6 2 0
3 6 3 0
3 6 4 0
3 7 0 0
3 7 1 0
3 7 2 0
3 7 3 0
3 7 4 0
3 8 0 0
3 8 1 0
3 8 2 0
3 8 3 0
3 8 4 0
3 9 0 0
3 9 1 0
3 9 2 0
3 9 3 0
3 9 4 0
3 10 0 0
3 10 1 0
3 10 2 0
3 10 3 0
3 10 4 0
3 11 0 3545
3 11 1 3545
3 11 2 0
3 11 3 0
3 11 4 0
3 12 0 0
3 12 1 0
3 12 2 0
3 12 3 0
3 12 4 0
3 13 0 0
3 13 1 0
3 13 2 0
3 13 3 0
3 13 4 0
3 14 0 0
3 14 1 0
3 14 2 0
3 14 3 0
3 14 4 0
3 15 0 4597
3 15 1 4597
3 15 2 4597
3 15 3 0
3 15 4 0
3 16 0 0
3 16 1 0
3 16 2 0
3 16 3 0
3 16 4 0
3 17 0 0
3 17 1 0
3 17 2 0
3 17 3 0
3 17 4 0
3 18 0 0
3 18 1 0
3 18 2 0
3 18 3 0
3 18 4 0
3 19 0 0
3 19 1 0
3 19 2 0
3 19 3 0
3 19 4 0
4 0 0 0
4 0 1 0
4 0 2 0
4 0 3 0
4 0 4 0
4 1 0 0
4 1 1 0
4 1 2 0
4 1 3 0
4 1 4 0
4 2 0 0
4 2 1 0
4 2 2 0
4 2 3 0
4 2 4 0
4 3 0 0
4 3 1 0
4 3 2 0
4 3 3 0
4 3 4 0
4 5 0 4790
4 5 1 4790
4 5 2 4790
4 5 3 0
4 5 4 0
4 6 0 0
4 6 1 0
4 6 2 0
4 6 3 0
4 6 4 0
4 7 0 0
4 7 1 0
4 7 2 0
4 7 3 0
4 7 4 0
4 8 0 4457
4 8 1 4457
4 8 2 0
4 8 3 0
4 8 4 0
4 9 0 0
4 9 1 0
4 9 2 0
4 9 3 0
4 9 4 0
4 10 0 0
4 10 1 0
4 10 2 0
4 10 3 0
4 10 4 0
4 11 0 3703
4 11 1 3703
4 11 2 3703
4 11 3 0
4 11 4 0
4 12 0 3088
4 12 1 3088
4 12 2 3088
4 12 3 0
4 12 4 0
4 13 0 0
4 13 1 0
4 13 2 0
4 13 3 0
4 13 4 0
4 14 0 0
4 14 1 0
4 14 2 0
4 14 3 0
4 14 4 0
4 15 0 4676
4 15 1 4676
4 15 2 4676
4 15 3 0
4 15 4 0
4 16 0 0
4 16 1 0
4 16 2 0
4 16 3 0
4 16 4 0
4 17 0 0
4 17 1 0
4 17 2 0
4 17 3 0
4 17 4 0
4 18 0 0
4 18 1 0
4 18 2 0
4 18 3 0
4 18 4 0
4 19 0 0
4 19 1 0
4 19 2 0
4 19 3 0
4 19 4 0
5 0 0 0
5 0 1 0
5 0 2 0
5 0 3 0
5 0 4 0
5 1 0 4299
5 1 1 4299
5 1 2 0
5 1 3 0
5 1 4 0
5 2 0 0
5 2 1 0
5 2 2 0
5 2 3 0
5 2 4 0
5 3 0 3902
5 3 1 3902
5 3 2 3902
5 3 3 0
5 3 4 0
5 4 0 0
5 4 1 0
5 4 2 0
5 4 3 0
5 4 4 0
5 6 0 0
5 6 1 0
5 6 2 0
5 6 3 0
5 6 4 0
5 7 0 0
5 7 1 0
5 7 2 0
5 7 3 0
5 7 4 0
5 8 0 0
5 8 1 0
5 8 2 0
5 8 3 0
5 8 4 0
5 9 0 4280
5 9 1 4280
5 9 2 4280
5 9 3 0
5 9 4 0
5 10 0 0
5 10 1 0
5 10 2 0
5 10 3 0
5 10 4 0
5 11 0 0
5 11 1 0
5 11 2 0
5 11 3 0
5 11 4 0
5 12 0 4468
5 12 1 4468
5 12 2 0
5 12 3 0
5 12 4 0
5 13 0 0
5 13 1 0
5 13 2 0
5 13 3 0
5 13 4 0
5 14 0 0
5 14 1 0
5 14 2 0
5 14 3 0
5 14 4 0
5 15 0 0
5 15 1 0
5 15 2 0
5 15 3 0
5 15 4 0
5 16 0 0
5 16 1 0
5 16 2 0
5 16 3 0
5 16 4 0
5 17 0 3287
5 17 1 3287
5 17 2 0
5 17 3 0
5 17 4 0
5 18 0 0
5 18 1 0
5 18 2 0
5 18 3 0
5 18 4 0
5 19 0 0
5 19 1 0
5 19 2 0
5 19 3 0
5 19 4 0
6 0 0 0
6 0 1 0
6 0 2 0
6 0 3 0
6 0 4 0
6 1 0 3406
6 1 1 3406
6 1 2 3406
6 1 3 0
6 1 4 0
6 2 0 0
6 2 1 0
6 2 2 0
6 2 3 0
6 2 4 0
6 3 0 0
6 3 1 0
6 3 2 0
6 3 3 0
6 3 4 0
6 4 0 0
6 4 1 0
6 4 2 0
6 4 3 0
6 4 4 0
6 5 0 4849
6 5 1 4849
6 5 2 0
6 5 3 0
6 5 4 0
6 7 0 0
6 7 1 0
6 7 2 0
6 7 3 0
6 7 4 0
6 8 0 0
6 8 1 0
6 8 2 0
6 8 3 0
6 8 4 0
6 9 0 4316
6 9 1 4316
6 9 2 4316
6 9 3 0
6 9 4 0
6 10 0 3434
6 10 1 3434
6 10 2 0
6 10 3 0
6 10 4 0
6 11 0 4044
6 11 1 4044
6 11 2 0
6 11 3 0
6 11 4 0
6 12 0 0
6 12 1 0
6 12 2 0
6 12 3 0
6 12 4 0
6 13 0 3572
6 13 1 3572
6 13 2 3572
6 13 3 0
6 13 4 0
6 14 0 0
6 14 1 0
6 14 2 0
6 14 3 0
6 14 4 0
6 15 0 3291
6 15 1 3291
6 15 2 3291
6 15 3 0
6 15 4 0
6 16 0 0
6 16 1 0
6 16 2 0
6 16 3 0
6 16 4 0
6 17 0 3586
6 17 1 3586
6 17 2 3586
6 17 3 0
6 17 4 0
6 18 0 3355
6 18 1 3355
6 18 2 0
6 18 3 0
6 18 4 0
6 19 0 4876
6 19 1 4876
6 19 2 4876
6 19 3 0
6 19 4 0
7 0 0 0
7 0 1 0
7 0 2 0
7 0 3 0
7 0 4 0
7 1 0 0
7 1 1 0
7 1 2 0
7 1 3 0
7 1 4 0
7 2 0 0
7 2 1 0
7 2 2 0
7 2 3 0
7 2 4 0
7 3 0 0
7 3 1 0
7 3 2 0
7 3 3 0
7 3 4 0
7 4 0 0
7 4 1 0
7 4 2 0
7 4 3 0
7 4 4 0
7 5 0 0
7 5 1 0
7 5 2 0
7 5 3 0
7 5 4 0
7 6 0 3405
7 6 1 3405
7 6 2 3405
7 6 3 0
7 6 4 0
7 8 0 0
7 8 1 0
7 8 2 0
7 8 3 0
7 8 4 0
7 9 0 0
7 9 1 0
7 9 2 0
7 9 3 0
7 9 4 0
7 10 0 0
7 10 1 0
7 10 2 0
7 10 3 0
7 10 4 0
7 11 0 3726
7 11 1 3726
7 11 2 0
7 11 3 0
7 11 4 0
7 12 0 0
7 12 1 0
7 12 2 0
7 12 3 0
7 12 4 0
7 13 0 3923
7 13 1 3923
7 13 2 3923
7 13 3 0
7 13 4 0
7 14 0 0
7 14 1 0
7 14 2 0
7 14 3 0
7 14 4 0
7 15 0 0
7 15 1 0
7 15 2 0
7 15 3 0
7 15 4 0
7 16 0 0
7 16 1 0
7 16 2 0
7 16 3 0
7 16 4 0
7 17 0 4818
7 17 1 4818
7 17 2 4818
7 17 3 0
7 17 4 0
7 18 0 0
7 18 1 0
7 18 2 0
7 18 3 0
7 18 4 0
7 19 0 0
7 19 1 0
7 19 2 0
7 19 3 0
7 19 4 0
8 0 0 0
8 0 1 0
8 0 2 0
8 0 3 0
8 0 4 0
8 1 0 0
8 1 1 0
8 1 2 0
8 1 3 0
8 1 4 0
8 2 0 3429
8 2 1 3429
8 2 2 0
8 2 3 0
8 2 4 0
8 3 0 0
8 3 1 0
8 3 2 0
8 3 3 0
8 3 4 0
8 4 0 3637
8 4 1 3637
8 4 2 0
8 4 3 0
8 4 4 0
8 5 0 0
8 5 1 0
8 5 2 0
8 5 3 0
8 5 4 0
8 6 0 0
8 6 1 0
8 6 2 0
8 6 3 0
8 6 4 0
8 7 0 0
8 7 1 0
8 7 2 0
8 7 3 0
8 7 4 0
8 9 0 3543
8 9 1 3543
8 9 2 0
8 9 3 0
8 9 4 0
8 10 0 3032
8 10 1 3032
8 10 2 3032
8 10 3 0
8 10 4 0
8 11 0 0
8 11 1 0
8 11 2 0
8 11 3 0
8 11 4 0
8 12 0 4874
8 12 1 4874
8 12 2 0
8 12 3 0
8 12 4 0
8 13 0 0
8 13 1 0
8 13 2 0
8 13 3 0
8 13 4 0
8 14 0 0
8 14 1 0
8 14 2 0
8 14 3 0
8 14 4 0
8 15 0 0
8 15 1 0
8 15 2 0
8 15 3 0
8 15 4 0
8 16 0 0
8 16 1 0
8 16 2 0
8 16 3 0
8 16 4 0
8 17 0 0
8 17 1 0
8 17 2 0
8 17 3 0
8 17 4 0
8 18 0 0
8 18 1 0
8 18 2 0
8 18 3 0
8 18 4 0
8 19 0 0
8 19 1 0
8 19 2 0
8 19 3 0
8 19 4 0
9 0 0 0
9 0 1 0
9 0 2 0
9 0 3 0
9 0 4 0
9 1 0 0
9 1 1 0
9 1 2 0
9 1 3 0
9 1 4 0
9 2 0 0
9 2 1 0
9 2 2 0
9 2 3 0
9 2 4 0
9 3 0 0
9 3 1 0
9 3 2 0
9 3 3 0
9 3 4 0
9 4 0 0
9 4 1 0
9 4 2 0
9 4 3 0
9 4 4 0
9 5 0 0
9 5 1 0
9 5 2 0
9 5 3 0
9 5 4 0
9 6 0 0
9 6 1 0
9 6 2 0
9 6 3 0
9 6 4 0
9 7 0 0
9 7 1 0
9 7 2 0
9 7 3 0
9 7 4 0
9 8 0 0
9 8 1 0
9 8 2 0
9 8 3 0
9 8 4 0
9 10 0 3909
9 10 1 3909
9 10 2 0
9 10 3 0
9 10 4 0
9 11 0 0
9 11 1 0
9 11 2 0
9 11 3 0
9 11 4 0
9 12 0 0
9 12 1 0
9 12 2 0
9 12 3 0
9 12 4 0
9 13 0 3025
9 13 1 3025
9 13 2 3025
9 13 3 0
9 13 4 0
9 14 0 0
9 14 1 0
9 14 2 0
9 14 3 0
9 14 4 0
9 15 0 0
9 15 1 0
9 15 2 0
9 15 3 0
9 15 4 0
9 16 0 0
9 16 1 0
9 16 2 0
9 16 3 0
9 16 4 0
9 17 0 0
9 17 1 0
9 17 2 0
9 17 3 0
9 17 4 0
9 18 0 0
9 18 1 0
9 18 2 0
9 18 3 0
9 18 4 0
9 19 0 3722
9 19 1 3722
9 19 2 0
9 19 3 0
9 19 4 0
10 0 0 3707
10 0 1 3707
10 0 2 0
10 0 3 0
10 0 4 0
10 1 0 0
10 1 1 0
10 1 2 0
10 1 3 0
10 1 4 0
10 2 0 0
10 2 1 0
10 2 2 0
10 2 3 0
10 2 4 0
10 3 0 3673
10 3 1 3673
10 3 2 0
10 3 3 0
10 3 4 0
10 4 0 0
10 4 1 0
10 4 2 0
10 4 3 0
10 4 4 0
10 5 0 0
10 5 1 0
10 5 2 0
10 5 3 0
10 5 4 0
10 6 0 0
10 6 1 0
10 6 2 0
10 6 3 0
10 6 4 0
10 7 0 3888
10 7 1 3888
10 7 2 3888
10 7 3 0
10 7 4 0
10 8 0 3403
10 8 1 3403
10 8 2 0
10 8 3 0
10 8 4 0
10 9 0 0
10 9 1 0
10 9 2 0
10 9 3 0
10 9 4 0
10 11 0 0
10 11 1 0
10 11 2 0
10 11 3 0
10 11 4 0
10 12 0 0
10 12 1 0
10 12 2 0
10 12 3 0
10 12 4 0
10 13 0 0
10 13 1 0
10 13 2 0
10 13 3 0
10 13 4 0
10 14 0 3263
10 14 1 3263
10 14 2 0
10 14 3 0
10 14 4 0
10 15 0 0
10 15 1 0
10 15 2 0
10 15 3 0
10 15 4 0
10 16 0 0
10 16 1 0
10 16 2 0
10 16 3 0
10 16 4 0
10 17 0 0
10 17 1 0
10 17 2 0
10 17 3 0
10 17 4 0
10 18 0 0
10 18 1 0
10 18 2 0
10 18 3 0
10 18 4 0
10 19 0 4770
10 19 1 4770
10 19 2 0
10 19 3 0
10 19 4 0
11 0 0 4133
11 0 1 4133
11 0 2 0
11 0 3 0
11 0 4 0
11 1 0 0
11 1 1 0
11 1 2 0
11 1 3 0
11 1 4 0
11 2 0 0
11 2 1 0
11 2 2 0
11 2 3 0
11 2 4 0
11 3 0 0
11 3 1 0
11 3 2 0
11 3 3 0
11 3 4 0
11 4 0 4531
11 4 1 4531
11 4 2 0
11 4 3 0
11 4 4 0
11 5 0 0
11 5 1 0
11 5 2 0
11 5 3 0
11 5 4 0
11 6 0 0
11 6 1 0
11 6 2 0
11 6 3 0
11 6 4 0
11 7 0 3732
11 7 1 3732
11 7 2 0
11 7 3 0
11 7 4 0
11 8 0 3005
11 8 1 3005
11 8 2 3005
11 8 3 0
11 8 4 0
11 9 0 0
11 9 1 0
11 9 2 0
11 9 3 0
11 9 4 0
11 10 0 4978
11 10 1 4978
11 10 2 0
11 10 3 0
11 10 4 0
11 12 0 0
11 12 1 0
11 12 2 0
11 12 3 0
11 12 4 0
11 13 0 0
11 13 1 0
11 13 2 0
11 13 3 0
11 13 4 0
11 14 0 3678
11 14 1 3678
11 14 2 3678
11 14 3 0
11 14 4 0
11 15 0 0
11 15 1 0
11 15 2 0
11 15 3 0
11 15 4 0
11 16 0 4545
11 16 1 4545
11 16 2 0
11 16 3 0
11 16 4 0
11 17 0 0
11 17 1 0
11 17 2 0
11 17 3 0
11 17 4 0
11 18 0 0
11 18 1 0
11 18 2 0
11 18 3 0
11 18 4 0
11 19 0 0
11 19 1 0
11 19 2 0
11 19 3 0
11 19 4 0
12 0 0 0
12 0 1 0
12 0 2 0
12 0 3 0
12 0 4 0
12 1 0 0
12 1 1 0
12 1 2 0
12 1 3 0
12 1 4 0
12 2 0 0
12 2 1 0
12 2 2 0
12 2 3 0
12 2 4 0
12 3 0 3785
12 3 1 3785
12 3 2 3785
12 3 3 0
12 3 4 0
12 4 0 0
12 4 1 0
12 4 2 0
12 4 3 0
12 4 4 0
12 5 0 0
12 5 1 0
12 5 2 0
12 5 3 0
12 5 4 0
12 6 0 4154
12 6 1 4154
12 6 2 4154
12 6 3 0
12 6 4 0
12 7 0 4152
12 7 1 4152
12 7 2 4152
12 7 3 0
12 7 4 0
12 8 0 3189
12 8 1 3189
12 8 2 0
12 8 3 0
12 8 4 0
12 9 0 4209
12 9 1 4209
12 9 2 4209
12 9 3 0
12 9 4 0
12 10 0 0
12 10 1 0
12 10 2 0
12 10 3 0
12 10 4 0
12 11 0 0
12 11 1 0
12 11 2 0
12 11 3 0
12 11 4 0
12 13 0 0
12 13 1 0
12 13 2 0
12 13 3 0
12 13 4 0
12 14 0 3590
12 14 1 3590
12 14 2 3590
12 14 3 0
12 14 4 0
12 15 0 0
12 15 1 0
12 15 2 0
12 15 3 0
12 15 4 0
12 16 0 0
12 16 1 0
12 16 2 0
12 16 3 0
12 16 4 0
12 17 0 3072
12 17 1 3072
12 17 2 3072
12 17 3 0
12 17 4 0
12 18 0 0
12 18 1 0
12 18 2 0
12 18 3 0
12 18 4 0
12 19 0 0
12 19 1 0
12 19 2 0
12 19 3 0
12 19 4 0
13 0 0 3695
13 0 1 3695
13 0 2 0
13 0 3 0
13 0 4 0
13 1 0 0
13 1 1 0
13 1 2 0
13 1 3 0
13 1 4 0
13 2 0 0
13 2 1 0
13 2 2 0
13 2 3 0
13 2 4 0
13 3 0 3130
13 3 1 3130
13 3 2 3130
13 3 3 0
13 3 4 0
13 4 0 0
13 4 1 0
13 4 2 0
13 4 3 0
13 4 4 0
13 5 0 4405
13 5 1 4405
13 5 2 4405
13 5 3 0
13 5 4 0
13 6 0 0
13 6 1 0
13 6 2 0
13 6 3 0
13 6 4 0
13 7 0 0
13 7 1 0
13 7 2 0
13 7 3 0
13 7 4 0
13 8 0 0
13 8 1 0
13 8 2 0
13 8 3 0
13 8 4 0
13 9 0 3280
13 9 1 3280
13 9 2 0
13 9 3 0
13 9 4 0
13 10 0 0
13 10 1 0
13 10 2 0
13 10 3 0
13 10 4 0
13 11 0 0
13 11 1 0
13 11 2 0
13 11 3 0
13 11 4 0
13 12 0 3875
13 12 1 3875
13 12 2 3875
13 12 3 0
13 12 4 0
13 14 0 3367
13 14 1 3367
13 14 2 0
13 14 3 0
13 14 4 0
13 15 0 0
13 15 1 0
13 15 2 0
13 15 3 0
13 15 4 0
13 16 0 3162
13 16 1 3162
13 16 2 0
13 16 3 0
13 16 4 0
13 17 0 0
13 17 1 0
13 17 2 0
13 17 3 0
13 17 4 0
13 18 0 3123
13 18 1 3123
13 18 2 0
13 18 3 0
13 18 4 0
13 19 0 3669
13 19 1 3669
13 19 2 0
13 19 3 0
13 19 4 0
14 0 0 0
14 0 1 0
14 0 2 0
14 0 3 0
14 0 4 0
14 1 0 0
14 1 1 0
14 1 2 0
14 1 3 0
14 1 4 0
14 2 0 0
14 2 1 0
14 2 2 0
14 2 3 0
14 2 4 0
14 3 0 0
14 3 1 0
14 3 2 0
14 3 3 0
14 3 4 0
14 4 0 0
14 4 1 0
14 4 2 0
14 4 3 0
14 4 4 0
14 5 0 0
14 5 1 0
14 5 2 0
14 5 3 0
14 5 4 0
14 6 0 0
14 6 1 0
14 6 2 0
14 6 3 0
14 6 4 0
14 7 0 0
14 7 1 0
14 7 2 0
14 7 3 0
14 7 4 0
14 8 0 0
14 8 1 0
14 8 2 0
14 8 3 0
14 8 4 0
14 9 0 3460
14 9 1 3460
14 9 2 0
14 9 3 0
14 9 4 0
14 10 0 3280
14 10 1 3280
14 10 2 3280
14 10 3 0
14 10 4 0
14 11 0 4532
14 11 1 4532
14 11 2 0
14 11 3 0
14 11 4 0
14 12 0 0
14 12 1 0
14 12 2 0
14 12 3 0
14 12 4 0
14 13 0 0
14 13 1 0
14 13 2 0
14 13 3 0
14 13 4 0
14 15 0 0
14 15 1 0
14 15 2 0
14 15 3 0
14 15 4 0
14 16 0 0
14 16 1 0
14 16 2 0
14 16 3 0
14 16 4 0
14 17 0 0
14 17 1 0
14 17 2 0
14 17 3 0
14 17 4 0
14 18 0 0
14 18 1 0
14 18 2 0
14 18 3 0
14 18 4 0
14 19 0 3034
14 19 1 3034
14 19 2 3034
14 19 3 0
14 19 4 0
15 0 0 0
15 0 1 0
15 0 2 0
15 0 3 0
15 0 4 0
15 1 0 3470
15 1 1 3470
15 1 2 3470
15 1 3 0
15 1 4 0
15 2 0 3563
15 2 1 3563
15 2 2 0
15 2 3 0
15 2 4 0
15 3 0 0
15 3 1 0
15 3 2 0
15 3 3 0
15 3 4 0
15 4 0 0
15 4 1 0
15 4 2 0
15 4 3 0
15 4 4 0
15 5 0 0
15 5 1 0
15 5 2 0
15 5 3 0
15 5 4 0
15 6 0 0
15 6 1 0
15 6 2 0
15 6 3 0
15 6 4 0
15 7 0 0
15 7 1 0
15 7 2 0
15 7 3 0
15 7 4 0
15 8 0 0
15 8 1 0
15 8 2 0
15 8 3 0
15 8 4 0
15 9 0 0
15 9 1 0
15 9 2 0
15 9 3 0
15 9 4 0
15 10 0 4619
15 10 1 4619
15 10 2 0
15 10 3 0
15 10 4 0
15 11 0 0
15 11 1 0
15 11 2 0
15 11 3 0
15 11 4 0
15 12 0 0
15 12 1 0
15 12 2 0
15 12 3 0
15 12 4 0
15 13 0 0
15 13 1 0
15 13 2 0
15 13 3 0
15 13 4 0
15 14 0 0
15 14 1 0
15 14 2 0
15 14 3 0
15 14 4 0
15 16 0 0
15 16 1 0
15 16 2 0
15 16 3 0
15 16 4 0
15 17 0 0
15 17 1 0
15 17 2 0
15 17 3 0
15 17 4 0
15 18 0 3313
15 18 1 3313
15 18 2 0
15 18 3 0
15 18 4 0
15 19 0 4019
15 19 1 4019
15 19 2 0
15 19 3 0
15 19 4 0
16 0 0 0
16 0 1 0
16 0 2 0
16 0 3 0
16 0 4 0
16 1 0 0
16 1 1 0
16 1 2 0
16 1 3 0
16 1 4 0
16 2 0 0
16 2 1 0
16 2 2 0
16 2 3 0
16 2 4 0
16 3 0 0
16 3 1 0
16 3 2 0
16 3 3 0
16 3 4 0
16 4 0 0
16 4 1 0
16 4 2 0
16 4 3 0
16 4 4 0
16 5 0 0
16 5 1 0
16 5 2 0
16 5 3 0
16 5 4 0
16 6 0 0
16 6 1 0
16 6 2 0
16 6 3 0
16 6 4 0
16 7 0 0
16 7 1 0
16 7 2 0
16 7 3 0
16 7 4 0
16 8 0 0
16 8 1 0
16 8 2 0
16 8 3 0
16 8 4 0
16 9 0 0
16 9 1 0
16 9 2 0
16 9 3 0
16 9 4 0
16 10 0 0
16 10 1 0
16 10 2 0
16 10 3 0
16 10 4 0
16 11 0 0
16 11 1 0
16 11 2 0
16 11 3 0
16 11 4 0
16 12 0 0
16 12 1 0
16 12 2 0
16 12 3 0
16 12 4 0
16 13 0 0
16 13 1 0
16 13 2 0
16 13 3 0
16 13 4 0
16 14 0 3511
16 14 1 3511
16 14 2 3511
16 14 3 0
16 14 4 0
16 15 0 3127
16 15 1 3127
16 15 2 3127
16 15 3 0
16 15 4 0
16 17 0 0
16 17 1 0
16 17 2 0
16 17 3 0
16 17 4 0
16 18 0 0
16 18 1 0
16 18 2 0
16 18 3 0
16 18 4 0
16 19 0 0
16 19 1 0
16 19 2 0
16 19 3 0
16 19 4 0
17 0 0 0
17 0 1 0
17 0 2 0
17 0 3 0
17 0 4 0
17 1 0 0
17 1 1 0
17 1 2 0
17 1 3 0
17 1 4 0
17 2 0 0
17 2 1 0
17 2 2 0
17 2 3 0
17 2 4 0
17 3 0 0
17 3 1 0
17 3 2 0
17 3 3 0
17 3 4 0
17 4 0 0
17 4 1 0
17 4 2 0
17 4 3 0
17 4 4 0
17 5 0 0
17 5 1 0
17 5 2 0
17 5 3 0
17 5 4 0
17 6 0 0
17 6 1 0
17 6 2 0
17 6 3 0
17 6 4 0
17 7 0 0
17 7 1 0
17 7 2 0
17 7 3 0
17 7 4 0
17 8 0 3314
17 8 1 3314
17 8 2 3314
17 8 3 0
17 8 4 0
17 9 0 0
17 9 1 0
17 9 2 0
17 9 3 0
17 9 4 0
17 10 0 0
17 10 1 0
17 10 2 0
17 10 3 0
17 10 4 0
17 11 0 0
17 11 1 0
17 11 2 0
17 11 3 0
17 11 4 0
17 12 0 0
17 12 1 0
17 12 2 0
17 12 3 0
17 12 4 0
17 13 0 0
17 13 1 0
17 13 2 0
17 13 3 0
17 13 4 0
17 14 0 0
17 14 1 0
17 14 2 0
17 14 3 0
17 14 4 0
17 15 0 3591
17 15 1 3591
17 15 2 3591
17 15 3 0
17 15 4 0
17 16 0 0
17 16 1 0
17 16 2 0
17 16 3 0
17 16 4 0
17 18 0 3827
17 18 1 3827
17 18 2 0
17 18 3 0
17 18 4 0
17 19 0 3132
17 19 1 3132
17 19 2 3132
17 19 3 0
17 19 4 0
18 0 0 0
18 0 1 0
18 0 2 0
18 0 3 0
18 0 4 0
18 1 0 4839
18 1 1 4839
18 1 2 4839
18 1 3 0
18 1 4 0
18 2 0 0
18 2 1 0
18 2 2 0
18 2 3 0
18 2 4 0
18 3 0 0
18 3 1 0
18 3 2 0
18 3 3 0
18 3 4 0
18 4 0 3104
18 4 1 3104
18 4 2 3104
18 4 3 0
18 4 4 0
18 5 0 0
18 5 1 0
18 5 2 0
18 5 3 0
18 5 4 0
18 6 0 0
18 6 1 0
18 6 2 0
18 6 3 0
18 6 4 0
18 7 0 0
18 7 1 0
18 7 2 0
18 7 3 0
18 7 4 0
18 8 0 0
18 8 1 0
18 8 2 0
18 8 3 0
18 8 4 0
18 9 0 0
18 9 1 0
18 9 2 0
18 9 3 0
18 9 4 0
18 10 0 3549
18 10 1 3549
18 10 2 3549
18 10 3 0
18 10 4 0
18 11 0 3071
18 11 1 3071
18 11 2 0
18 11 3 0
18 11 4 0
18 12 0 0
18 12 1 0
18 12 2 0
18 12 3 0
18 12 4 0
18 13 0 0
18 13 1 0
18 13 2 0
18 13 3 0
18 13 4 0
18 14 0 0
18 14 1 0
18 14 2 0
18 14 3 0
18 14 4 0
18 15 0 0
18 15 1 0
18 15 2 0
18 15 3 0
18 15 4 0
18 16 0 0
18 16 1 0
18 16 2 0
18 16 3 0
18 16 4 0
18 17 0 0
18 17 1 0
18 17 2 0
18 17 3 0
18 17 4 0
18 19 0 0
18 19 1 0
18 19 2 0
18 19 3 0
18 19 4 0
19 0 0 0
19 0 1 0
19 0 2 0
19 0 3 0
19 0 4 0
19 1 0 3886
19 1 1 3886
19 1 2 0
19 1 3 0
19 1 4 0
19 2 0 0
19 2 1 0
19 2 2 0
19 2 3 0
19 2 4 0
19 3 0 0
19 3 1 0
19 3 2 0
19 3 3 0
19 3 4 0
19 4 0 0
19 4 1 0
19 4 2 0
19 4 3 0
19 4 4 0
19 5 0 0
19 5 1 0
19 5 2 0
19 5 3 0
19 5 4 0
19 6 0 0
19 6 1 0
19 6 2 0
19 6 3 0
19 6 4 0
19 7 0 4427
19 7 1 4427
19 7 2 4427
19 7 3 0
19 7 4 0
19 8 0 3358
19 8 1 3358
19 8 2 0
19 8 3 0
19 8 4 0
19 9 0 0
19 9 1 0
19 9 2 0
19 9 3 0
19 9 4 0
19 10 0 0
19 10 1 0
19 10 2 0
19 10 3 0
19 10 4 0
19 11 0 4977
19 11 1 4977
19 11 2 0
19 11 3 0
19 11 4 0
19 12 0 3050
19 12 1 3050
19 12 2 3050
19 12 3 0
19 12 4 0
19 13 0 0
19 13 1 0
19 13 2 0
19 13 3 0
19 13 4 0
19 14 0 4454
19 14 1 4454
19 14 2 4454
19 14 3 0
19 14 4 0
19 15 0 0
19 15 1 0
19 15 2 0
19 15 3 0
19 15 4 0
19 16 0 0
19 16 1 0
19 16 2 0
19 16 3 0
19 16 4 0
19 17 0 0
19 17 1 0
19 17 2 0
19 17 3 0
19 17 4 0
19 18 0 4076
19 18 1 4076
19 18 2 4076
19 18 3 0
19 18 4 0

