30 4 24 451

   0  982  817 1029  928 1055 1051  874  959  941 1110  927  995  956  928  886  919 1014  901  962 1067 1034  967 1087  885  799  992  905  931  997 
 894    0  818  999 1061  810  972  818  820 1065  790 1064  900  923  888  898  968  832 1053  999 1009  882 1071 1046 1079  826 1082  925 1099  998 
 949  917    0 1087  906  967  882 1083 1087 1052  959  823 1044 1091  832 1074  843  919 1071 1056  839  923  950  821  820 1106  879 1015  981  919 
 888  952 1061    0 1010  963 1014 1031  911  976 1012 1009  790 1051  879  801  930 1067  937 1035 1106  840  833 1028  834  996 1010  937  973 1093 
 841 1035 1050  997    0  930 1050 1061 1053 1070  972  798 1092 1009 1002  812  791  832 1050 1060 1083  827 1075  985  852  939 1057 1071  860 1008 
 867 1026  878  910  827    0  879  972  803  907  867  832  917 1000 1052  859 1102  902  866  852  888 1088  860 1005  943  940  870 1073 1050  819 
 878 1077 1107  982 1066 1071    0  950 1098 1083 1013  868  977  960  927  909  963 1056 1059  852  948  812  907  954  781  982  781 1021 1012  859 
 801  873 1108 1098 1018  799 1057    0 1014  844 1048  838  961  821  960 1018 1000  959 1099  946  801  973 1010  789  955  951  968  894 1030  850 
 990 1082  829  980  811  970  870  868    0 1101  946  899 1009  993  934 1089  908 1109  857 1085  875  911  943  888 1030  869  810 1054  965  901 
1107  891  811  980 1016 1105  885  962 1014    0  936  966  907  905  869 1051  934  852  993  949  877 1058 1102  938  794  852  877  819  911  807 
 979  922 1081 1008 1060 1080  983 1082  800 1107    0  798 1092  990  819  962  927  849 1101 1051  959  815 1110 1018  928 1048 1072  892  811  931 
1083  822  976 1048  784  879 1081  990  901  859  957    0  796  903  811  964 1011 1075  886 1083  884  949  895  869  971 1045  829  849 1034  857 
1056  864  838 1057  815  928 1026  834 1018 1058 1072 1004    0  994 1055 1097  841  866  958  923  886  823  853  798 1040 1042 1093  835  895  793 
 935  955  861  829  962  991  801  969 1002  796 1012  929  910    0  983  946  979  867  827  820  854  980  928  883  787 1110  859  814 1100 1057 
1053  958  932 1047  819  973  787  963 1073  855  898  954 1017  921    0 1067  841 1014 1099  931  951  878 1058 1034  840  848  860  984  818  790 
1023 1046 1089  895 1024  796  785 1081 1078  868  964 1042  926 1073  942    0  802  810  925  968 1071 1001  833  944  933 1099 1030  919  783 1093 
 827  996 1086 1086  884 1088  903 1038  800  815  981 1045 1043  966  809  872    0  837  860 1039  921 1021  978 1008 1007  863  885  787  813  827 
 843 1111 1026  917 1083 1036 1075  981  865  906 1101  891  883  871 1067  985  880    0  892 1042 1058 1013 1069  823  909  802  959  962 1070  889 
1014 1045 1108  804  838  915 1058  919 1033 1051 1074  797 1011  805  879  807  883  996    0 1058  853 1097  941  809  782 1014 1070  838  934 1006 
 871 1030  809  975  982  928  906  901  844  920 1082  921 1062  929  838  945  895 1107  808    0  930 1002  995  940  846  896 1018  941 1106  875 
1086  787  847  889  853  903  807  788 1028  823  861 1048 1033  893  992  816 1008  848 1041  939    0  786  848 1044  917  893 1102  833 1056  823 
1019 1029 1105  972 1000  794  998  841  838 1094  951  857  803  892  930  797 1074  988 1008  807  927    0  922 1001  980  964 1036  890  876  876 
1041 1064  881  943  915  953  837  800 1103 1003  832 1017  875  955  889  999  784 1035  803 1094 1094  991    0  850 1078  822  962  965  933  831 
1062 1105 1032 1069 1049 1054 1047 1007  929 1052  972  988  867  862  922  962  935  968  808  936 1075  847  825    0  950 1108 1027  885  917  860 
 871  932  799  902 1105  920  792  965 1068 1074 1000  874 1027  886  934 1035  832 1099  954 1017  964  858 1035  914    0  918  873  971 1025  931 
 828 1009  890 1031  884 1094  860 1095  791 1030  918  849  838 1035  945  868  810 1044  785  837  845  894  983  783 1024    0 1047  903  873  925 
1020 1060  845  963  840 1068  976  783  990 1046  995  802  896  843  846  889 1033  959 1037  920 1038  876  841  852  943  938    0 1022 1084  885 
 887 1095 1069 1081  859 1085  924 1099  906 1099 1026  866  897 1088 1020 1106  825 1046  857 1033 1055 1041  970  915  895 1001  890    0 1041  976 
 985 1059 1073  866  842  807  914 1054 1003  915 1097 1063  993 1089  888  833 1024 1085  999 1108  968 1105  854 1028 1073  947  954  917    0 1013 
 804  911  851 1001  873 1093  995  890 1034 1057  938  980 1041 1088 1028  783  853 1000  933  816  875  856 1097  993 1078 1091  996 1032 1082    0 

   0 1191  652  602  948  943  680 1039 1014  816  705  901 1014  816 1036 1153  940  691  930  730 1083  814  935 1111  893  753 1138 1113  647  652 
1043    0  621  822 1102  749 1070  782  682 1132  622  964  731  675  767  642 1074  678  931  929 1181  876  777  621 1019  937 1057 1158 1192 1027 
 806 1009    0  956  902 1177  631  707  915  874  719  719  938  881 1085  650 1135  620  816 1171  863 1169 1154  788  895  952  624  983 1040 1179 
1070 1032  605    0 1009 1026  714 1046  821  660  905  922  762  953 1189  932  916  895 1198 1198  735 1094  698 1106  802 1038  784 1044  804  988 
 707  628  621 1147    0  825  940  926  715  739  898 1089 1175  706 1140 1176 1142  782  903  830 1048  794  626 1051 1122 1120 1026  676 1086  607 
1121  751 1129  889 1096    0 1041  690  750  725  630  842 1004  610  647 1171 1097 1079  732  717  950 1109 1144  640  722  958  884  924  600 1048 
1171  875 1017  604  902 1127    0 1015  961  940  967 1136 1078  772 1005  608  830  963  752  862 1104  718  720 1072 1045 1028  791 1008  779 1019 
 614 1005  813  660  777  625 1116    0 1003  864  672 1015  730  860 1048 1028  782  917 1125 1131  661  897 1103 1061  883  761  885  678  623 1065 
 647  735  733  684 1188  744  972 1149    0  908  958 1122  884  663  999  647  616  928  775  956  672  857  669 1167 1003 1006 1026  643  832 1086 
1043 1147  933  926  922  739  826 1012  817    0 1039 1027  850  860  963  937  947 1126  747 1045  845 1175  967  738  865 1158 1010  999  847 1154 
1194 1012  897  615  607 1053  956 1123  847  796    0  647 1193 1130  633  841  635 1099  833  902  848  883 1111 1015  674  729 1074 1053 1148  971 
1036  813  682  735 1184  789 1052 1040  762  910 1142    0  841 1042  908  641 1024  673 1158 1035 1192  788  916 1001  783  864  994 1011 1075 1126 
 768  600  739  935  981  623  968  981  990 1165 1015 1158    0  902 1098  746  898  875  833  607  636 1074 1009  858  792 1054 1086  857  649 1114 
 657  989 1005  603  777 1029 1028  714  866  936  752 1168 1094    0 1008 1183 1194  793 1195  991 1165 1191  818 1118  954  705  919  926  878 1021 
1051  982 1017 1086  607  939 1195  722  884  663  802  957  811 1197    0 1039 1188  722  887  784  654  682 1124  946  977  614  845  790  610  635 
 760 1169  619  820  874  809 1078  674  619  848  861  951  662  984 1068    0 1056 1044  674  721  879  882  937 1136  657  874  636 1127  836  911 
 719  895 1047  816  977  732  956 1019  851  643  683 1026  888 1147 1120 1156    0  650 1082  886  858 1076  927  823  796  742  885  775  824  694 
 952 1001 1081 1106 1127  770  843 1169  911  870  870 1047  960  996 1116  909  800    0 1078 1004  853  906  723 1035  604  818  636  792  661  638 
 614 1020  708 1096  993  825 1031  927 1091  655  883 1118  685 1013  617 1146  778 1134    0  837 1025  963  830 1047 1021  626  805  663 1047 1109 
 680 1074  869  675  708  654  868 1174 1006  947 1088  870 1041  817 1183  972 1080 1099  628    0  921  818  639 1037  706  875  884  730  948 1032 
 613  935 1051 1089 1042 1162  808  714 1123  647  788  929 1195  625 1038  794 1055  833  870  610    0  884  924  809 1196  644 1150  691 1000 1133 
 877  793  838 1033  875 1185 1093 1033  784  817 1039  975  679 1014 1038  828  668  987  885  607  810    0  909 1190  995 1196  718  666  934  630 
1092  713  934  788  759  926 1084 1097  879 1189  798 1147 1112  887  890 1027 1052 1106  903 1143  718 1144    0 1164  836 1099 1049 1143 1155 1165 
 698 1011  701 1022  968 1117  674 1108  885  859 1102  814  630  604  652 1139  725  704  757  813  841  848  798    0 1044  634  907  788  960 1041 
 923  901 1155 1074 1045  624  616 1141  650 1114 1168  709  782  856  890  980  604  993  666  825  926 1183  657  796    0  920 1099 1007  856  752 
1011  774 1062 1047  768 1163 1036  967 1074  719 1136 1052  854  845  742 1061 1056 1118 1045  841  622  873  632  877  768    0  738 1147  949 1078 
1091 1022  747 1092  620  919  625  853 1041 1149  695 1020 1135  795 1065  755  600 1159 1007 1094  756 1081  668  943 1172  884    0  840  847  747 
1113  966 1021 1160 1039 1008  799  998 1001 1031  626 1193  809  874 1132 1127 1119  835 1102  612  653  914  801  659  647  842 1004    0 1185 1180 
1141 1110  796  733  917  610  738  847 1068  943  743  666  862 1094  802 1047  937 1032  744  612  966  975  670  780 1096 1078  932 1067    0  778 
1057  856  923  662  797  821  895  605 1044 1137 1133 1159  687  887  772  719  861  858  838  989  783 1008  717  804  657  884 1016 1050  866    0 

0 455 752
1 673 1092
2 633 787
3 360 951
4 363 839
5 298 787
6 628 990
7 512 879
8 248 902
9 697 1030
10 576 981
11 295 901
12 624 1042
13 224 1089
14 288 862
15 486 851
16 514 876
17 466 719
18 288 904
19 228 741
20 461 937
21 649 924
22 663 829
23 438 762
24 488 963
25 527 983
26 275 966
27 570 950
28 699 880
29 651 906

0 8 19318 22491 3836 
0 11 3421 5799 1854 
0 27 18519 22592 2715 
0 13 20042 22906 1912 
0 26 12858 15998 1984 
0 5 22638 25608 4220 
0 20 17106 20723 4268 
0 3 5118 6899 2058 
0 10 14965 16734 2220 
0 27 9614 12797 1810 
0 21 21227 23807 4136 
0 2 9581 11934 3268 
0 20 14960 18544 2134 
1 24 11089 13493 2158 
1 0 23897 26087 2682 
1 14 18601 21017 3552 
1 29 21982 25864 3992 
1 28 20682 24174 4396 
1 5 3989 5921 1620 
1 7 6990 8858 3272 
1 8 14943 17016 1640 
1 21 5953 7818 3528 
2 0 19341 21581 3796 
2 11 12028 14062 3292 
2 3 1262 3804 2174 
2 24 15622 18736 1640 
2 9 21778 24129 2104 
2 19 19262 21744 2112 
2 4 23616 25744 1812 
2 24 17369 20635 1640 
2 1 24062 27149 1834 
2 28 8882 12813 1962 
2 26 12066 14493 1758 
2 4 19963 21767 3624 
2 14 23509 27046 2496 
2 11 692 3452 3292 
2 4 20839 23364 1812 
2 6 17478 19408 2646 
2 26 867 2732 3516 
2 18 5333 7144 2142 
2 4 10654 12999 2718 
2 3 22230 25231 2174 
2 5 23622 27023 3868 
3 4 15203 17786 2020 
3 22 22729 25353 3332 
3 18 24013 27618 1874 
3 21 20574 23473 2520 
3 23 11893 14989 2056 
3 27 23011 25850 2811 
3 24 22874 25432 3336 
3 7 9347 11491 3093 
3 15 11897 14469 3204 
3 13 12506 15679 2102 
3 25 12927 15719 3984 
3 5 20089 22551 1926 
3 19 12497 16690 4140 
3 6 18905 20525 2028 
4 0 6698 9490 1682 
4 25 24076 26887 2817 
4 1 4098 6377 3105 
4 7 385 2311 3183 
4 8 6881 8575 3159 
4 26 15558 18287 3171 
4 17 10804 13885 3328 
4 15 12242 14746 2436 
4 17 13661 16405 3328 
4 29 23519 25552 3024 
4 26 18810 22216 2114 
4 9 10752 13501 4280 
4 6 11129 13742 2100 
4 25 19923 23619 2817 
4 16 5355 8358 3164 
4 21 4037 5855 1654 
4 27 3368 5382 4284 
4 13 1336 3722 3027 
4 20 5513 9474 2166 
4 23 14682 17593 1970 
4 22 5742 7413 3225 
4 10 2659 5577 3888 
5 3 5606 8770 2730 
5 27 5541 7656 2146 
5 19 10014 11935 2556 
5 12 12313 15355 2751 
5 11 4586 7431 2496 
5 14 9444 11934 2104 
5 23 20362 21834 3015 
5 24 3276 5658 2829 
5 23 20918 22844 4020 
5 26 9186 12447 1740 
5 13 11723 14114 4000 
5 9 2029 4240 2721 
5 9 23971 26559 2721 
5 9 20956 23551 1814 
5 12 5183 7843 1834 
5 15 93 3711 2577 
5 25 23157 26711 2820 
5 21 437 4695 3264 
5 15 11987 16296 2577 
6 22 2605 4073 2721 
6 14 14181 16914 2781 
6 21 18487 20633 2436 
6 15 13251 14965 1818 
6 4 4484 6802 4264 
6 23 13568 17073 3816 
6 17 17557 20108 3168 
6 23 19698 22378 1908 
7 17 10076 12001 3836 
7 21 6284 9800 3892 
7 23 6486 9828 2367 
7 16 2582 4177 2000 
7 17 822 3380 2877 
7 2 5776 8849 3324 
7 13 3480 5440 2463 
7 17 5901 7927 1918 
7 23 22247 25567 3156 
7 29 18297 20884 1700 
7 16 5862 8419 3000 
7 15 23563 27418 4072 
7 2 1304 2938 3324 
8 3 19301 21325 1960 
8 4 3528 6070 2433 
8 7 490 3224 3472 
8 15 23479 25905 3267 
8 17 21974 24015 4436 
8 26 114 3817 1620 
8 7 6329 10281 3472 
8 3 1076 3141 1960 
8 14 12419 15615 2802 
8 12 3804 6933 4036 
8 25 14037 16783 1738 
8 22 23733 25492 3772 
8 16 11078 13338 2724 
9 3 20166 23749 2940 
9 15 20715 23123 2102 
9 6 20148 23262 1770 
9 29 2397 6955 2421 
9 6 21339 23932 3540 
9 14 19780 22611 2607 
9 20 18906 20697 1754 
9 0 15363 17490 3321 
9 14 19777 22184 3476 
9 25 14922 17504 2556 
9 24 475 3649 2382 
9 21 144 3210 4232 
9 26 14803 17014 2631 
9 7 23589 26554 3848 
9 25 15364 18235 1704 
9 8 18205 21129 4056 
10 29 17873 21553 3724 
10 7 4751 7872 2164 
10 15 9792 12525 2886 
10 11 17181 18643 1596 
10 17 3037 7312 1698 
10 13 17393 21257 2970 
10 12 9998 12419 3276 
10 22 18 2362 3330 
10 14 11710 13292 2457 
10 13 3077 7314 3960 
10 16 18374 20367 3708 
10 8 13057 15657 1600 
10 15 24031 26310 2886 
11 3 2596 4506 3144 
11 20 8982 12224 3536 
11 27 6925 9472 3396 
11 26 14482 18110 1658 
11 9 15497 18081 3436 
11 5 5678 7784 1758 
11 9 420 3841 1718 
11 26 22146 24452 1658 
11 9 4844 8402 2577 
11 20 14536 18898 3536 
11 6 18781 22042 4324 
11 2 9425 10918 1952 
12 24 1369 3768 4160 
12 28 4252 6562 1790 
12 5 11014 13094 2784 
12 7 21479 24490 2502 
12 6 1805 5057 3078 
12 24 18549 21431 3120 
12 26 2862 6956 3279 
12 19 14111 15464 2769 
12 17 8483 11720 1732 
12 1 208 1726 3456 
12 2 7199 9615 1676 
12 0 22602 25405 2112 
12 20 12538 14929 3544 
12 20 15120 16608 1772 
12 16 20814 23570 1682 
12 22 5539 8687 3412 
12 16 21582 23503 2523 
12 22 9362 12954 3412 
12 29 4998 8384 2379 
12 15 9380 11789 3291 
12 9 4898 9080 2116 
12 6 17982 21157 2052 
12 3 4385 6563 2114 
12 21 10023 13545 3292 
13 20 4516 8686 1708 
13 0 8900 10903 1870 
13 0 21098 22556 1870 
13 22 8818 11844 1856 
13 18 11000 15146 2481 
13 2 11359 13861 2583 
13 4 1474 3035 1924 
13 26 23399 26882 3436 
13 19 2282 4323 3280 
13 23 4776 7213 3532 
13 8 23473 26504 2004 
13 26 10258 13428 3436 
13 14 9898 12780 1966 
13 21 15303 18959 1960 
13 9 11978 14243 3184 
13 4 5008 6903 3848 
13 22 11212 13257 1856 
13 18 4560 8431 2481 
13 2 24033 26746 3444 
14 22 14739 17796 2116 
14 28 13461 14876 3272 
14 1 6810 9559 1916 
14 8 19390 22625 2146 
14 10 10796 12696 2694 
14 6 24027 26584 1574 
14 12 1340 4032 4068 
14 6 9425 13141 2361 
14 0 18866 22807 3159 
15 8 22453 24433 2156 
15 12 6595 8547 1852 
15 26 17864 20198 4120 
15 27 3966 7527 3676 
15 8 16949 18960 2156 
15 2 11649 14001 4356 
15 16 5734 7993 3208 
15 24 933 2391 2799 
15 17 6520 9338 3240 
15 11 13248 15216 4168 
15 8 3627 5607 4312 
15 19 10038 12323 1936 
15 16 1893 4437 3208 
15 25 18798 22285 3297 
15 22 435 2871 3332 
15 28 14771 17312 1566 
15 26 5773 7547 3090 
15 19 20402 22089 2904 
15 21 3313 6717 3003 
15 1 20558 23632 2092 
15 28 14447 17356 2349 
15 0 8888 11798 3069 
15 7 17012 19168 4324 
15 28 8806 11740 2349 
16 27 9943 12547 1574 
16 8 14587 17369 2400 
16 8 6953 9803 3200 
16 11 6197 8361 4180 
16 3 11560 13771 4344 
16 18 15416 18542 2580 
16 13 14846 17575 3864 
16 18 11229 14355 2580 
16 8 21772 24435 3200 
16 10 20502 22632 3924 
16 18 12091 14493 2580 
16 7 13922 16428 2076 
16 18 4468 7248 1720 
16 24 22488 24740 3021 
17 2 44 2627 4104 
17 10 1202 3263 3303 
17 4 3846 6764 2166 
17 6 11840 14655 2150 
17 12 23567 26831 2649 
17 27 2860 5212 3848 
17 15 3613 6403 1970 
17 3 10507 14344 2751 
17 18 1575 4388 1784 
17 11 17246 20941 1782 
17 23 4700 8125 2469 
17 21 5820 8719 4052 
17 14 21326 25019 3201 
17 25 1686 4172 2406 
17 21 2799 5906 4052 
17 18 2366 5578 2676 
17 15 18666 21302 2955 
17 21 4941 7622 4052 
17 7 22853 26593 1962 
18 3 22752 27125 2412 
18 17 5251 7802 2988 
18 25 23949 25607 4056 
18 4 4267 7027 2514 
18 19 6207 8517 3174 
18 12 5655 7340 2022 
18 14 12071 13965 3516 
18 16 1302 4312 2649 
18 27 11250 12967 1676 
18 16 7047 9645 3532 
18 24 12236 15064 1564 
18 15 5637 9877 3228 
18 2 18350 21132 3324 
18 29 9241 13311 4024 
19 20 5918 8975 3720 
19 1 17556 21347 4120 
19 29 2647 6486 3500 
19 26 15034 18083 3054 
19 5 21238 23330 3712 
19 16 20927 24577 2685 
19 23 7014 10830 3760 
19 27 15220 17935 1882 
19 6 12161 14148 1812 
19 21 19621 21755 2004 
19 3 11308 12799 1950 
19 25 6073 9048 3584 
19 2 5214 7890 1618 
19 22 534 2310 3980 
19 2 2026 5223 3236 
19 29 23293 26306 2625 
19 6 14930 17100 3624 
19 14 13814 18273 3352 
19 2 23505 26581 1618 
20 21 2535 4488 3144 
20 6 15338 18262 3228 
20 19 9338 10820 3756 
20 3 16979 19309 3556 
20 28 11866 15626 2112 
20 26 19263 22724 4408 
20 18 1747 4156 4164 
20 11 5488 7448 3144 
20 25 3242 5000 2679 
20 9 17088 19333 1646 
20 21 4536 7859 2358 
21 20 13814 15847 2781 
21 26 19260 21593 2072 
21 1 23689 26757 3087 
21 4 14585 17096 3000 
21 11 1664 4910 3428 
21 12 11271 13355 2409 
21 4 7215 9551 3000 
21 29 20351 22499 3504 
21 1 14704 17059 2058 
21 10 212 3973 2853 
22 2 21892 24936 3524 
22 8 19991 22909 4412 
22 2 20183 23760 3524 
22 12 5891 9471 1750 
22 23 18463 22408 2550 
22 0 21464 25548 3123 
22 1 14089 15914 4256 
22 4 12562 14634 1830 
22 6 17821 20368 2511 
22 12 4557 7281 1750 
23 12 20245 21901 3468 
23 4 6843 9146 3147 
23 18 6885 9807 3232 
23 26 4032 7170 4108 
23 20 19309 21234 2150 
23 9 19837 22396 2104 
23 14 10093 12055 1844 
23 20 10280 12861 2150 
23 0 22063 24806 2124 
23 20 2012 5241 4300 
23 26 3034 5238 3081 
23 27 18005 20755 2655 
23 14 349 1894 2766 
23 19 10595 12700 1872 
23 3 10320 12527 3207 
23 7 4283 8460 2014 
23 16 6804 9559 3740 
23 13 19495 21421 1724 
23 14 2523 4179 1844 
23 29 3274 5886 1720 
23 6 21772 23140 3141 
23 3 11971 16038 3207 
23 16 12438 14170 1870 
23 27 11183 14067 2655 
24 19 6823 8902 2034 
24 8 19506 21475 3204 
24 1 13820 17180 2796 
24 18 6248 7893 1908 
24 12 4021 6062 3081 
24 25 14546 18051 1836 
24 22 20896 23018 4140 
24 2 10773 13741 2397 
24 12 23907 25658 3081 
25 16 5533 7961 3240 
25 27 14038 16366 2709 
25 21 4079 6724 1788 
25 27 2465 7018 1806 
25 8 6253 8637 2373 
25 17 23544 25891 4176 
25 20 1834 3389 2535 
25 7 2593 5029 2190 
25 7 8742 12223 4380 
25 17 14547 17028 2088 
25 20 5658 6945 2535 
25 20 11566 12928 1690 
25 1 443 2378 4036 
25 28 2363 5077 2619 
25 0 23096 25845 3312 
25 7 15303 18484 4380 
25 26 22006 24810 2094 
26 5 3178 6569 3204 
26 11 1524 4737 2406 
26 10 22478 24542 1990 
26 9 2023 5952 2092 
26 9 23792 27985 3138 
26 17 23941 27023 2877 
26 16 17757 19941 2066 
26 10 15604 17591 2985 
26 20 13826 15814 3114 
26 12 10557 13349 1792 
26 1 23404 27348 2120 
26 8 1052 4580 2970 
26 16 18201 20295 2066 
26 10 14855 16453 2985 
26 15 11789 13955 3556 
27 28 14603 17565 4164 
27 4 17964 20987 3436 
27 15 2762 6266 3318 
27 12 18313 21176 1794 
27 6 2928 5892 3696 
27 23 14182 15921 1830 
27 26 6124 8252 1780 
27 9 9066 12684 4396 
27 24 6349 8244 2685 
27 0 4849 7809 3548 
28 16 15562 18466 4096 
28 3 20079 22505 3464 
28 14 11317 13819 1776 
28 12 11434 13735 2979 
28 29 7012 9952 2026 
28 29 6034 7737 2026 
28 7 14723 17543 3162 
28 29 4374 7345 2026 
28 14 8693 10786 2664 
28 26 4122 6964 2862 
28 6 17147 19648 3656 
28 6 14266 16930 2742 
28 23 18401 20678 2056 
28 11 15291 17928 3189 
28 17 12476 16036 4340 
28 14 9944 11973 2664 
28 4 5541 8392 2526 
28 19 1144 3065 4432 
28 22 2324 4139 2562 
29 22 15630 17730 2194 
29 28 2765 4756 2164 
29 12 13366 16052 2082 
29 15 2346 4445 2349 
29 11 21692 25493 1960 
29 25 11001 13900 2182 
29 25 3905 6353 4364 
29 8 4091 7191 4136 
29 23 20196 23058 3972 
29 9 12197 14641 2114 
29 21 21608 25004 2568 

0 1 0 3090
0 1 1 3090
0 1 2 3090
0 1 3 0
0 1 4 0
0 2 0 4985
0 2 1 4985
0 2 2 0
0 2 3 0
0 2 4 0
0 3 0 0
0 3 1 0
0 3 2 0
0 3 3 0
0 3 4 0
0 4 0 0
0 4 1 0
0 4 2 0
0 4 3 0
0 4 4 0
0 5 0 0
0 5 1 0
0 5 2 0
0 5 3 0
0 5 4 0
0 6 0 0
0 6 1 0
0 6 2 0
0 6 3 0
0 6 4 0
0 7 0 0
0 7 1 0
0 7 2 0
0 7 3 0
0 7 4 0
0 8 0 0
0 8 1 0
0 8 2 0
0 8 3 0
0 8 4 0
0 9 0 0
0 9 1 0
0 9 2 0
0 9 3 0
0 9 4 0
0 10 0 0
0 10 1 0
0 10 2 0
0 10 3 0
0 10 4 0
0 11 0 0
0 11 1 0
0 11 2 0
0 11 3 0
0 11 4 0
0 12 0 0
0 12 1 0
0 12 2 0
0 12 3 0
0 12 4 0
0 13 0 0
0 13 1 0
0 13 2 0
0 13 3 0
0 13 4 0
0 14 0 0
0 14 1 0
0 14 2 0
0 14 3 0
0 14 4 0
0 15 0 0
0 15 1 0
0 15 2 0
0 15 3 0
0 15 4 0
0 16 0 3125
0 16 1 3125
0 16 2 0
0 16 3 0
0 16 4 0
0 17 0 0
0 17 1 0
0 17 2 0
0 17 3 0
0 17 4 0
0 18 0 3461
0 18 1 3461
0 18 2 0
0 18 3 0
0 18 4 0
0 19 0 0
0 19 1 0
0 19 2 0
0 19 3 0
0 19 4 0
0 20 0 0
0 20 1 0
0 20 2 0
0 20 3 0
0 20 4 0
0 21 0 0
0 21 1 0
0 21 2 0
0 21 3 0
0 21 4 0
0 22 0 0
0 22 1 0
0 22 2 0
0 22 3 0
0 22 4 0
0 23 0 0
0 23 1 0
0 23 2 0
0 23 3 0
0 23 4 0
0 24 0 0
0 24 1 0
0 24 2 0
0 24 3 0
0 24 4 0
0 25 0 0
0 25 1 0
0 25 2 0
0 25 3 0
0 25 4 0
0 26 0 0
0 26 1 0
0 26 2 0
0 26 3 0
0 26 4 0
0 27 0 0
0 27 1 0
0 27 2 0
0 27 3 0
0 27 4 0
0 28 0 0
0 28 1 0
0 28 2 0
0 28 3 0
0 28 4 0
0 29 0 0
0 29 1 0
0 29 2 0
0 29 3 0
0 29 4 0
1 0 0 0
1 0 1 0
1 0 2 0
1 0 3 0
1 0 4 0
1 2 0 0
1 2 1 0
1 2 2 0
1 2 3 0
1 2 4 0
1 3 0 0
1 3 1 0
1 3 2 0
1 3 3 0
1 3 4 0
1 4 0 0
1 4 1 0
1 4 2 0
1 4 3 0
1 4 4 0
1 5 0 4620
1 5 1 4620
1 5 2 0
1 5 3 0
1 5 4 0
1 6 0 3556
1 6 1 3556
1 6 2 0
1 6 3 0
1 6 4 0
1 7 0 4370
1 7 1 4370
1 7 2 0
1 7 3 0
1 7 4 0
1 8 0 0
1 8 1 0
1 8 2 0
1 8 3 0
1 8 4 0
1 9 0 0
1 9 1 0
1 9 2 0
1 9 3 0
1 9 4 0
1 10 0 0
1 10 1 0
1 10 2 0
1 10 3 0
1 10 4 0
1 11 0 3502
1 11 1 3502
1 11 2 3502
1 11 3 0
1 11 4 0
1 12 0 0
1 12 1 0
1 12 2 0
1 12 3 0
1 12 4 0
1 13 0 3280
1 13 1 3280
1 13 2 0
1 13 3 0
1 13 4 0
1 14 0 4134
1 14 1 4134
1 14 2 0
1 14 3 0
1 14 4 0
1 15 0 4275
1 15 1 4275
1 15 2 4275
1 15 3 0
1 15 4 0
1 16 0 3162
1 16 1 3162
1 16 2 3162
1 16 3 0
1 16 4 0
1 17 0 4882
1 17 1 4882
1 17 2 4882
1 17 3 0
1 17 4 0
1 18 0 0
1 18 1 0
1 18 2 0
1 18 3 0
1 18 4 0
1 19 0 0
1 19 1 0
1 19 2 0
1 19 3 0
1 19 4 0
1 20 0 3287
1 20 1 3287
1 20 2 0
1 20 3 0
1 20 4 0
1 21 0 4269
1 21 1 4269
1 21 2 4269
1 21 3 0
1 21 4 0
1 22 0 0
1 22 1 0
1 22 2 0
1 22 3 0
1 22 4 0
1 23 0 0
1 23 1 0
1 23 2 0
1 23 3 0
1 23 4 0
1 24 0 0
1 24 1 0
1 24 2 0
1 24 3 0
1 24 4 0
1 25 0 0
1 25 1 0
1 25 2 0
1 25 3 0
1 25 4 0
1 26 0 0
1 26 1 0
1 26 2 0
1 26 3 0
1 26 4 0
1 27 0 3888
1 27 1 3888
1 27 2 3888
1 27 3 0
1 27 4 0
1 28 0 0
1 28 1 0
1 28 2 0
1 28 3 0
1 28 4 0
1 29 0 0
1 29 1 0
1 29 2 0
1 29 3 0
1 29 4 0
2 0 0 0
2 0 1 0
2 0 2 0
2 0 3 0
2 0 4 0
2 1 0 3045
2 1 1 3045
2 1 2 3045
2 1 3 0
2 1 4 0
2 3 0 0
2 3 1 0
2 3 2 0
2 3 3 0
2 3 4 0
2 4 0 0
2 4 1 0
2 4 2 0
2 4 3 0
2 4 4 0
2 5 0 0
2 5 1 0
2 5 2 0
2 5 3 0
2 5 4 0
2 6 0 4670
2 6 1 4670
2 6 2 0
2 6 3 0
2 6 4 0
2 7 0 0
2 7 1 0
2 7 2 0
2 7 3 0
2 7 4 0
2 8 0 0
2 8 1 0
2 8 2 0
2 8 3 0
2 8 4 0
2 9 0 0
2 9 1 0
2 9 2 0
2 9 3 0
2 9 4 0
2 10 0 3646
2 10 1 3646
2 10 2 0
2 10 3 0
2 10 4 0
2 11 0 4891
2 11 1 4891
2 11 2 0
2 11 3 0
2 11 4 0
2 12 0 0
2 12 1 0
2 12 2 0
2 12 3 0
2 12 4 0
2 13 0 3759
2 13 1 3759
2 13 2 3759
2 13 3 0
2 13 4 0
2 14 0 0
2 14 1 0
2 14 2 0
2 14 3 0
2 14 4 0
2 15 0 0
2 15 1 0
2 15 2 0
2 15 3 0
2 15 4 0
2 16 0 0
2 16 1 0
2 16 2 0
2 16 3 0
2 16 4 0
2 17 0 3162
2 17 1 3162
2 17 2 3162
2 17 3 0
2 17 4 0
2 18 0 0
2 18 1 0
2 18 2 0
2 18 3 0
2 18 4 0
2 19 0 0
2 19 1 0
2 19 2 0
2 19 3 0
2 19 4 0
2 20 0 0
2 20 1 0
2 20 2 0
2 20 3 0
2 20 4 0
2 21 0 3180
2 21 1 3180
2 21 2 0
2 21 3 0
2 21 4 0
2 22 0 0
2 22 1 0
2 22 2 0
2 22 3 0
2 22 4 0
2 23 0 0
2 23 1 0
2 23 2 0
2 23 3 0
2 23 4 0
2 24 0 0
2 24 1 0
2 24 2 0
2 24 3 0
2 24 4 0
2 25 0 3656
2 25 1 3656
2 25 2 0
2 25 3 0
2 25 4 0
2 26 0 0
2 26 1 0
2 26 2 0
2 26 3 0
2 26 4 0
2 27 0 3739
2 27 1 3739
2 27 2 3739
2 27 3 0
2 27 4 0
2 28 0 3327
2 28 1 3327
2 28 2 3327
2 28 3 0
2 28 4 0
2 29 0 0
2 29 1 0
2 29 2 0
2 29 3 0
2 29 4 0
3 0 0 0
3 0 1 0
3 0 2 0
3 0 3 0
3 0 4 0
3 1 0 0
3 1 1 0
3 1 2 0
3 1 3 0
3 1 4 0
3 2 0 3493
3 2 1 3493
3 2 2 3493
3 2 3 0
3 2 4 0
3 4 0 0
3 4 1 0
3 4 2 0
3 4 3 0
3 4 4 0
3 5 0 0
3 5 1 0
3 5 2 0
3 5 3 0
3 5 4 0
3 6 0 0
3 6 1 0
3 6 2 0
3 6 3 0
3 6 4 0
3 7 0 3661
3 7 1 3661
3 7 2 0
3 7 3 0
3 7 4 0
3 8 0 0
3 8 1 0
3 8 2 0
3 8 3 0
3 8 4 0
3 9 0 0
3 9 1 0
3 9 2 0
3 9 3 0
3 9 4 0
3 10 0 0
3 10 1 0
3 10 2 0
3 10 3 0
3 10 4 0
3 11 0 3909
3 11 1 3909
3 11 2 0
3 11 3 0
3 11 4 0
3 12 0 0
3 12 1 0
3 12 2 0
3 12 3 0
3 12 4 0
3 13 0 0
3 13 1 0
3 13 2 0
3 13 3 0
3 13 4 0
3 14 0 4365
3 14 1 4365
3 14 2 4365
3 14 3 0
3 14 4 0
3 15 0 4521
3 15 1 4521
3 15 2 0
3 15 3 0
3 15 4 0
3 16 0 3680
3 16 1 3680
3 16 2 0
3 16 3 0
3 16 4 0
3 17 0 0
3 17 1 0
3 17 2 0
3 17 3 0
3 17 4 0
3 18 0 0
3 18 1 0
3 18 2 0
3 18 3 0
3 18 4 0
3 19 0 0
3 19 1 0
3 19 2 0
3 19 3 0
3 19 4 0
3 20 0 0
3 20 1 0
3 20 2 0
3 20 3 0
3 20 4 0
3 21 0 0
3 21 1 0
3 21 2 0
3 21 3 0
3 21 4 0
3 22 0 0
3 22 1 0
3 22 2 0
3 22 3 0
3 22 4 0
3 23 0 0
3 23 1 0
3 23 2 0
3 23 3 0
3 23 4 0
3 24 0 0
3 24 1 0
3 24 2 0
3 24 3 0
3 24 4 0
3 25 0 0
3 25 1 0
3 25 2 0
3 25 3 0
3 25 4 0
3 26 0 3300
3 26 1 3300
3 26 2 0
3 26 3 0
3 26 4 0
3 27 0 0
3 27 1 0
3 27 2 0
3 27 3 0
3 27 4 0
3 28 0 0
3 28 1 0
3 28 2 0
3 28 3 0
3 28 4 0
3 29 0 3795
3 29 1 3795
3 29 2 0
3 29 3 0
3 29 4 0
4 0 0 4403
4 0 1 4403
4 0 2 4403
4 0 3 0
4 0 4 0
4 1 0 0
4 1 1 0
4 1 2 0
4 1 3 0
4 1 4 0
4 2 0 0
4 2 1 0
4 2 2 0
4 2 3 0
4 2 4 0
4 3 0 3453
4 3 1 3453
4 3 2 3453
4 3 3 0
4 3 4 0
4 5 0 0
4 5 1 0
4 5 2 0
4 5 3 0
4 5 4 0
4 6 0 3663
4 6 1 3663
4 6 2 0
4 6 3 0
4 6 4 0
4 7 0 0
4 7 1 0
4 7 2 0
4 7 3 0
4 7 4 0
4 8 0 0
4 8 1 0
4 8 2 0
4 8 3 0
4 8 4 0
4 9 0 0
4 9 1 0
4 9 2 0
4 9 3 0
4 9 4 0
4 10 0 0
4 10 1 0
4 10 2 0
4 10 3 0
4 10 4 0
4 11 0 4575
4 11 1 4575
4 11 2 0
4 11 3 0
4 11 4 0
4 12 0 3677
4 12 1 3677
4 12 2 3677
4 12 3 0
4 12 4 0
4 13 0 0
4 13 1 0
4 13 2 0
4 13 3 0
4 13 4 0
4 14 0 0
4 14 1 0
4 14 2 0
4 14 3 0
4 14 4 0
4 15 0 0
4 15 1 0
4 15 2 0
4 15 3 0
4 15 4 0
4 16 0 4884
4 16 1 4884
4 16 2 4884
4 16 3 0
4 16 4 0
4 17 0 4088
4 17 1 4088
4 17 2 0
4 17 3 0
4 17 4 0
4 18 0 3370
4 18 1 3370
4 18 2 0
4 18 3 0
4 18 4 0
4 19 0 0
4 19 1 0
4 19 2 0
4 19 3 0
4 19 4 0
4 20 0 3513
4 20 1 3513
4 20 2 3513
4 20 3 0
4 20 4 0
4 21 0 0
4 21 1 0
4 21 2 0
4 21 3 0
4 21 4 0
4 22 0 3894
4 22 1 3894
4 22 2 3894
4 22 3 0
4 22 4 0
4 23 0 0
4 23 1 0
4 23 2 0
4 23 3 0
4 23 4 0
4 24 0 4685
4 24 1 4685
4 24 2 4685
4 24 3 0
4 24 4 0
4 25 0 3124
4 25 1 3124
4 25 2 0
4 25 3 0
4 25 4 0
4 26 0 0
4 26 1 0
4 26 2 0
4 26 3 0
4 26 4 0
4 27 0 0
4 27 1 0
4 27 2 0
4 27 3 0
4 27 4 0
4 28 0 0
4 28 1 0
4 28 2 0
4 28 3 0
4 28 4 0
4 29 0 0
4 29 1 0
4 29 2 0
4 29 3 0
4 29 4 0
5 0 0 0
5 0 1 0
5 0 2 0
5 0 3 0
5 0 4 0
5 1 0 3680
5 1 1 3680
5 1 2 0
5 1 3 0
5 1 4 0
5 2 0 0
5 2 1 0
5 2 2 0
5 2 3 0
5 2 4 0
5 3 0 0
5 3 1 0
5 3 2 0
5 3 3 0
5 3 4 0
5 4 0 4468
5 4 1 4468
5 4 2 0
5 4 3 0
5 4 4 0
5 6 0 0
5 6 1 0
5 6 2 0
5 6 3 0
5 6 4 0
5 7 0 0
5 7 1 0
5 7 2 0
5 7 3 0
5 7 4 0
5 8 0 0
5 8 1 0
5 8 2 0
5 8 3 0
5 8 4 0
5 9 0 0
5 9 1 0
5 9 2 0
5 9 3 0
5 9 4 0
5 10 0 0
5 10 1 0
5 10 2 0
5 10 3 0
5 10 4 0
5 11 0 0
5 11 1 0
5 11 2 0
5 11 3 0
5 11 4 0
5 12 0 3965
5 12 1 3965
5 12 2 3965
5 12 3 0
5 12 4 0
5 13 0 0
5 13 1 0
5 13 2 0
5 13 3 0
5 13 4 0
5 14 0 0
5 14 1 0
5 14 2 0
5 14 3 0
5 14 4 0
5 15 0 0
5 15 1 0
5 15 2 0
5 15 3 0
5 15 4 0
5 16 0 3594
5 16 1 3594
5 16 2 0
5 16 3 0
5 16 4 0
5 17 0 0
5 17 1 0
5 17 2 0
5 17 3 0
5 17 4 0
5 18 0 4180
5 18 1 4180
5 18 2 4180
5 18 3 0
5 18 4 0
5 19 0 0
5 19 1 0
5 19 2 0
5 19 3 0
5 19 4 0
5 20 0 4383
5 20 1 4383
5 20 2 4383
5 20 3 0
5 20 4 0
5 21 0 0
5 21 1 0
5 21 2 0
5 21 3 0
5 21 4 0
5 22 0 4994
5 22 1 4994
5 22 2 0
5 22 3 0
5 22 4 0
5 23 0 0
5 23 1 0
5 23 2 0
5 23 3 0
5 23 4 0
5 24 0 0
5 24 1 0
5 24 2 0
5 24 3 0
5 24 4 0
5 25 0 0
5 25 1 0
5 25 2 0
5 25 3 0
5 25 4 0
5 26 0 4464
5 26 1 4464
5 26 2 0
5 26 3 0
5 26 4 0
5 27 0 0
5 27 1 0
5 27 2 0
5 27 3 0
5 27 4 0
5 28 0 0
5 28 1 0
5 28 2 0
5 28 3 0
5 28 4 0
5 29 0 0
5 29 1 0
5 29 2 0
5 29 3 0
5 29 4 0
6 0 0 0
6 0 1 0
6 0 2 0
6 0 3 0
6 0 4 0
6 1 0 0
6 1 1 0
6 1 2 0
6 1 3 0
6 1 4 0
6 2 0 3250
6 2 1 3250
6 2 2 0
6 2 3 0
6 2 4 0
6 3 0 0
6 3 1 0
6 3 2 0
6 3 3 0
6 3 4 0
6 4 0 0
6 4 1 0
6 4 2 0
6 4 3 0
6 4 4 0
6 5 0 3395
6 5 1 3395
6 5 2 3395
6 5 3 0
6 5 4 0
6 7 0 0
6 7 1 0
6 7 2 0
6 7 3 0
6 7 4 0
6 8 0 3500
6 8 1 3500
6 8 2 0
6 8 3 0
6 8 4 0
6 9 0 0
6 9 1 0
6 9 2 0
6 9 3 0
6 9 4 0
6 10 0 0
6 10 1 0
6 10 2 0
6 10 3 0
6 10 4 0
6 11 0 0
6 11 1 0
6 11 2 0
6 11 3 0
6 11 4 0
6 12 0 0
6 12 1 0
6 12 2 0
6 12 3 0
6 12 4 0
6 13 0 3682
6 13 1 3682
6 13 2 3682
6 13 3 0
6 13 4 0
6 14 0 0
6 14 1 0
6 14 2 0
6 14 3 0
6 14 4 0
6 15 0 0
6 15 1 0
6 15 2 0
6 15 3 0
6 15 4 0
6 16 0 0
6 16 1 0
6 16 2 0
6 16 3 0
6 16 4 0
6 17 0 0
6 17 1 0
6 17 2 0
6 17 3 0
6 17 4 0
6 18 0 0
6 18 1 0
6 18 2 0
6 18 3 0
6 18 4 0
6 19 0 0
6 19 1 0
6 19 2 0
6 19 3 0
6 19 4 0
6 20 0 0
6 20 1 0
6 20 2 0
6 20 3 0
6 20 4 0
6 21 0 0
6 21 1 0
6 21 2 0
6 21 3 0
6 21 4 0
6 22 0 0
6 22 1 0
6 22 2 0
6 22 3 0
6 22 4 0
6 23 0 0
6 23 1 0
6 23 2 0
6 23 3 0
6 23 4 0
6 24 0 0
6 24 1 0
6 24 2 0
6 24 3 0
6 24 4 0
6 25 0 0
6 25 1 0
6 25 2 0
6 25 3 0
6 25 4 0
6 26 0 4653
6 26 1 4653
6 26 2 4653
6 26 3 0
6 26 4 0
6 27 0 0
6 27 1 0
6 27 2 0
6 27 3 0
6 27 4 0
6 28 0 0
6 28 1 0
6 28 2 0
6 28 3 0
6 28 4 0
6 29 0 0
6 29 1 0
6 29 2 0
6 29 3 0
6 29 4 0
7 0 0 0
7 0 1 0
7 0 2 0
7 0 3 0
7 0 4 0
7 1 0 4713
7 1 1 4713
7 1 2 4713
7 1 3 0
7 1 4 0
7 2 0 3915
7 2 1 3915
7 2 2 0
7 2 3 0
7 2 4 0
7 3 0 3267
7 3 1 3267
7 3 2 0
7 3 3 0
7 3 4 0
7 4 0 0
7 4 1 0
7 4 2 0
7 4 3 0
7 4 4 0
7 5 0 0
7 5 1 0
7 5 2 0
7 5 3 0
7 5 4 0
7 6 0 0
7 6 1 0
7 6 2 0
7 6 3 0
7 6 4 0
7 8 0 3182
7 8 1 3182
7 8 2 3182
7 8 3 0
7 8 4 0
7 9 0 0
7 9 1 0
7 9 2 0
7 9 3 0
7 9 4 0
7 10 0 0
7 10 1 0
7 10 2 0
7 10 3 0
7 10 4 0
7 11 0 4590
7 11 1 4590
7 11 2 4590
7 11 3 0
7 11 4 0
7 12 0 0
7 12 1 0
7 12 2 0
7 12 3 0
7 12 4 0
7 13 0 0
7 13 1 0
7 13 2 0
7 13 3 0
7 13 4 0
7 14 0 3589
7 14 1 3589
7 14 2 0
7 14 3 0
7 14 4 0
7 15 0 0
7 15 1 0
7 15 2 0
7 15 3 0
7 15 4 0
7 16 0 0
7 16 1 0
7 16 2 0
7 16 3 0
7 16 4 0
7 17 0 0
7 17 1 0
7 17 2 0
7 17 3 0
7 17 4 0
7 18 0 0
7 18 1 0
7 18 2 0
7 18 3 0
7 18 4 0
7 19 0 0
7 19 1 0
7 19 2 0
7 19 3 0
7 19 4 0
7 20 0 0
7 20 1 0
7 20 2 0
7 20 3 0
7 20 4 0
7 21 0 0
7 21 1 0
7 21 2 0
7 21 3 0
7 21 4 0
7 22 0 3636
7 22 1 3636
7 22 2 0
7 22 3 0
7 22 4 0
7 23 0 4554
7 23 1 4554
7 23 2 4554
7 23 3 0
7 23 4 0
7 24 0 0
7 24 1 0
7 24 2 0
7 24 3 0
7 24 4 0
7 25 0 0
7 25 1 0
7 25 2 0
7 25 3 0
7 25 4 0
7 26 0 3572
7 26 1 3572
7 26 2 0
7 26 3 0
7 26 4 0
7 27 0 4033
7 27 1 4033
7 27 2 4033
7 27 3 0
7 27 4 0
7 28 0 0
7 28 1 0
7 28 2 0
7 28 3 0
7 28 4 0
7 29 0 4676
7 29 1 4676
7 29 2 4676
7 29 3 0
7 29 4 0
8 0 0 0
8 0 1 0
8 0 2 0
8 0 3 0
8 0 4 0
8 1 0 0
8 1 1 0
8 1 2 0
8 1 3 0
8 1 4 0
8 2 0 0
8 2 1 0
8 2 2 0
8 2 3 0
8 2 4 0
8 3 0 0
8 3 1 0
8 3 2 0
8 3 3 0
8 3 4 0
8 4 0 4479
8 4 1 4479
8 4 2 0
8 4 3 0
8 4 4 0
8 5 0 3972
8 5 1 3972
8 5 2 0
8 5 3 0
8 5 4 0
8 6 0 0
8 6 1 0
8 6 2 0
8 6 3 0
8 6 4 0
8 7 0 4757
8 7 1 4757
8 7 2 4757
8 7 3 0
8 7 4 0
8 9 0 3362
8 9 1 3362
8 9 2 3362
8 9 3 0
8 9 4 0
8 10 0 0
8 10 1 0
8 10 2 0
8 10 3 0
8 10 4 0
8 11 0 0
8 11 1 0
8 11 2 0
8 11 3 0
8 11 4 0
8 12 0 3990
8 12 1 3990
8 12 2 0
8 12 3 0
8 12 4 0
8 13 0 0
8 13 1 0
8 13 2 0
8 13 3 0
8 13 4 0
8 14 0 0
8 14 1 0
8 14 2 0
8 14 3 0
8 14 4 0
8 15 0 0
8 15 1 0
8 15 2 0
8 15 3 0
8 15 4 0
8 16 0 0
8 16 1 0
8 16 2 0
8 16 3 0
8 16 4 0
8 17 0 0
8 17 1 0
8 17 2 0
8 17 3 0
8 17 4 0
8 18 0 0
8 18 1 0
8 18 2 0
8 18 3 0
8 18 4 0
8 19 0 0
8 19 1 0
8 19 2 0
8 19 3 0
8 19 4 0
8 20 0 0
8 20 1 0
8 20 2 0
8 20 3 0
8 20 4 0
8 21 0 3465
8 21 1 3465
8 21 2 0
8 21 3 0
8 21 4 0
8 22 0 0
8 22 1 0
8 22 2 0
8 22 3 0
8 22 4 0
8 23 0 0
8 23 1 0
8 23 2 0
8 23 3 0
8 23 4 0
8 24 0 0
8 24 1 0
8 24 2 0
8 24 3 0
8 24 4 0
8 25 0 0
8 25 1 0
8 25 2 0
8 25 3 0
8 25 4 0
8 26 0 0
8 26 1 0
8 26 2 0
8 26 3 0
8 26 4 0
8 27 0 0
8 27 1 0
8 27 2 0
8 27 3 0
8 27 4 0
8 28 0 0
8 28 1 0
8 28 2 0
8 28 3 0
8 28 4 0
8 29 0 3887
8 29 1 3887
8 29 2 3887
8 29 3 0
8 29 4 0
9 0 0 0
9 0 1 0
9 0 2 0
9 0 3 0
9 0 4 0
9 1 0 4901
9 1 1 4901
9 1 2 4901
9 1 3 0
9 1 4 0
9 2 0 0
9 2 1 0
9 2 2 0
9 2 3 0
9 2 4 0
9 3 0 0
9 3 1 0
9 3 2 0
9 3 3 0
9 3 4 0
9 4 0 0
9 4 1 0
9 4 2 0
9 4 3 0
9 4 4 0
9 5 0 0
9 5 1 0
9 5 2 0
9 5 3 0
9 5 4 0
9 6 0 4365
9 6 1 4365
9 6 2 4365
9 6 3 0
9 6 4 0
9 7 0 0
9 7 1 0
9 7 2 0
9 7 3 0
9 7 4 0
9 8 0 0
9 8 1 0
9 8 2 0
9 8 3 0
9 8 4 0
9 10 0 0
9 10 1 0
9 10 2 0
9 10 3 0
9 10 4 0
9 11 0 0
9 11 1 0
9 11 2 0
9 11 3 0
9 11 4 0
9 12 0 3403
9 12 1 3403
9 12 2 3403
9 12 3 0
9 12 4 0
9 13 0 3138
9 13 1 3138
9 13 2 3138
9 13 3 0
9 13 4 0
9 14 0 0
9 14 1 0
9 14 2 0
9 14 3 0
9 14 4 0
9 15 0 0
9 15 1 0
9 15 2 0
9 15 3 0
9 15 4 0
9 16 0 0
9 16 1 0
9 16 2 0
9 16 3 0
9 16 4 0
9 17 0 4645
9 17 1 4645
9 17 2 0
9 17 3 0
9 17 4 0
9 18 0 0
9 18 1 0
9 18 2 0
9 18 3 0
9 18 4 0
9 19 0 0
9 19 1 0
9 19 2 0
9 19 3 0
9 19 4 0
9 20 0 0
9 20 1 0
9 20 2 0
9 20 3 0
9 20 4 0
9 21 0 0
9 21 1 0
9 21 2 0
9 21 3 0
9 21 4 0
9 22 0 0
9 22 1 0
9 22 2 0
9 22 3 0
9 22 4 0
9 23 0 0
9 23 1 0
9 23 2 0
9 23 3 0
9 23 4 0
9 24 0 0
9 24 1 0
9 24 2 0
9 24 3 0
9 24 4 0
9 25 0 0
9 25 1 0
9 25 2 0
9 25 3 0
9 25 4 0
9 26 0 0
9 26 1 0
9 26 2 0
9 26 3 0
9 26 4 0
9 27 0 0
9 27 1 0
9 27 2 0
9 27 3 0
9 27 4 0
9 28 0 0
9 28 1 0
9 28 2 0
9 28 3 0
9 28 4 0
9 29 0 4702
9 29 1 4702
9 29 2 4702
9 29 3 0
9 29 4 0
10 0 0 0
10 0 1 0
10 0 2 0
10 0 3 0
10 0 4 0
10 1 0 0
10 1 1 0
10 1 2 0
10 1 3 0
10 1 4 0
10 2 0 0
10 2 1 0
10 2 2 0
10 2 3 0
10 2 4 0
10 3 0 0
10 3 1 0
10 3 2 0
10 3 3 0
10 3 4 0
10 4 0 3146
10 4 1 3146
10 4 2 0
10 4 3 0
10 4 4 0
10 5 0 0
10 5 1 0
10 5 2 0
10 5 3 0
10 5 4 0
10 6 0 0
10 6 1 0
10 6 2 0
10 6 3 0
10 6 4 0
10 7 0 0
10 7 1 0
10 7 2 0
10 7 3 0
10 7 4 0
10 8 0 0
10 8 1 0
10 8 2 0
10 8 3 0
10 8 4 0
10 9 0 0
10 9 1 0
10 9 2 0
10 9 3 0
10 9 4 0
10 11 0 0
10 11 1 0
10 11 2 0
10 11 3 0
10 11 4 0
10 12 0 3336
10 12 1 3336
10 12 2 0
10 12 3 0
10 12 4 0
10 13 0 0
10 13 1 0
10 13 2 0
10 13 3 0
10 13 4 0
10 14 0 0
10 14 1 0
10 14 2 0
10 14 3 0
10 14 4 0
10 15 0 3231
10 15 1 3231
10 15 2 3231
10 15 3 0
10 15 4 0
10 16 0 3465
10 16 1 3465
10 16 2 3465
10 16 3 0
10 16 4 0
10 17 0 4144
10 17 1 4144
10 17 2 4144
10 17 3 0
10 17 4 0
10 18 0 0
10 18 1 0
10 18 2 0
10 18 3 0
10 18 4 0
10 19 0 3867
10 19 1 3867
10 19 2 3867
10 19 3 0
10 19 4 0
10 20 0 3032
10 20 1 3032
10 20 2 0
10 20 3 0
10 20 4 0
10 21 0 0
10 21 1 0
10 21 2 0
10 21 3 0
10 21 4 0
10 22 0 0
10 22 1 0
10 22 2 0
10 22 3 0
10 22 4 0
10 23 0 0
10 23 1 0
10 23 2 0
10 23 3 0
10 23 4 0
10 24 0 3300
10 24 1 3300
10 24 2 0
10 24 3 0
10 24 4 0
10 25 0 3264
10 25 1 3264
10 25 2 0
10 25 3 0
10 25 4 0
10 26 0 0
10 26 1 0
10 26 2 0
10 26 3 0
10 26 4 0
10 27 0 0
10 27 1 0
10 27 2 0
10 27 3 0
10 27 4 0
10 28 0 4124
10 28 1 4124
10 28 2 0
10 28 3 0
10 28 4 0
10 29 0 3584
10 29 1 3584
10 29 2 0
10 29 3 0
10 29 4 0
11 0 0 0
11 0 1 0
11 0 2 0
11 0 3 0
11 0 4 0
11 1 0 4485
11 1 1 4485
11 1 2 4485
11 1 3 0
11 1 4 0
11 2 0 0
11 2 1 0
11 2 2 0
11 2 3 0
11 2 4 0
11 3 0 0
11 3 1 0
11 3 2 0
11 3 3 0
11 3 4 0
11 4 0 0
11 4 1 0
11 4 2 0
11 4 3 0
11 4 4 0
11 5 0 0
11 5 1 0
11 5 2 0
11 5 3 0
11 5 4 0
11 6 0 0
11 6 1 0
11 6 2 0
11 6 3 0
11 6 4 0
11 7 0 0
11 7 1 0
11 7 2 0
11 7 3 0
11 7 4 0
11 8 0 0
11 8 1 0
11 8 2 0
11 8 3 0
11 8 4 0
11 9 0 4272
11 9 1 4272
11 9 2 0
11 9 3 0
11 9 4 0
11 10 0 0
11 10 1 0
11 10 2 0
11 10 3 0
11 10 4 0
11 12 0 4545
11 12 1 4545
11 12 2 4545
11 12 3 0
11 12 4 0
11 13 0 0
11 13 1 0
11 13 2 0
11 13 3 0
11 13 4 0
11 14 0 0
11 14 1 0
11 14 2 0
11 14 3 0
11 14 4 0
11 15 0 0
11 15 1 0
11 15 2 0
11 15 3 0
11 15 4 0
11 16 0 3952
11 16 1 3952
11 16 2 0
11 16 3 0
11 16 4 0
11 17 0 0
11 17 1 0
11 17 2 0
11 17 3 0
11 17 4 0
11 18 0 0
11 18 1 0
11 18 2 0
11 18 3 0
11 18 4 0
11 19 0 0
11 19 1 0
11 19 2 0
11 19 3 0
11 19 4 0
11 20 0 4315
11 20 1 4315
11 20 2 0
11 20 3 0
11 20 4 0
11 21 0 0
11 21 1 0
11 21 2 0
11 21 3 0
11 21 4 0
11 22 0 0
11 22 1 0
11 22 2 0
11 22 3 0
11 22 4 0
11 23 0 0
11 23 1 0
11 23 2 0
11 23 3 0
11 23 4 0
11 24 0 0
11 24 1 0
11 24 2 0
11 24 3 0
11 24 4 0
11 25 0 0
11 25 1 0
11 25 2 0
11 25 3 0
11 25 4 0
11 26 0 0
11 26 1 0
11 26 2 0
11 26 3 0
11 26 4 0
11 27 0 0
11 27 1 0
11 27 2 0
11 27 3 0
11 27 4 0
11 28 0 0
11 28 1 0
11 28 2 0
11 28 3 0
11 28 4 0
11 29 0 4350
11 29 1 4350
11 29 2 4350
11 29 3 0
11 29 4 0
12 0 0 3647
12 0 1 3647
12 0 2 0
12 0 3 0
12 0 4 0
12 1 0 4733
12 1 1 4733
12 1 2 4733
12 1 3 0
12 1 4 0
12 2 0 4822
12 2 1 4822
12 2 2 4822
12 2 3 0
12 2 4 0
12 3 0 0
12 3 1 0
12 3 2 0
12 3 3 0
12 3 4 0
12 4 0 0
12 4 1 0
12 4 2 0
12 4 3 0
12 4 4 0
12 5 0 0
12 5 1 0
12 5 2 0
12 5 3 0
12 5 4 0
12 6 0 0
12 6 1 0
12 6 2 0
12 6 3 0
12 6 4 0
12 7 0 0
12 7 1 0
12 7 2 0
12 7 3 0
12 7 4 0
12 8 0 0
12 8 1 0
12 8 2 0
12 8 3 0
12 8 4 0
12 9 0 0
12 9 1 0
12 9 2 0
12 9 3 0
12 9 4 0
12 10 0 0
12 10 1 0
12 10 2 0
12 10 3 0
12 10 4 0
12 11 0 0
12 11 1 0
12 11 2 0
12 11 3 0
12 11 4 0
12 13 0 0
12 13 1 0
12 13 2 0
12 13 3 0
12 13 4 0
12 14 0 0
12 14 1 0
12 14 2 0
12 14 3 0
12 14 4 0
12 15 0 0
12 15 1 0
12 15 2 0
12 15 3 0
12 15 4 0
12 16 0 0
12 16 1 0
12 16 2 0
12 16 3 0
12 16 4 0
12 17 0 4283
12 17 1 4283
12 17 2 0
12 17 3 0
12 17 4 0
12 18 0 0
12 18 1 0
12 18 2 0
12 18 3 0
12 18 4 0
12 19 0 3740
12 19 1 3740
12 19 2 0
12 19 3 0
12 19 4 0
12 20 0 0
12 20 1 0
12 20 2 0
12 20 3 0
12 20 4 0
12 21 0 0
12 21 1 0
12 21 2 0
12 21 3 0
12 21 4 0
12 22 0 0
12 22 1 0
12 22 2 0
12 22 3 0
12 22 4 0
12 23 0 4740
12 23 1 4740
12 23 2 4740
12 23 3 0
12 23 4 0
12 24 0 0
12 24 1 0
12 24 2 0
12 24 3 0
12 24 4 0
12 25 0 3354
12 25 1 3354
12 25 2 0
12 25 3 0
12 25 4 0
12 26 0 0
12 26 1 0
12 26 2 0
12 26 3 0
12 26 4 0
12 27 0 4850
12 27 1 4850
12 27 2 0
12 27 3 0
12 27 4 0
12 28 0 4485
12 28 1 4485
12 28 2 4485
12 28 3 0
12 28 4 0
12 29 0 0
12 29 1 0
12 29 2 0
12 29 3 0
12 29 4 0
13 0 0 0
13 0 1 0
13 0 2 0
13 0 3 0
13 0 4 0
13 1 0 3032
13 1 1 3032
13 1 2 3032
13 1 3 0
13 1 4 0
13 2 0 0
13 2 1 0
13 2 2 0
13 2 3 0
13 2 4 0
13 3 0 4836
13 3 1 4836
13 3 2 0
13 3 3 0
13 3 4 0
13 4 0 0
13 4 1 0
13 4 2 0
13 4 3 0
13 4 4 0
13 5 0 3607
13 5 1 3607
13 5 2 0
13 5 3 0
13 5 4 0
13 6 0 4467
13 6 1 4467
13 6 2 0
13 6 3 0
13 6 4 0
13 7 0 0
13 7 1 0
13 7 2 0
13 7 3 0
13 7 4 0
13 8 0 3304
13 8 1 3304
13 8 2 0
13 8 3 0
13 8 4 0
13 9 0 0
13 9 1 0
13 9 2 0
13 9 3 0
13 9 4 0
13 10 0 3647
13 10 1 3647
13 10 2 0
13 10 3 0
13 10 4 0
13 11 0 0
13 11 1 0
13 11 2 0
13 11 3 0
13 11 4 0
13 12 0 3566
13 12 1 3566
13 12 2 3566
13 12 3 0
13 12 4 0
13 14 0 3980
13 14 1 3980
13 14 2 3980
13 14 3 0
13 14 4 0
13 15 0 0
13 15 1 0
13 15 2 0
13 15 3 0
13 15 4 0
13 16 0 3500
13 16 1 3500
13 16 2 3500
13 16 3 0
13 16 4 0
13 17 0 0
13 17 1 0
13 17 2 0
13 17 3 0
13 17 4 0
13 18 0 4434
13 18 1 4434
13 18 2 4434
13 18 3 0
13 18 4 0
13 19 0 4707
13 19 1 4707
13 19 2 4707
13 19 3 0
13 19 4 0
13 20 0 0
13 20 1 0
13 20 2 0
13 20 3 0
13 20 4 0
13 21 0 0
13 21 1 0
13 21 2 0
13 21 3 0
13 21 4 0
13 22 0 3833
13 22 1 3833
13 22 2 3833
13 22 3 0
13 22 4 0
13 23 0 4750
13 23 1 4750
13 23 2 4750
13 23 3 0
13 23 4 0
13 24 0 4048
13 24 1 4048
13 24 2 0
13 24 3 0
13 24 4 0
13 25 0 0
13 25 1 0
13 25 2 0
13 25 3 0
13 25 4 0
13 26 0 4896
13 26 1 4896
13 26 2 4896
13 26 3 0
13 26 4 0
13 27 0 0
13 27 1 0
13 27 2 0
13 27 3 0
13 27 4 0
13 28 0 0
13 28 1 0
13 28 2 0
13 28 3 0
13 28 4 0
13 29 0 3921
13 29 1 3921
13 29 2 3921
13 29 3 0
13 29 4 0
14 0 0 0
14 0 1 0
14 0 2 0
14 0 3 0
14 0 4 0
14 1 0 3398
14 1 1 3398
14 1 2 0
14 1 3 0
14 1 4 0
14 2 0 0
14 2 1 0
14 2 2 0
14 2 3 0
14 2 4 0
14 3 0 0
14 3 1 0
14 3 2 0
14 3 3 0
14 3 4 0
14 4 0 4250
14 4 1 4250
14 4 2 4250
14 4 3 0
14 4 4 0
14 5 0 0
14 5 1 0
14 5 2 0
14 5 3 0
14 5 4 0
14 6 0 0
14 6 1 0
14 6 2 0
14 6 3 0
14 6 4 0
14 7 0 0
14 7 1 0
14 7 2 0
14 7 3 0
14 7 4 0
14 8 0 3403
14 8 1 3403
14 8 2 0
14 8 3 0
14 8 4 0
14 9 0 0
14 9 1 0
14 9 2 0
14 9 3 0
14 9 4 0
14 10 0 4300
14 10 1 4300
14 10 2 4300
14 10 3 0
14 10 4 0
14 11 0 0
14 11 1 0
14 11 2 0
14 11 3 0
14 11 4 0
14 12 0 0
14 12 1 0
14 12 2 0
14 12 3 0
14 12 4 0
14 13 0 0
14 13 1 0
14 13 2 0
14 13 3 0
14 13 4 0
14 15 0 3747
14 15 1 3747
14 15 2 3747
14 15 3 0
14 15 4 0
14 16 0 4305
14 16 1 4305
14 16 2 0
14 16 3 0
14 16 4 0
14 17 0 0
14 17 1 0
14 17 2 0
14 17 3 0
14 17 4 0
14 18 0 0
14 18 1 0
14 18 2 0
14 18 3 0
14 18 4 0
14 19 0 0
14 19 1 0
14 19 2 0
14 19 3 0
14 19 4 0
14 20 0 3535
14 20 1 3535
14 20 2 3535
14 20 3 0
14 20 4 0
14 21 0 0
14 21 1 0
14 21 2 0
14 21 3 0
14 21 4 0
14 22 0 3743
14 22 1 3743
14 22 2 0
14 22 3 0
14 22 4 0
14 23 0 0
14 23 1 0
14 23 2 0
14 23 3 0
14 23 4 0
14 24 0 4546
14 24 1 4546
14 24 2 0
14 24 3 0
14 24 4 0
14 25 0 4602
14 25 1 4602
14 25 2 4602
14 25 3 0
14 25 4 0
14 26 0 0
14 26 1 0
14 26 2 0
14 26 3 0
14 26 4 0
14 27 0 3946
14 27 1 3946
14 27 2 3946
14 27 3 0
14 27 4 0
14 28 0 4801
14 28 1 4801
14 28 2 0
14 28 3 0
14 28 4 0
14 29 0 0
14 29 1 0
14 29 2 0
14 29 3 0
14 29 4 0
15 0 0 0
15 0 1 0
15 0 2 0
15 0 3 0
15 0 4 0
15 1 0 0
15 1 1 0
15 1 2 0
15 1 3 0
15 1 4 0
15 2 0 0
15 2 1 0
15 2 2 0
15 2 3 0
15 2 4 0
15 3 0 0
15 3 1 0
15 3 2 0
15 3 3 0
15 3 4 0
15 4 0 3169
15 4 1 3169
15 4 2 0
15 4 3 0
15 4 4 0
15 5 0 0
15 5 1 0
15 5 2 0
15 5 3 0
15 5 4 0
15 6 0 0
15 6 1 0
15 6 2 0
15 6 3 0
15 6 4 0
15 7 0 0
15 7 1 0
15 7 2 0
15 7 3 0
15 7 4 0
15 8 0 0
15 8 1 0
15 8 2 0
15 8 3 0
15 8 4 0
15 9 0 0
15 9 1 0
15 9 2 0
15 9 3 0
15 9 4 0
15 10 0 0
15 10 1 0
15 10 2 0
15 10 3 0
15 10 4 0
15 11 0 3993
15 11 1 3993
15 11 2 3993
15 11 3 0
15 11 4 0
15 12 0 0
15 12 1 0
15 12 2 0
15 12 3 0
15 12 4 0
15 13 0 0
15 13 1 0
15 13 2 0
15 13 3 0
15 13 4 0
15 14 0 0
15 14 1 0
15 14 2 0
15 14 3 0
15 14 4 0
15 16 0 0
15 16 1 0
15 16 2 0
15 16 3 0
15 16 4 0
15 17 0 0
15 17 1 0
15 17 2 0
15 17 3 0
15 17 4 0
15 18 0 0
15 18 1 0
15 18 2 0
15 18 3 0
15 18 4 0
15 19 0 3299
15 19 1 3299
15 19 2 0
15 19 3 0
15 19 4 0
15 20 0 0
15 20 1 0
15 20 2 0
15 20 3 0
15 20 4 0
15 21 0 0
15 21 1 0
15 21 2 0
15 21 3 0
15 21 4 0
15 22 0 0
15 22 1 0
15 22 2 0
15 22 3 0
15 22 4 0
15 23 0 0
15 23 1 0
15 23 2 0
15 23 3 0
15 23 4 0
15 24 0 0
15 24 1 0
15 24 2 0
15 24 3 0
15 24 4 0
15 25 0 0
15 25 1 0
15 25 2 0
15 25 3 0
15 25 4 0
15 26 0 0
15 26 1 0
15 26 2 0
15 26 3 0
15 26 4 0
15 27 0 3871
15 27 1 3871
15 27 2 0
15 27 3 0
15 27 4 0
15 28 0 0
15 28 1 0
15 28 2 0
15 28 3 0
15 28 4 0
15 29 0 3982
15 29 1 3982
15 29 2 0
15 29 3 0
15 29 4 0
16 0 0 0
16 0 1 0
16 0 2 0
16 0 3 0
16 0 4 0
16 1 0 3027
16 1 1 3027
16 1 2 3027
16 1 3 0
16 1 4 0
16 2 0 3198
16 2 1 3198
16 2 2 3198
16 2 3 0
16 2 4 0
16 3 0 0
16 3 1 0
16 3 2 0
16 3 3 0
16 3 4 0
16 4 0 0
16 4 1 0
16 4 2 0
16 4 3 0
16 4 4 0
16 5 0 3167
16 5 1 3167
16 5 2 3167
16 5 3 0
16 5 4 0
16 6 0 3583
16 6 1 3583
16 6 2 3583
16 6 3 0
16 6 4 0
16 7 0 3247
16 7 1 3247
16 7 2 3247
16 7 3 0
16 7 4 0
16 8 0 0
16 8 1 0
16 8 2 0
16 8 3 0
16 8 4 0
16 9 0 0
16 9 1 0
16 9 2 0
16 9 3 0
16 9 4 0
16 10 0 0
16 10 1 0
16 10 2 0
16 10 3 0
16 10 4 0
16 11 0 0
16 11 1 0
16 11 2 0
16 11 3 0
16 11 4 0
16 12 0 0
16 12 1 0
16 12 2 0
16 12 3 0
16 12 4 0
16 13 0 3574
16 13 1 3574
16 13 2 3574
16 13 3 0
16 13 4 0
16 14 0 4911
16 14 1 4911
16 14 2 4911
16 14 3 0
16 14 4 0
16 15 0 0
16 15 1 0
16 15 2 0
16 15 3 0
16 15 4 0
16 17 0 4579
16 17 1 4579
16 17 2 4579
16 17 3 0
16 17 4 0
16 18 0 4360
16 18 1 4360
16 18 2 4360
16 18 3 0
16 18 4 0
16 19 0 3783
16 19 1 3783
16 19 2 0
16 19 3 0
16 19 4 0
16 20 0 3839
16 20 1 3839
16 20 2 3839
16 20 3 0
16 20 4 0
16 21 0 0
16 21 1 0
16 21 2 0
16 21 3 0
16 21 4 0
16 22 0 0
16 22 1 0
16 22 2 0
16 22 3 0
16 22 4 0
16 23 0 3798
16 23 1 3798
16 23 2 0
16 23 3 0
16 23 4 0
16 24 0 0
16 24 1 0
16 24 2 0
16 24 3 0
16 24 4 0
16 25 0 4572
16 25 1 4572
16 25 2 0
16 25 3 0
16 25 4 0
16 26 0 0
16 26 1 0
16 26 2 0
16 26 3 0
16 26 4 0
16 27 0 0
16 27 1 0
16 27 2 0
16 27 3 0
16 27 4 0
16 28 0 4908
16 28 1 4908
16 28 2 0
16 28 3 0
16 28 4 0
16 29 0 0
16 29 1 0
16 29 2 0
16 29 3 0
16 29 4 0
17 0 0 0
17 0 1 0
17 0 2 0
17 0 3 0
17 0 4 0
17 1 0 0
17 1 1 0
17 1 2 0
17 1 3 0
17 1 4 0
17 2 0 0
17 2 1 0
17 2 2 0
17 2 3 0
17 2 4 0
17 3 0 0
17 3 1 0
17 3 2 0
17 3 3 0
17 3 4 0
17 4 0 0
17 4 1 0
17 4 2 0
17 4 3 0
17 4 4 0
17 5 0 0
17 5 1 0
17 5 2 0
17 5 3 0
17 5 4 0
17 6 0 0
17 6 1 0
17 6 2 0
17 6 3 0
17 6 4 0
17 7 0 0
17 7 1 0
17 7 2 0
17 7 3 0
17 7 4 0
17 8 0 4078
17 8 1 4078
17 8 2 0
17 8 3 0
17 8 4 0
17 9 0 0
17 9 1 0
17 9 2 0
17 9 3 0
17 9 4 0
17 10 0 0
17 10 1 0
17 10 2 0
17 10 3 0
17 10 4 0
17 11 0 0
17 11 1 0
17 11 2 0
17 11 3 0
17 11 4 0
17 12 0 4129
17 12 1 4129
17 12 2 4129
17 12 3 0
17 12 4 0
17 13 0 0
17 13 1 0
17 13 2 0
17 13 3 0
17 13 4 0
17 14 0 0
17 14 1 0
17 14 2 0
17 14 3 0
17 14 4 0
17 15 0 3502
17 15 1 3502
17 15 2 0
17 15 3 0
17 15 4 0
17 16 0 4122
17 16 1 4122
17 16 2 0
17 16 3 0
17 16 4 0
17 18 0 0
17 18 1 0
17 18 2 0
17 18 3 0
17 18 4 0
17 19 0 0
17 19 1 0
17 19 2 0
17 19 3 0
17 19 4 0
17 20 0 0
17 20 1 0
17 20 2 0
17 20 3 0
17 20 4 0
17 21 0 0
17 21 1 0
17 21 2 0
17 21 3 0
17 21 4 0
17 22 0 3557
17 22 1 3557
17 22 2 3557
17 22 3 0
17 22 4 0
17 23 0 0
17 23 1 0
17 23 2 0
17 23 3 0
17 23 4 0
17 24 0 0
17 24 1 0
17 24 2 0
17 24 3 0
17 24 4 0
17 25 0 4560
17 25 1 4560
17 25 2 0
17 25 3 0
17 25 4 0
17 26 0 0
17 26 1 0
17 26 2 0
17 26 3 0
17 26 4 0
17 27 0 3140
17 27 1 3140
17 27 2 0
17 27 3 0
17 27 4 0
17 28 0 3966
17 28 1 3966
17 28 2 0
17 28 3 0
17 28 4 0
17 29 0 0
17 29 1 0
17 29 2 0
17 29 3 0
17 29 4 0
18 0 0 0
18 0 1 0
18 0 2 0
18 0 3 0
18 0 4 0
18 1 0 0
18 1 1 0
18 1 2 0
18 1 3 0
18 1 4 0
18 2 0 0
18 2 1 0
18 2 2 0
18 2 3 0
18 2 4 0
18 3 0 4261
18 3 1 4261
18 3 2 0
18 3 3 0
18 3 4 0
18 4 0 0
18 4 1 0
18 4 2 0
18 4 3 0
18 4 4 0
18 5 0 0
18 5 1 0
18 5 2 0
18 5 3 0
18 5 4 0
18 6 0 0
18 6 1 0
18 6 2 0
18 6 3 0
18 6 4 0
18 7 0 0
18 7 1 0
18 7 2 0
18 7 3 0
18 7 4 0
18 8 0 0
18 8 1 0
18 8 2 0
18 8 3 0
18 8 4 0
18 9 0 0
18 9 1 0
18 9 2 0
18 9 3 0
18 9 4 0
18 10 0 3061
18 10 1 3061
18 10 2 0
18 10 3 0
18 10 4 0
18 11 0 4025
18 11 1 4025
18 11 2 4025
18 11 3 0
18 11 4 0
18 12 0 3298
18 12 1 3298
18 12 2 3298
18 12 3 0
18 12 4 0
18 13 0 4242
18 13 1 4242
18 13 2 0
18 13 3 0
18 13 4 0
18 14 0 0
18 14 1 0
18 14 2 0
18 14 3 0
18 14 4 0
18 15 0 0
18 15 1 0
18 15 2 0
18 15 3 0
18 15 4 0
18 16 0 0
18 16 1 0
18 16 2 0
18 16 3 0
18 16 4 0
18 17 0 3154
18 17 1 3154
18 17 2 3154
18 17 3 0
18 17 4 0
18 19 0 0
18 19 1 0
18 19 2 0
18 19 3 0
18 19 4 0
18 20 0 0
18 20 1 0
18 20 2 0
18 20 3 0
18 20 4 0
18 21 0 3914
18 21 1 3914
18 21 2 0
18 21 3 0
18 21 4 0
18 22 0 0
18 22 1 0
18 22 2 0
18 22 3 0
18 22 4 0
18 23 0 4122
18 23 1 4122
18 23 2 0
18 23 3 0
18 23 4 0
18 24 0 4539
18 24 1 4539
18 24 2 0
18 24 3 0
18 24 4 0
18 25 0 3841
18 25 1 3841
18 25 2 0
18 25 3 0
18 25 4 0
18 26 0 3453
18 26 1 3453
18 26 2 3453
18 26 3 0
18 26 4 0
18 27 0 0
18 27 1 0
18 27 2 0
18 27 3 0
18 27 4 0
18 28 0 0
18 28 1 0
18 28 2 0
18 28 3 0
18 28 4 0
18 29 0 3330
18 29 1 3330
18 29 2 3330
18 29 3 0
18 29 4 0
19 0 0 4552
19 0 1 4552
19 0 2 0
19 0 3 0
19 0 4 0
19 1 0 0
19 1 1 0
19 1 2 0
19 1 3 0
19 1 4 0
19 2 0 0
19 2 1 0
19 2 2 0
19 2 3 0
19 2 4 0
19 3 0 0
19 3 1 0
19 3 2 0
19 3 3 0
19 3 4 0
19 4 0 0
19 4 1 0
19 4 2 0
19 4 3 0
19 4 4 0
19 5 0 3782
19 5 1 3782
19 5 2 3782
19 5 3 0
19 5 4 0
19 6 0 0
19 6 1 0
19 6 2 0
19 6 3 0
19 6 4 0
19 7 0 3964
19 7 1 3964
19 7 2 3964
19 7 3 0
19 7 4 0
19 8 0 0
19 8 1 0
19 8 2 0
19 8 3 0
19 8 4 0
19 9 0 3930
19 9 1 3930
19 9 2 3930
19 9 3 0
19 9 4 0
19 10 0 3473
19 10 1 3473
19 10 2 0
19 10 3 0
19 10 4 0
19 11 0 0
19 11 1 0
19 11 2 0
19 11 3 0
19 11 4 0
19 12 0 0
19 12 1 0
19 12 2 0
19 12 3 0
19 12 4 0
19 13 0 3352
19 13 1 3352
19 13 2 3352
19 13 3 0
19 13 4 0
19 14 0 0
19 14 1 0
19 14 2 0
19 14 3 0
19 14 4 0
19 15 0 0
19 15 1 0
19 15 2 0
19 15 3 0
19 15 4 0
19 16 0 4109
19 16 1 4109
19 16 2 0
19 16 3 0
19 16 4 0
19 17 0 3263
19 17 1 3263
19 17 2 3263
19 17 3 0
19 17 4 0
19 18 0 4413
19 18 1 4413
19 18 2 4413
19 18 3 0
19 18 4 0
19 20 0 0
19 20 1 0
19 20 2 0
19 20 3 0
19 20 4 0
19 21 0 0
19 21 1 0
19 21 2 0
19 21 3 0
19 21 4 0
19 22 0 0
19 22 1 0
19 22 2 0
19 22 3 0
19 22 4 0
19 23 0 0
19 23 1 0
19 23 2 0
19 23 3 0
19 23 4 0
19 24 0 0
19 24 1 0
19 24 2 0
19 24 3 0
19 24 4 0
19 25 0 0
19 25 1 0
19 25 2 0
19 25 3 0
19 25 4 0
19 26 0 3173
19 26 1 3173
19 26 2 3173
19 26 3 0
19 26 4 0
19 27 0 0
19 27 1 0
19 27 2 0
19 27 3 0
19 27 4 0
19 28 0 3545
19 28 1 3545
19 28 2 0
19 28 3 0
19 28 4 0
19 29 0 4190
19 29 1 4190
19 29 2 4190
19 29 3 0
19 29 4 0
20 0 0 0
20 0 1 0
20 0 2 0
20 0 3 0
20 0 4 0
20 1 0 0
20 1 1 0
20 1 2 0
20 1 3 0
20 1 4 0
20 2 0 0
20 2 1 0
20 2 2 0
20 2 3 0
20 2 4 0
20 3 0 0
20 3 1 0
20 3 2 0
20 3 3 0
20 3 4 0
20 4 0 4835
20 4 1 4835
20 4 2 4835
20 4 3 0
20 4 4 0
20 5 0 0
20 5 1 0
20 5 2 0
20 5 3 0
20 5 4 0
20 6 0 4758
20 6 1 4758
20 6 2 4758
20 6 3 0
20 6 4 0
20 7 0 0
20 7 1 0
20 7 2 0
20 7 3 0
20 7 4 0
20 8 0 0
20 8 1 0
20 8 2 0
20 8 3 0
20 8 4 0
20 9 0 0
20 9 1 0
20 9 2 0
20 9 3 0
20 9 4 0
20 10 0 0
20 10 1 0
20 10 2 0
20 10 3 0
20 10 4 0
20 11 0 0
20 11 1 0
20 11 2 0
20 11 3 0
20 11 4 0
20 12 0 3322
20 12 1 3322
20 12 2 3322
20 12 3 0
20 12 4 0
20 13 0 0
20 13 1 0
20 13 2 0
20 13 3 0
20 13 4 0
20 14 0 0
20 14 1 0
20 14 2 0
20 14 3 0
20 14 4 0
20 15 0 0
20 15 1 0
20 15 2 0
20 15 3 0
20 15 4 0
20 16 0 3106
20 16 1 3106
20 16 2 3106
20 16 3 0
20 16 4 0
20 17 0 4849
20 17 1 4849
20 17 2 4849
20 17 3 0
20 17 4 0
20 18 0 0
20 18 1 0
20 18 2 0
20 18 3 0
20 18 4 0
20 19 0 0
20 19 1 0
20 19 2 0
20 19 3 0
20 19 4 0
20 21 0 4792
20 21 1 4792
20 21 2 0
20 21 3 0
20 21 4 0
20 22 0 4511
20 22 1 4511
20 22 2 4511
20 22 3 0
20 22 4 0
20 23 0 3944
20 23 1 3944
20 23 2 0
20 23 3 0
20 23 4 0
20 24 0 0
20 24 1 0
20 24 2 0
20 24 3 0
20 24 4 0
20 25 0 4020
20 25 1 4020
20 25 2 4020
20 25 3 0
20 25 4 0
20 26 0 0
20 26 1 0
20 26 2 0
20 26 3 0
20 26 4 0
20 27 0 4858
20 27 1 4858
20 27 2 4858
20 27 3 0
20 27 4 0
20 28 0 0
20 28 1 0
20 28 2 0
20 28 3 0
20 28 4 0
20 29 0 0
20 29 1 0
20 29 2 0
20 29 3 0
20 29 4 0
21 0 0 0
21 0 1 0
21 0 2 0
21 0 3 0
21 0 4 0
21 1 0 0
21 1 1 0
21 1 2 0
21 1 3 0
21 1 4 0
21 2 0 0
21 2 1 0
21 2 2 0
21 2 3 0
21 2 4 0
21 3 0 3290
21 3 1 3290
21 3 2 0
21 3 3 0
21 3 4 0
21 4 0 0
21 4 1 0
21 4 2 0
21 4 3 0
21 4 4 0
21 5 0 4528
21 5 1 4528
21 5 2 4528
21 5 3 0
21 5 4 0
21 6 0 0
21 6 1 0
21 6 2 0
21 6 3 0
21 6 4 0
21 7 0 0
21 7 1 0
21 7 2 0
21 7 3 0
21 7 4 0
21 8 0 4297
21 8 1 4297
21 8 2 0
21 8 3 0
21 8 4 0
21 9 0 3051
21 9 1 3051
21 9 2 0
21 9 3 0
21 9 4 0
21 10 0 0
21 10 1 0
21 10 2 0
21 10 3 0
21 10 4 0
21 11 0 0
21 11 1 0
21 11 2 0
21 11 3 0
21 11 4 0
21 12 0 4605
21 12 1 4605
21 12 2 0
21 12 3 0
21 12 4 0
21 13 0 4551
21 13 1 4551
21 13 2 4551
21 13 3 0
21 13 4 0
21 14 0 3141
21 14 1 3141
21 14 2 3141
21 14 3 0
21 14 4 0
21 15 0 0
21 15 1 0
21 15 2 0
21 15 3 0
21 15 4 0
21 16 0 0
21 16 1 0
21 16 2 0
21 16 3 0
21 16 4 0
21 17 0 0
21 17 1 0
21 17 2 0
21 17 3 0
21 17 4 0
21 18 0 0
21 18 1 0
21 18 2 0
21 18 3 0
21 18 4 0
21 19 0 4021
21 19 1 4021
21 19 2 4021
21 19 3 0
21 19 4 0
21 20 0 0
21 20 1 0
21 20 2 0
21 20 3 0
21 20 4 0
21 22 0 0
21 22 1 0
21 22 2 0
21 22 3 0
21 22 4 0
21 23 0 0
21 23 1 0
21 23 2 0
21 23 3 0
21 23 4 0
21 24 0 0
21 24 1 0
21 24 2 0
21 24 3 0
21 24 4 0
21 25 0 3634
21 25 1 3634
21 25 2 0
21 25 3 0
21 25 4 0
21 26 0 0
21 26 1 0
21 26 2 0
21 26 3 0
21 26 4 0
21 27 0 0
21 27 1 0
21 27 2 0
21 27 3 0
21 27 4 0
21 28 0 0
21 28 1 0
21 28 2 0
21 28 3 0
21 28 4 0
21 29 0 0
21 29 1 0
21 29 2 0
21 29 3 0
21 29 4 0
22 0 0 3389
22 0 1 3389
22 0 2 3389
22 0 3 0
22 0 4 0
22 1 0 0
22 1 1 0
22 1 2 0
22 1 3 0
22 1 4 0
22 2 0 4528
22 2 1 4528
22 2 2 4528
22 2 3 0
22 2 4 0
22 3 0 0
22 3 1 0
22 3 2 0
22 3 3 0
22 3 4 0
22 4 0 0
22 4 1 0
22 4 2 0
22 4 3 0
22 4 4 0
22 5 0 0
22 5 1 0
22 5 2 0
22 5 3 0
22 5 4 0
22 6 0 0
22 6 1 0
22 6 2 0
22 6 3 0
22 6 4 0
22 7 0 0
22 7 1 0
22 7 2 0
22 7 3 0
22 7 4 0
22 8 0 3509
22 8 1 3509
22 8 2 3509
22 8 3 0
22 8 4 0
22 9 0 0
22 9 1 0
22 9 2 0
22 9 3 0
22 9 4 0
22 10 0 0
22 10 1 0
22 10 2 0
22 10 3 0
22 10 4 0
22 11 0 0
22 11 1 0
22 11 2 0
22 11 3 0
22 11 4 0
22 12 0 4193
22 12 1 4193
22 12 2 0
22 12 3 0
22 12 4 0
22 13 0 0
22 13 1 0
22 13 2 0
22 13 3 0
22 13 4 0
22 14 0 4694
22 14 1 4694
22 14 2 4694
22 14 3 0
22 14 4 0
22 15 0 0
22 15 1 0
22 15 2 0
22 15 3 0
22 15 4 0
22 16 0 4413
22 16 1 4413
22 16 2 0
22 16 3 0
22 16 4 0
22 17 0 0
22 17 1 0
22 17 2 0
22 17 3 0
22 17 4 0
22 18 0 0
22 18 1 0
22 18 2 0
22 18 3 0
22 18 4 0
22 19 0 0
22 19 1 0
22 19 2 0
22 19 3 0
22 19 4 0
22 20 0 3447
22 20 1 3447
22 20 2 3447
22 20 3 0
22 20 4 0
22 21 0 3675
22 21 1 3675
22 21 2 0
22 21 3 0
22 21 4 0
22 23 0 0
22 23 1 0
22 23 2 0
22 23 3 0
22 23 4 0
22 24 0 3081
22 24 1 3081
22 24 2 3081
22 24 3 0
22 24 4 0
22 25 0 0
22 25 1 0
22 25 2 0
22 25 3 0
22 25 4 0
22 26 0 0
22 26 1 0
22 26 2 0
22 26 3 0
22 26 4 0
22 27 0 0
22 27 1 0
22 27 2 0
22 27 3 0
22 27 4 0
22 28 0 0
22 28 1 0
22 28 2 0
22 28 3 0
22 28 4 0
22 29 0 4317
22 29 1 4317
22 29 2 4317
22 29 3 0
22 29 4 0
23 0 0 0
23 0 1 0
23 0 2 0
23 0 3 0
23 0 4 0
23 1 0 3136
23 1 1 3136
23 1 2 3136
23 1 3 0
23 1 4 0
23 2 0 0
23 2 1 0
23 2 2 0
23 2 3 0
23 2 4 0
23 3 0 0
23 3 1 0
23 3 2 0
23 3 3 0
23 3 4 0
23 4 0 0
23 4 1 0
23 4 2 0
23 4 3 0
23 4 4 0
23 5 0 3866
23 5 1 3866
23 5 2 3866
23 5 3 0
23 5 4 0
23 6 0 3077
23 6 1 3077
23 6 2 3077
23 6 3 0
23 6 4 0
23 7 0 3067
23 7 1 3067
23 7 2 0
23 7 3 0
23 7 4 0
23 8 0 3796
23 8 1 3796
23 8 2 0
23 8 3 0
23 8 4 0
23 9 0 3936
23 9 1 3936
23 9 2 3936
23 9 3 0
23 9 4 0
23 10 0 0
23 10 1 0
23 10 2 0
23 10 3 0
23 10 4 0
23 11 0 0
23 11 1 0
23 11 2 0
23 11 3 0
23 11 4 0
23 12 0 4731
23 12 1 4731
23 12 2 4731
23 12 3 0
23 12 4 0
23 13 0 0
23 13 1 0
23 13 2 0
23 13 3 0
23 13 4 0
23 14 0 0
23 14 1 0
23 14 2 0
23 14 3 0
23 14 4 0
23 15 0 0
23 15 1 0
23 15 2 0
23 15 3 0
23 15 4 0
23 16 0 0
23 16 1 0
23 16 2 0
23 16 3 0
23 16 4 0
23 17 0 0
23 17 1 0
23 17 2 0
23 17 3 0
23 17 4 0
23 18 0 0
23 18 1 0
23 18 2 0
23 18 3 0
23 18 4 0
23 19 0 0
23 19 1 0
23 19 2 0
23 19 3 0
23 19 4 0
23 20 0 0
23 20 1 0
23 20 2 0
23 20 3 0
23 20 4 0
23 21 0 0
23 21 1 0
23 21 2 0
23 21 3 0
23 21 4 0
23 22 0 0
23 22 1 0
23 22 2 0
23 22 3 0
23 22 4 0
23 24 0 0
23 24 1 0
23 24 2 0
23 24 3 0
23 24 4 0
23 25 0 0
23 25 1 0
23 25 2 0
23 25 3 0
23 25 4 0
23 26 0 0
23 26 1 0
23 26 2 0
23 26 3 0
23 26 4 0
23 27 0 4940
23 27 1 4940
23 27 2 4940
23 27 3 0
23 27 4 0
23 28 0 3543
23 28 1 3543
23 28 2 3543
23 28 3 0
23 28 4 0
23 29 0 0
23 29 1 0
23 29 2 0
23 29 3 0
23 29 4 0
24 0 0 4905
24 0 1 4905
24 0 2 4905
24 0 3 0
24 0 4 0
24 1 0 0
24 1 1 0
24 1 2 0
24 1 3 0
24 1 4 0
24 2 0 4723
24 2 1 4723
24 2 2 0
24 2 3 0
24 2 4 0
24 3 0 0
24 3 1 0
24 3 2 0
24 3 3 0
24 3 4 0
24 4 0 0
24 4 1 0
24 4 2 0
24 4 3 0
24 4 4 0
24 5 0 0
24 5 1 0
24 5 2 0
24 5 3 0
24 5 4 0
24 6 0 4453
24 6 1 4453
24 6 2 0
24 6 3 0
24 6 4 0
24 7 0 3284
24 7 1 3284
24 7 2 0
24 7 3 0
24 7 4 0
24 8 0 3187
24 8 1 3187
24 8 2 3187
24 8 3 0
24 8 4 0
24 9 0 0
24 9 1 0
24 9 2 0
24 9 3 0
24 9 4 0
24 10 0 0
24 10 1 0
24 10 2 0
24 10 3 0
24 10 4 0
24 11 0 0
24 11 1 0
24 11 2 0
24 11 3 0
24 11 4 0
24 12 0 0
24 12 1 0
24 12 2 0
24 12 3 0
24 12 4 0
24 13 0 4478
24 13 1 4478
24 13 2 4478
24 13 3 0
24 13 4 0
24 14 0 0
24 14 1 0
24 14 2 0
24 14 3 0
24 14 4 0
24 15 0 0
24 15 1 0
24 15 2 0
24 15 3 0
24 15 4 0
24 16 0 4465
24 16 1 4465
24 16 2 4465
24 16 3 0
24 16 4 0
24 17 0 3616
24 17 1 3616
24 17 2 3616
24 17 3 0
24 17 4 0
24 18 0 0
24 18 1 0
24 18 2 0
24 18 3 0
24 18 4 0
24 19 0 3601
24 19 1 3601
24 19 2 3601
24 19 3 0
24 19 4 0
24 20 0 0
24 20 1 0
24 20 2 0
24 20 3 0
24 20 4 0
24 21 0 0
24 21 1 0
24 21 2 0
24 21 3 0
24 21 4 0
24 22 0 3896
24 22 1 3896
24 22 2 0
24 22 3 0
24 22 4 0
24 23 0 0
24 23 1 0
24 23 2 0
24 23 3 0
24 23 4 0
24 25 0 0
24 25 1 0
24 25 2 0
24 25 3 0
24 25 4 0
24 26 0 0
24 26 1 0
24 26 2 0
24 26 3 0
24 26 4 0
24 27 0 0
24 27 1 0
24 27 2 0
24 27 3 0
24 27 4 0
24 28 0 0
24 28 1 0
24 28 2 0
24 28 3 0
24 28 4 0
24 29 0 3942
24 29 1 3942
24 29 2 0
24 29 3 0
24 29 4 0
25 0 0 4457
25 0 1 4457
25 0 2 0
25 0 3 0
25 0 4 0
25 1 0 0
25 1 1 0
25 1 2 0
25 1 3 0
25 1 4 0
25 2 0 4460
25 2 1 4460
25 2 2 0
25 2 3 0
25 2 4 0
25 3 0 0
25 3 1 0
25 3 2 0
25 3 3 0
25 3 4 0
25 4 0 0
25 4 1 0
25 4 2 0
25 4 3 0
25 4 4 0
25 5 0 3829
25 5 1 3829
25 5 2 3829
25 5 3 0
25 5 4 0
25 6 0 0
25 6 1 0
25 6 2 0
25 6 3 0
25 6 4 0
25 7 0 0
25 7 1 0
25 7 2 0
25 7 3 0
25 7 4 0
25 8 0 0
25 8 1 0
25 8 2 0
25 8 3 0
25 8 4 0
25 9 0 0
25 9 1 0
25 9 2 0
25 9 3 0
25 9 4 0
25 10 0 0
25 10 1 0
25 10 2 0
25 10 3 0
25 10 4 0
25 11 0 0
25 11 1 0
25 11 2 0
25 11 3 0
25 11 4 0
25 12 0 0
25 12 1 0
25 12 2 0
25 12 3 0
25 12 4 0
25 13 0 0
25 13 1 0
25 13 2 0
25 13 3 0
25 13 4 0
25 14 0 0
25 14 1 0
25 14 2 0
25 14 3 0
25 14 4 0
25 15 0 4839
25 15 1 4839
25 15 2 4839
25 15 3 0
25 15 4 0
25 16 0 0
25 16 1 0
25 16 2 0
25 16 3 0
25 16 4 0
25 17 0 0
25 17 1 0
25 17 2 0
25 17 3 0
25 17 4 0
25 18 0 0
25 18 1 0
25 18 2 0
25 18 3 0
25 18 4 0
25 19 0 0
25 19 1 0
25 19 2 0
25 19 3 0
25 19 4 0
25 20 0 4434
25 20 1 4434
25 20 2 0
25 20 3 0
25 20 4 0
25 21 0 0
25 21 1 0
25 21 2 0
25 21 3 0
25 21 4 0
25 22 0 3665
25 22 1 3665
25 22 2 0
25 22 3 0
25 22 4 0
25 23 0 0
25 23 1 0
25 23 2 0
25 23 3 0
25 23 4 0
25 24 0 3708
25 24 1 3708
25 24 2 3708
25 24 3 0
25 24 4 0
25 26 0 3429
25 26 1 3429
25 26 2 0
25 26 3 0
25 26 4 0
25 27 0 0
25 27 1 0
25 27 2 0
25 27 3 0
25 27 4 0
25 28 0 4410
25 28 1 4410
25 28 2 0
25 28 3 0
25 28 4 0
25 29 0 3207
25 29 1 3207
25 29 2 3207
25 29 3 0
25 29 4 0
26 0 0 0
26 0 1 0
26 0 2 0
26 0 3 0
26 0 4 0
26 1 0 3915
26 1 1 3915
26 1 2 0
26 1 3 0
26 1 4 0
26 2 0 0
26 2 1 0
26 2 2 0
26 2 3 0
26 2 4 0
26 3 0 0
26 3 1 0
26 3 2 0
26 3 3 0
26 3 4 0
26 4 0 4414
26 4 1 4414
26 4 2 4414
26 4 3 0
26 4 4 0
26 5 0 0
26 5 1 0
26 5 2 0
26 5 3 0
26 5 4 0
26 6 0 3802
26 6 1 3802
26 6 2 0
26 6 3 0
26 6 4 0
26 7 0 4171
26 7 1 4171
26 7 2 0
26 7 3 0
26 7 4 0
26 8 0 0
26 8 1 0
26 8 2 0
26 8 3 0
26 8 4 0
26 9 0 0
26 9 1 0
26 9 2 0
26 9 3 0
26 9 4 0
26 10 0 0
26 10 1 0
26 10 2 0
26 10 3 0
26 10 4 0
26 11 0 4388
26 11 1 4388
26 11 2 4388
26 11 3 0
26 11 4 0
26 12 0 4606
26 12 1 4606
26 12 2 4606
26 12 3 0
26 12 4 0
26 13 0 4274
26 13 1 4274
26 13 2 0
26 13 3 0
26 13 4 0
26 14 0 0
26 14 1 0
26 14 2 0
26 14 3 0
26 14 4 0
26 15 0 0
26 15 1 0
26 15 2 0
26 15 3 0
26 15 4 0
26 16 0 0
26 16 1 0
26 16 2 0
26 16 3 0
26 16 4 0
26 17 0 0
26 17 1 0
26 17 2 0
26 17 3 0
26 17 4 0
26 18 0 3046
26 18 1 3046
26 18 2 0
26 18 3 0
26 18 4 0
26 19 0 3375
26 19 1 3375
26 19 2 0
26 19 3 0
26 19 4 0
26 20 0 0
26 20 1 0
26 20 2 0
26 20 3 0
26 20 4 0
26 21 0 0
26 21 1 0
26 21 2 0
26 21 3 0
26 21 4 0
26 22 0 0
26 22 1 0
26 22 2 0
26 22 3 0
26 22 4 0
26 23 0 4461
26 23 1 4461
26 23 2 0
26 23 3 0
26 23 4 0
26 24 0 0
26 24 1 0
26 24 2 0
26 24 3 0
26 24 4 0
26 25 0 0
26 25 1 0
26 25 2 0
26 25 3 0
26 25 4 0
26 27 0 0
26 27 1 0
26 27 2 0
26 27 3 0
26 27 4 0
26 28 0 0
26 28 1 0
26 28 2 0
26 28 3 0
26 28 4 0
26 29 0 0
26 29 1 0
26 29 2 0
26 29 3 0
26 29 4 0
27 0 0 0
27 0 1 0
27 0 2 0
27 0 3 0
27 0 4 0
27 1 0 3198
27 1 1 3198
27 1 2 3198
27 1 3 0
27 1 4 0
27 2 0 3172
27 2 1 3172
27 2 2 0
27 2 3 0
27 2 4 0
27 3 0 3231
27 3 1 3231
27 3 2 3231
27 3 3 0
27 3 4 0
27 4 0 0
27 4 1 0
27 4 2 0
27 4 3 0
27 4 4 0
27 5 0 0
27 5 1 0
27 5 2 0
27 5 3 0
27 5 4 0
27 6 0 0
27 6 1 0
27 6 2 0
27 6 3 0
27 6 4 0
27 7 0 0
27 7 1 0
27 7 2 0
27 7 3 0
27 7 4 0
27 8 0 0
27 8 1 0
27 8 2 0
27 8 3 0
27 8 4 0
27 9 0 0
27 9 1 0
27 9 2 0
27 9 3 0
27 9 4 0
27 10 0 3790
27 10 1 3790
27 10 2 3790
27 10 3 0
27 10 4 0
27 11 0 0
27 11 1 0
27 11 2 0
27 11 3 0
27 11 4 0
27 12 0 0
27 12 1 0
27 12 2 0
27 12 3 0
27 12 4 0
27 13 0 0
27 13 1 0
27 13 2 0
27 13 3 0
27 13 4 0
27 14 0 0
27 14 1 0
27 14 2 0
27 14 3 0
27 14 4 0
27 15 0 0
27 15 1 0
27 15 2 0
27 15 3 0
27 15 4 0
27 16 0 0
27 16 1 0
27 16 2 0
27 16 3 0
27 16 4 0
27 17 0 0
27 17 1 0
27 17 2 0
27 17 3 0
27 17 4 0
27 18 0 4077
27 18 1 4077
27 18 2 4077
27 18 3 0
27 18 4 0
27 19 0 3661
27 19 1 3661
27 19 2 3661
27 19 3 0
27 19 4 0
27 20 0 0
27 20 1 0
27 20 2 0
27 20 3 0
27 20 4 0
27 21 0 3268
27 21 1 3268
27 21 2 0
27 21 3 0
27 21 4 0
27 22 0 0
27 22 1 0
27 22 2 0
27 22 3 0
27 22 4 0
27 23 0 0
27 23 1 0
27 23 2 0
27 23 3 0
27 23 4 0
27 24 0 0
27 24 1 0
27 24 2 0
27 24 3 0
27 24 4 0
27 25 0 0
27 25 1 0
27 25 2 0
27 25 3 0
27 25 4 0
27 26 0 4127
27 26 1 4127
27 26 2 0
27 26 3 0
27 26 4 0
27 28 0 3949
27 28 1 3949
27 28 2 3949
27 28 3 0
27 28 4 0
27 29 0 0
27 29 1 0
27 29 2 0
27 29 3 0
27 29 4 0
28 0 0 0
28 0 1 0
28 0 2 0
28 0 3 0
28 0 4 0
28 1 0 0
28 1 1 0
28 1 2 0
28 1 3 0
28 1 4 0
28 2 0 3868
28 2 1 3868
28 2 2 3868
28 2 3 0
28 2 4 0
28 3 0 0
28 3 1 0
28 3 2 0
28 3 3 0
28 3 4 0
28 4 0 4419
28 4 1 4419
28 4 2 4419
28 4 3 0
28 4 4 0
28 5 0 4792
28 5 1 4792
28 5 2 4792
28 5 3 0
28 5 4 0
28 6 0 0
28 6 1 0
28 6 2 0
28 6 3 0
28 6 4 0
28 7 0 3789
28 7 1 3789
28 7 2 3789
28 7 3 0
28 7 4 0
28 8 0 0
28 8 1 0
28 8 2 0
28 8 3 0
28 8 4 0
28 9 0 0
28 9 1 0
28 9 2 0
28 9 3 0
28 9 4 0
28 10 0 0
28 10 1 0
28 10 2 0
28 10 3 0
28 10 4 0
28 11 0 0
28 11 1 0
28 11 2 0
28 11 3 0
28 11 4 0
28 12 0 3892
28 12 1 3892
28 12 2 3892
28 12 3 0
28 12 4 0
28 13 0 0
28 13 1 0
28 13 2 0
28 13 3 0
28 13 4 0
28 14 0 0
28 14 1 0
28 14 2 0
28 14 3 0
28 14 4 0
28 15 0 0
28 15 1 0
28 15 2 0
28 15 3 0
28 15 4 0
28 16 0 0
28 16 1 0
28 16 2 0
28 16 3 0
28 16 4 0
28 17 0 0
28 17 1 0
28 17 2 0
28 17 3 0
28 17 4 0
28 18 0 3947
28 18 1 3947
28 18 2 0
28 18 3 0
28 18 4 0
28 19 0 0
28 19 1 0
28 19 2 0
28 19 3 0
28 19 4 0
28 20 0 3576
28 20 1 3576
28 20 2 0
28 20 3 0
28 20 4 0
28 21 0 0
28 21 1 0
28 21 2 0
28 21 3 0
28 21 4 0
28 22 0 4874
28 22 1 4874
28 22 2 4874
28 22 3 0
28 22 4 0
28 23 0 0
28 23 1 0
28 23 2 0
28 23 3 0
28 23 4 0
28 24 0 0
28 24 1 0
28 24 2 0
28 24 3 0
28 24 4 0
28 25 0 3467
28 25 1 3467
28 25 2 0
28 25 3 0
28 25 4 0
28 26 0 0
28 26 1 0
28 26 2 0
28 26 3 0
28 26 4 0
28 27 0 0
28 27 1 0
28 27 2 0
28 27 3 0
28 27 4 0
28 29 0 0
28 29 1 0
28 29 2 0
28 29 3 0
28 29 4 0
29 0 0 0
29 0 1 0
29 0 2 0
29 0 3 0
29 0 4 0
29 1 0 0
29 1 1 0
29 1 2 0
29 1 3 0
29 1 4 0
29 2 0 0
29 2 1 0
29 2 2 0
29 2 3 0
29 2 4 0
29 3 0 0
29 3 1 0
29 3 2 0
29 3 3 0
29 3 4 0
29 4 0 0
29 4 1 0
29 4 2 0
29 4 3 0
29 4 4 0
29 5 0 0
29 5 1 0
29 5 2 0
29 5 3 0
29 5 4 0
29 6 0 0
29 6 1 0
29 6 2 0
29 6 3 0
29 6 4 0
29 7 0 0
29 7 1 0
29 7 2 0
29 7 3 0
29 7 4 0
29 8 0 3499
29 8 1 3499
29 8 2 3499
29 8 3 0
29 8 4 0
29 9 0 0
29 9 1 0
29 9 2 0
29 9 3 0
29 9 4 0
29 10 0 0
29 10 1 0
29 10 2 0
29 10 3 0
29 10 4 0
29 11 0 3117
29 11 1 3117
29 11 2 3117
29 11 3 0
29 11 4 0
29 12 0 0
29 12 1 0
29 12 2 0
29 12 3 0
29 12 4 0
29 13 0 3317
29 13 1 3317
29 13 2 3317
29 13 3 0
29 13 4 0
29 14 0 0
29 14 1 0
29 14 2 0
29 14 3 0
29 14 4 0
29 15 0 0
29 15 1 0
29 15 2 0
29 15 3 0
29 15 4 0
29 16 0 0
29 16 1 0
29 16 2 0
29 16 3 0
29 16 4 0
29 17 0 3529
29 17 1 3529
29 17 2 0
29 17 3 0
29 17 4 0
29 18 0 0
29 18 1 0
29 18 2 0
29 18 3 0
29 18 4 0
29 19 0 0
29 19 1 0
29 19 2 0
29 19 3 0
29 19 4 0
29 20 0 0
29 20 1 0
29 20 2 0
29 20 3 0
29 20 4 0
29 21 0 0
29 21 1 0
29 21 2 0
29 21 3 0
29 21 4 0
29 22 0 0
29 22 1 0
29 22 2 0
29 22 3 0
29 22 4 0
29 23 0 3575
29 23 1 3575
29 23 2 0
29 23 3 0
29 23 4 0
29 24 0 0
29 24 1 0
29 24 2 0
29 24 3 0
29 24 4 0
29 25 0 3595
29 25 1 3595
29 25 2 3595
29 25 3 0
29 25 4 0
29 26 0 0
29 26 1 0
29 26 2 0
29 26 3 0
29 26 4 0
29 27 0 0
29 27 1 0
29 27 2 0
29 27 3 0
29 27 4 0
29 28 0 3997
29 28 1 3997
29 28 2 0
29 28 3 0
29 28 4 0

