10 4 16 148

   0  832  742  672 1021  500  694  848 1163  986 
1013    0  745 1161 1574  855  667 1133 1385 1182 
 577  771    0  943 1175  530  591  768 1239  822 
1054 1162  761    0 1318  996 1018 1071 1272 1139 
1178 1401 1239 1351    0 1088  981 1518 1727 1174 
 606  800  656  924 1142    0  777  922 1294  794 
 373  824  524  851 1097  705    0  812 1242  726 
 851 1270  856  998 1401  886  989    0 1274 1214 
1234 1257 1120 1455 1304 1261 1041 1392    0 1199 
 962 1244  922 1191 1497  986  925 1233 1418    0 

   0  942  978 1164  912 1079 1066 1054  785  702 
 781    0  893  904 1157  903 1059 1149 1076 1071 
 685  625    0  901  681  829 1193  613  649 1134 
1016  783  852    0  698  653  806 1007  799  892 
1118 1133  979  776    0 1023 1192  860  991  705 
 761  878 1177  833 1054    0  628  908 1132  790 
 964 1193  991  727 1096 1176    0 1017 1122  665 
 640  673  960 1058 1125  951  715    0  887 1087 
1015 1149  805  822  864 1067  856 1181    0  870 
 939  712  978  796 1077 1180  995  777 1057    0 

0 340 1097
1 445 892
2 232 1048
3 446 829
4 688 1017
5 309 855
6 309 744
7 370 1049
8 677 872
9 526 994

0 3 4912 7484 2016 
0 6 8159 10344 2776 
0 4 5372 8709 4084 
0 1 318 2710 2496 
0 7 3474 6393 2544 
0 6 4735 7922 2082 
0 2 7149 9222 2968 
0 1 5281 8314 1664 
0 2 6539 9785 1484 
0 3 4147 7825 2016 
0 6 7818 10472 1388 
0 5 7886 11058 1000 
0 4 5906 8514 2042 
0 3 7403 11314 1344 
0 3 1609 5298 2016 
0 8 7842 9521 2326 
1 2 2151 5303 2235 
1 4 6454 9404 4722 
1 5 459 4007 3420 
1 8 6335 10563 5540 
1 5 4588 7522 2565 
1 4 1833 6414 3148 
1 7 4896 8572 2266 
1 0 6393 9110 2026 
1 4 7551 11045 6296 
1 0 248 2911 3039 
1 8 7721 11745 2770 
1 2 7674 9522 2235 
1 4 8143 11081 6296 
1 6 1147 4906 2668 
1 5 6687 9576 3420 
1 0 6164 9217 4052 
2 8 3201 4674 2478 
2 7 4714 6663 1536 
2 1 1566 3134 2313 
2 5 3842 6876 1060 
2 1 8298 10266 1542 
2 0 2985 5327 1731 
2 5 8002 10356 2120 
2 8 7420 9295 4956 
2 6 7052 11000 1182 
2 4 2285 4450 2350 
2 6 5839 9835 2364 
2 0 349 2602 2308 
3 9 1729 4815 4556 
3 8 7875 9536 5088 
3 4 5927 7972 2636 
3 9 7217 10588 4556 
3 2 5211 8048 3044 
3 2 8155 9995 2283 
3 8 5988 9128 2544 
3 7 1068 4320 3213 
3 7 3036 5573 3213 
3 7 1836 4977 4284 
3 2 6730 10112 1522 
3 4 745 2252 2636 
3 2 1553 4543 2283 
3 8 7459 10391 2544 
4 3 4535 6405 5404 
4 7 872 3624 6072 
4 9 1955 4147 3522 
4 6 5293 9727 3924 
4 6 6727 9301 3924 
4 3 5199 7146 5404 
4 0 4965 8307 4712 
4 2 6840 9688 4956 
4 1 1154 4156 4203 
4 3 8032 10538 4053 
4 6 4425 7130 1962 
4 3 7219 10268 2702 
4 9 65 2440 2348 
4 1 30 3281 5604 
4 5 7090 9739 3264 
5 4 2383 5892 4568 
5 1 525 2921 2400 
5 8 4483 8082 3882 
5 8 1215 4203 2588 
5 4 4111 7020 3426 
5 6 6190 8632 1554 
5 7 2920 5026 2766 
5 3 1993 4508 3696 
5 6 3889 5314 1554 
5 7 6639 10143 1844 
5 2 1292 3799 2624 
5 2 5390 8238 2624 
5 9 3053 5865 1588 
5 1 6492 9872 1600 
5 0 4301 6873 2424 
6 7 4256 6981 3248 
6 4 1967 6044 3291 
6 9 363 2205 2904 
6 0 4743 8435 746 
6 8 825 4516 2484 
6 8 5882 8182 2484 
6 8 6950 10753 2484 
6 5 1293 4456 2820 
6 3 4367 6715 1702 
6 8 4274 7157 3726 
6 3 7784 10510 2553 
6 1 3729 6926 1648 
6 1 5093 9352 2472 
6 4 4686 7897 2194 
7 3 1017 3545 3992 
7 6 1109 2682 3956 
7 3 7673 10127 2994 
7 1 1875 4156 3810 
7 3 1907 5610 1996 
7 6 6802 9175 3956 
7 8 4073 7310 2548 
7 5 5142 7728 1772 
7 3 5900 8026 1996 
7 1 4629 7179 5080 
7 6 5255 7192 1978 
7 4 5877 8846 5604 
7 2 99 3881 3424 
7 5 3123 6679 2658 
8 6 2012 4271 2082 
8 6 5379 8734 3123 
8 5 4591 8410 5044 
8 3 4705 6431 5820 
8 2 4875 7555 3360 
8 5 4450 8099 3783 
8 9 8265 10387 3597 
8 2 3348 5183 2240 
8 6 805 4186 2082 
8 2 1737 3588 4480 
8 3 611 3175 2910 
8 6 3354 5579 4164 
8 4 1631 3739 3912 
8 2 4105 5988 4480 
8 6 854 3019 3123 
8 2 8029 10073 3360 
9 6 8029 10486 2775 
9 8 258 3629 2836 
9 7 4662 6620 3699 
9 8 2463 5729 5672 
9 3 5371 7727 2382 
9 5 1948 4768 3944 
9 6 4805 7899 3700 
9 7 97 2334 3699 
9 3 1462 3770 2382 
9 4 3363 6453 4491 
9 1 4193 6834 3732 
9 4 1531 4858 5988 
9 5 5905 8843 3944 
9 3 7316 9735 4764 
9 5 86 3236 3944 
9 4 578 4067 5988 

0 1 0 0
0 1 1 0
0 1 2 0
0 1 3 0
0 1 4 0
0 2 0 0
0 2 1 0
0 2 2 0
0 2 3 0
0 2 4 0
0 3 0 0
0 3 1 0
0 3 2 0
0 3 3 0
0 3 4 0
0 4 0 0
0 4 1 0
0 4 2 0
0 4 3 0
0 4 4 0
0 5 0 4906
0 5 1 4906
0 5 2 4906
0 5 3 0
0 5 4 0
0 6 0 0
0 6 1 0
0 6 2 0
0 6 3 0
0 6 4 0
0 7 0 0
0 7 1 0
0 7 2 0
0 7 3 0
0 7 4 0
0 8 0 0
0 8 1 0
0 8 2 0
0 8 3 0
0 8 4 0
0 9 0 0
0 9 1 0
0 9 2 0
0 9 3 0
0 9 4 0
1 0 0 0
1 0 1 0
1 0 2 0
1 0 3 0
1 0 4 0
1 2 0 0
1 2 1 0
1 2 2 0
1 2 3 0
1 2 4 0
1 3 0 0
1 3 1 0
1 3 2 0
1 3 3 0
1 3 4 0
1 4 0 0
1 4 1 0
1 4 2 0
1 4 3 0
1 4 4 0
1 5 0 0
1 5 1 0
1 5 2 0
1 5 3 0
1 5 4 0
1 6 0 0
1 6 1 0
1 6 2 0
1 6 3 0
1 6 4 0
1 7 0 0
1 7 1 0
1 7 2 0
1 7 3 0
1 7 4 0
1 8 0 3758
1 8 1 3758
1 8 2 3758
1 8 3 0
1 8 4 0
1 9 0 0
1 9 1 0
1 9 2 0
1 9 3 0
1 9 4 0
2 0 0 0
2 0 1 0
2 0 2 0
2 0 3 0
2 0 4 0
2 1 0 0
2 1 1 0
2 1 2 0
2 1 3 0
2 1 4 0
2 3 0 0
2 3 1 0
2 3 2 0
2 3 3 0
2 3 4 0
2 4 0 3580
2 4 1 3580
2 4 2 3580
2 4 3 0
2 4 4 0
2 5 0 4324
2 5 1 4324
2 5 2 4324
2 5 3 0
2 5 4 0
2 6 0 4624
2 6 1 4624
2 6 2 0
2 6 3 0
2 6 4 0
2 7 0 4551
2 7 1 4551
2 7 2 0
2 7 3 0
2 7 4 0
2 8 0 0
2 8 1 0
2 8 2 0
2 8 3 0
2 8 4 0
2 9 0 0
2 9 1 0
2 9 2 0
2 9 3 0
2 9 4 0
3 0 0 3834
3 0 1 3834
3 0 2 3834
3 0 3 0
3 0 4 0
3 1 0 0
3 1 1 0
3 1 2 0
3 1 3 0
3 1 4 0
3 2 0 4761
3 2 1 4761
3 2 2 0
3 2 3 0
3 2 4 0
3 4 0 0
3 4 1 0
3 4 2 0
3 4 3 0
3 4 4 0
3 5 0 3611
3 5 1 3611
3 5 2 3611
3 5 3 0
3 5 4 0
3 6 0 0
3 6 1 0
3 6 2 0
3 6 3 0
3 6 4 0
3 7 0 3551
3 7 1 3551
3 7 2 0
3 7 3 0
3 7 4 0
3 8 0 3242
3 8 1 3242
3 8 2 3242
3 8 3 0
3 8 4 0
3 9 0 3881
3 9 1 3881
3 9 2 3881
3 9 3 0
3 9 4 0
4 0 0 0
4 0 1 0
4 0 2 0
4 0 3 0
4 0 4 0
4 1 0 0
4 1 1 0
4 1 2 0
4 1 3 0
4 1 4 0
4 2 0 0
4 2 1 0
4 2 2 0
4 2 3 0
4 2 4 0
4 3 0 0
4 3 1 0
4 3 2 0
4 3 3 0
4 3 4 0
4 5 0 3532
4 5 1 3532
4 5 2 0
4 5 3 0
4 5 4 0
4 6 0 0
4 6 1 0
4 6 2 0
4 6 3 0
4 6 4 0
4 7 0 3892
4 7 1 3892
4 7 2 3892
4 7 3 0
4 7 4 0
4 8 0 0
4 8 1 0
4 8 2 0
4 8 3 0
4 8 4 0
4 9 0 3847
4 9 1 3847
4 9 2 0
4 9 3 0
4 9 4 0
5 0 0 4003
5 0 1 4003
5 0 2 4003
5 0 3 0
5 0 4 0
5 1 0 4105
5 1 1 4105
5 1 2 4105
5 1 3 0
5 1 4 0
5 2 0 4318
5 2 1 4318
5 2 2 0
5 2 3 0
5 2 4 0
5 3 0 3296
5 3 1 3296
5 3 2 0
5 3 3 0
5 3 4 0
5 4 0 3922
5 4 1 3922
5 4 2 3922
5 4 3 0
5 4 4 0
5 6 0 0
5 6 1 0
5 6 2 0
5 6 3 0
5 6 4 0
5 7 0 3530
5 7 1 3530
5 7 2 3530
5 7 3 0
5 7 4 0
5 8 0 0
5 8 1 0
5 8 2 0
5 8 3 0
5 8 4 0
5 9 0 0
5 9 1 0
5 9 2 0
5 9 3 0
5 9 4 0
6 0 0 0
6 0 1 0
6 0 2 0
6 0 3 0
6 0 4 0
6 1 0 4170
6 1 1 4170
6 1 2 4170
6 1 3 0
6 1 4 0
6 2 0 0
6 2 1 0
6 2 2 0
6 2 3 0
6 2 4 0
6 3 0 0
6 3 1 0
6 3 2 0
6 3 3 0
6 3 4 0
6 4 0 0
6 4 1 0
6 4 2 0
6 4 3 0
6 4 4 0
6 5 0 0
6 5 1 0
6 5 2 0
6 5 3 0
6 5 4 0
6 7 0 0
6 7 1 0
6 7 2 0
6 7 3 0
6 7 4 0
6 8 0 0
6 8 1 0
6 8 2 0
6 8 3 0
6 8 4 0
6 9 0 0
6 9 1 0
6 9 2 0
6 9 3 0
6 9 4 0
7 0 0 4587
7 0 1 4587
7 0 2 4587
7 0 3 0
7 0 4 0
7 1 0 0
7 1 1 0
7 1 2 0
7 1 3 0
7 1 4 0
7 2 0 0
7 2 1 0
7 2 2 0
7 2 3 0
7 2 4 0
7 3 0 3340
7 3 1 3340
7 3 2 3340
7 3 3 0
7 3 4 0
7 4 0 3724
7 4 1 3724
7 4 2 3724
7 4 3 0
7 4 4 0
7 5 0 0
7 5 1 0
7 5 2 0
7 5 3 0
7 5 4 0
7 6 0 0
7 6 1 0
7 6 2 0
7 6 3 0
7 6 4 0
7 8 0 0
7 8 1 0
7 8 2 0
7 8 3 0
7 8 4 0
7 9 0 3463
7 9 1 3463
7 9 2 0
7 9 3 0
7 9 4 0
8 0 0 3659
8 0 1 3659
8 0 2 3659
8 0 3 0
8 0 4 0
8 1 0 3223
8 1 1 3223
8 1 2 0
8 1 3 0
8 1 4 0
8 2 0 3227
8 2 1 3227
8 2 2 3227
8 2 3 0
8 2 4 0
8 3 0 0
8 3 1 0
8 3 2 0
8 3 3 0
8 3 4 0
8 4 0 3757
8 4 1 3757
8 4 2 0
8 4 3 0
8 4 4 0
8 5 0 0
8 5 1 0
8 5 2 0
8 5 3 0
8 5 4 0
8 6 0 0
8 6 1 0
8 6 2 0
8 6 3 0
8 6 4 0
8 7 0 0
8 7 1 0
8 7 2 0
8 7 3 0
8 7 4 0
8 9 0 0
8 9 1 0
8 9 2 0
8 9 3 0
8 9 4 0
9 0 0 3157
9 0 1 3157
9 0 2 3157
9 0 3 0
9 0 4 0
9 1 0 0
9 1 1 0
9 1 2 0
9 1 3 0
9 1 4 0
9 2 0 0
9 2 1 0
9 2 2 0
9 2 3 0
9 2 4 0
9 3 0 0
9 3 1 0
9 3 2 0
9 3 3 0
9 3 4 0
9 4 0 0
9 4 1 0
9 4 2 0
9 4 3 0
9 4 4 0
9 5 0 0
9 5 1 0
9 5 2 0
9 5 3 0
9 5 4 0
9 6 0 0
9 6 1 0
9 6 2 0
9 6 3 0
9 6 4 0
9 7 0 3099
9 7 1 3099
9 7 2 3099
9 7 3 0
9 7 4 0
9 8 0 0
9 8 1 0
9 8 2 0
9 8 3 0
9 8 4 0

