20 4 16 270

   0 1271 1538 1294  935  990  958 1367 1570 1126  865  899  979  860 1072  673 1215 1268  908 1227 
1340    0 1643 1159 1319 1282 1373 1459 1843 1424  949 1151 1073 1309 1359 1165 1168 1265 1033 1315 
1457 1420    0 1353 1214 1041 1355 1636 1532 1402 1091  994 1166  973 1367 1238 1538 1426  964 1448 
1216 1188 1324    0 1138  948 1151 1587 1258 1202  801  931  797 1032 1201  850 1027 1155  900 1162 
1239 1369 1364 1065    0  691 1288 1511 1317 1188  930  671  721  850 1125  765 1039 1216  996  981 
 921 1037 1233  858  985    0  916 1134 1016  947  523  727  711  622 1035  595  914  956  488  756 
1163 1356 1365 1002 1122  856    0 1234 1454 1149  726 1033  701  716 1331  943 1173 1222  894 1231 
1430 1802 1611 1464 1304 1179 1282    0 1808 1402 1281 1126 1214 1098 1620  968 1371 1343 1071 1255 
1359 1587 1603 1336 1198  961 1422 1662    0 1379 1366 1121 1264 1034 1292  946 1325 1354 1220 1452 
 960 1246 1427 1125 1278  912  997 1136 1402    0  904  897  852  908 1183  781 1202 1242  844 1189 
 973  987 1068  978  804  694  942 1150 1171  689    0  646  662  614  862  495  820 1076  544  966 
1037 1084 1136  842 1050  602  831 1043 1264  840  619    0  409  793  829  580  843  718  555  896 
 788 1144 1022  966  908  394  955 1151 1272  843  741  523    0  444  780  384  863  747  540  838 
 834  957 1363  676  835  525  981 1088 1348  759  662  621  752    0  794  461  868 1013  548  915 
1265 1469 1412  992 1235  870  995 1316 1350 1077  798  918  869  765    0  982 1286  983  836 1053 
1065 1215 1228  939  727  486  974 1230 1358  780  685  594  537  515  809    0  770  836  546  879 
1160 1440 1585 1283 1252  975 1026 1471 1297 1044  753 1003  900  832 1042  926    0  932  774  934 
1014 1277 1247  999 1177  935  977 1342 1409 1032  908  976  830 1044 1049  715 1047    0  829 1016 
 929 1061 1141  654  834  636 1015 1258 1173  833  728  628  757  606  663  568  768  871    0 1046 
1234 1566 1492  945 1103  817 1263 1357 1621 1268  681  816  786  856 1068  978 1343 1287  907    0 

   0 1034  956 1191  698 1085  807  884 1017  730 1178 1164  942  757 1048  700 1196  939 1050  966 
1028    0  976  941  687 1150 1044 1127  639  797  789  776  718 1087  851  849  791 1037  923 1028 
 765 1014    0 1015  626  841 1114 1029  947  964  699  895 1090  829 1148  844  776  605  793  772 
 810  961  991    0 1106  986  643 1077  709  728  755 1191  678  718  687  687 1080  709  772 1140 
 719 1052  713  967    0  612 1090  971 1130 1032  980 1071 1009 1106  790  955  745 1066 1136  688 
 832  788  980  852 1033    0  769  774 1078  640  718  652 1029  930 1105  907 1011  701  734  955 
1199  931 1029 1090 1161 1064    0  945 1112  888 1123  809  796 1006  612 1052  971  959  997  642 
1179  834  940  654 1009 1161  926    0  952  711  759 1094  805 1028 1171 1121 1096  643 1100  653 
1062 1064  851 1030  700 1076  816 1028    0 1169 1137 1088  823  802  735  628  856  769 1000  909 
1190  712  657  692 1026  957 1182  655  948    0  837 1003  811 1021 1075 1000  755  797 1018  656 
1087 1005 1162  839  788 1097  784  963 1088  636    0  702  914  958  830 1065  939  871  643  793 
 610 1043 1110  891  841 1052 1103  903  831  936  712    0  703  928  997 1048  814 1139 1177  850 
 894  663 1043  616 1021 1198  979  975  751 1174 1021  780    0 1189 1010 1144  747  634  629 1073 
 836  878  648  635  684 1010  934  872 1122  867  819 1161 1110    0  755  776 1078  909 1166  961 
 728  625  825  977 1186  874  607  970 1107 1050  845 1150 1019  823    0 1035  960 1061  840  992 
1178  709 1023  875  649  902 1087 1076  755 1158 1118 1195  645 1007 1064    0 1028 1190 1049 1026 
 926 1035 1161  686  964  784  959  867  879  678  785  954  791  697 1080  871    0  754  952  751 
1100  964  621  882  620  634 1186  902 1156 1015  822  848  854  723  705  812 1024    0  656  964 
 967 1122 1134  648  947  760  750  643  735  928 1088 1003  829 1087  932 1051 1086  713    0 1143 
 960  862  850  929 1053  849  898 1050 1123 1135  626  676  666  783  971  792  665  678 1074    0 

0 420 798
1 662 1024
2 688 967
3 496 910
4 361 735
5 226 869
6 500 887
7 655 861
8 669 931
9 500 1047
10 326 940
11 311 824
12 319 768
13 296 1053
14 540 724
15 284 1100
16 497 740
17 506 1011
18 318 956
19 450 868

0 11 2092 4478 2697 
0 15 2889 4597 2692 
0 12 11116 14328 2937 
0 11 10814 13875 2697 
0 1 19479 22808 3813 
0 3 9149 11781 2588 
0 17 3061 6281 3804 
0 12 13310 15768 1958 
0 13 13131 15765 2580 
0 16 5922 10024 3645 
0 9 4363 7071 3378 
0 11 14956 18226 3596 
0 10 1747 5669 2595 
0 2 275 3076 3076 
0 5 2472 4772 3960 
0 7 5826 8159 4101 
1 10 4002 6242 2847 
1 19 19111 22472 3945 
1 3 5740 7988 2318 
1 0 9615 13572 4020 
1 10 4091 6671 2847 
1 4 2065 3459 3957 
1 9 11823 14261 4272 
1 14 4141 6413 4077 
1 15 10780 12681 2330 
1 4 13335 14860 5276 
1 7 7945 11032 5836 
1 3 4689 7060 3477 
1 4 8524 10660 3957 
1 16 950 3607 2336 
1 4 19132 20767 3957 
1 0 4763 7425 2680 
2 0 19312 21033 5828 
2 4 4552 5998 2428 
2 8 19411 22337 3064 
2 17 9538 11855 4278 
2 7 2565 6207 3272 
2 7 15429 18464 3272 
2 17 16589 18373 5704 
2 6 4591 7465 4065 
2 13 12309 14870 2919 
2 4 8593 10370 4856 
2 14 4792 8327 2734 
2 7 15128 18626 3272 
2 16 5360 7501 3076 
2 15 17897 21264 3714 
2 9 6131 8656 4206 
3 2 5468 8659 3972 
3 7 9395 12152 6348 
3 13 7533 9091 4128 
3 9 16137 18539 4808 
3 10 13771 16692 1602 
3 1 3684 5865 2376 
3 1 9050 11000 4752 
3 8 4964 6849 5032 
3 17 11761 14433 2310 
3 0 3393 6106 3648 
3 12 1259 3035 3188 
3 16 3951 8087 4108 
3 16 20074 23908 4108 
4 9 2484 5270 4752 
4 1 4463 7114 5476 
4 2 7905 10158 2728 
4 14 8454 10144 2250 
4 9 5812 8154 4752 
4 11 10283 14234 2013 
4 0 13786 15928 2478 
4 17 21100 23338 4864 
4 13 8482 12729 3400 
4 12 188 3003 1442 
4 7 4988 7755 3022 
4 16 8556 11506 2078 
4 8 3057 6221 3951 
4 6 1243 3859 2576 
5 17 2301 4992 1912 
5 19 16740 18650 2268 
5 15 5444 8101 2380 
5 17 3696 6072 2868 
5 15 18184 20487 2380 
5 19 15311 18376 2268 
5 17 1274 4049 3824 
5 7 9039 11864 4536 
6 14 462 2200 5324 
6 7 9658 11566 2468 
6 17 969 3117 3666 
6 11 2431 5424 2066 
6 5 20670 23276 3424 
6 7 18951 22097 2468 
6 16 8250 11143 3519 
6 10 16586 19595 1452 
6 10 4369 8557 2178 
6 18 13398 16169 1788 
6 2 4144 7076 2730 
6 16 1902 5057 2346 
6 12 5182 6885 2804 
6 11 15549 18008 3099 
6 14 16729 19146 5324 
7 17 12600 14991 2686 
7 13 1037 3822 2196 
7 17 2957 4551 4029 
7 10 7970 10770 5124 
7 5 2916 5493 4716 
7 10 10789 12618 5124 
7 8 2789 6082 3616 
7 15 13158 16050 1936 
7 11 16893 21093 4504 
7 14 1254 4298 3240 
7 15 20225 22590 1936 
7 19 6389 8498 5020 
7 10 19227 20927 2562 
8 4 3851 6371 3594 
8 9 17686 20514 4137 
8 2 18765 20986 4809 
8 17 15951 18650 5416 
8 10 15029 17541 5464 
8 13 19037 21659 2068 
8 17 8794 11739 5416 
8 6 16662 19844 4266 
8 18 4490 7879 2440 
8 10 2846 6780 5464 
8 6 13244 15618 2844 
8 3 6003 9515 2672 
9 0 11671 15776 2880 
9 0 2954 5667 3840 
9 10 13302 15896 1808 
9 16 19362 22027 2404 
9 0 8081 12257 2880 
9 11 19472 23012 1794 
9 13 15742 19723 3632 
9 13 12905 16396 2724 
9 19 16012 18216 4756 
9 12 21268 23222 1704 
9 4 3298 5657 5112 
9 6 394 3195 2991 
10 6 4365 6811 1884 
10 17 3245 5047 3228 
10 2 4544 8030 4272 
10 5 3416 5730 2776 
10 9 10511 12857 2067 
10 4 15582 18103 2412 
10 16 11200 14467 1640 
10 3 3385 6287 1956 
10 1 10478 13422 2961 
10 17 13330 16700 2152 
10 14 8121 10835 1724 
10 11 30 1658 1938 
11 2 9712 13186 2272 
11 1 12267 15542 3252 
11 3 17593 20408 2526 
11 9 17301 19500 1680 
11 17 8402 10759 2154 
11 4 1580 3741 4200 
11 1 17436 20106 2168 
11 15 12594 15067 1160 
11 18 2144 6616 1665 
11 14 3581 6163 2487 
11 17 11171 13824 1436 
11 10 3257 6040 1857 
12 0 10182 12291 2364 
12 11 9575 11642 2092 
12 6 12205 14701 2865 
12 15 7541 11613 768 
12 19 17288 20195 1676 
12 16 1623 3370 2589 
12 17 11800 14019 2241 
12 4 11538 15009 2724 
12 4 12040 15327 2724 
12 11 8497 11024 1569 
12 6 19391 22171 2865 
12 11 5487 7577 1569 
12 14 16399 18691 1560 
12 15 5413 9874 768 
13 17 11797 14187 3039 
13 18 1684 5636 1644 
13 11 5359 9689 2484 
13 16 4985 8510 1736 
13 8 7814 10203 4044 
13 0 10125 12097 1668 
13 4 5668 8212 3340 
13 14 20289 22251 1588 
13 19 3677 6732 2745 
13 4 3995 5930 2505 
13 0 1365 3505 2502 
13 6 3526 5403 3924 
14 7 4484 7927 3948 
14 3 17358 20816 3968 
14 17 17209 20901 1966 
14 17 9640 13194 1966 
14 8 11948 14494 4050 
14 11 8420 12721 3672 
14 1 9526 11657 5876 
14 11 12956 15256 2754 
14 15 5128 7891 1964 
14 2 20805 22966 4236 
14 10 12029 14099 3192 
14 2 20517 22365 4236 
14 9 16853 20339 4308 
14 7 21059 23464 2632 
14 3 17896 21422 3968 
14 12 2672 6605 3476 
15 17 20843 25317 1672 
15 17 15711 18364 1672 
15 1 9433 11418 2430 
15 13 20847 23787 1545 
15 11 13838 16228 1188 
15 7 16418 19721 4920 
15 3 3063 5198 1878 
15 6 346 3737 3896 
15 19 12621 15688 3516 
15 19 6066 10098 2637 
16 2 4795 8556 4755 
16 1 20823 24155 2880 
16 10 1420 3029 2259 
16 2 4313 8190 4755 
16 13 17882 19742 2496 
16 5 188 2924 3900 
16 13 12792 14436 2496 
16 3 13579 15499 3849 
16 4 5200 7542 2504 
16 7 7 2538 5884 
16 3 3169 5844 2566 
16 9 6274 7969 3132 
16 13 15475 17600 3328 
16 4 18034 21793 5008 
16 11 9527 12074 3009 
17 12 1474 4872 2490 
17 10 11357 13116 3632 
17 19 11897 13988 4064 
17 16 1082 4614 4188 
17 19 21079 24771 3048 
17 12 8937 11379 3320 
17 1 18654 22471 5108 
17 4 14943 17131 2354 
17 0 15140 17549 3042 
17 8 7859 11858 5636 
17 15 5001 7981 2860 
17 7 3444 5708 4026 
17 12 5437 7460 2490 
17 8 16897 21104 5636 
17 3 3508 5836 3996 
18 9 260 3712 3332 
18 16 11600 14847 1536 
18 15 16796 19444 1136 
18 12 15777 18023 3028 
18 12 11798 14550 2271 
18 6 19981 21638 2030 
18 7 10100 11983 3774 
18 11 18555 21694 1256 
18 15 3293 6645 1136 
18 9 13422 16874 3332 
18 7 5715 7631 2516 
18 12 20398 23664 3028 
18 8 8897 11241 3519 
18 19 7747 10810 2092 
18 8 643 3046 4692 
19 0 129 2164 4936 
19 3 5699 7752 2835 
19 11 1209 3088 1632 
19 6 3978 6905 2526 
19 5 10211 12902 1634 
19 16 8990 10346 5372 
19 1 17361 19171 6264 
19 8 79 4526 4863 
19 10 11743 13527 1362 
19 16 3497 5538 2686 
19 2 11582 13902 4476 
19 3 3964 7104 2835 
19 16 13094 14530 5372 
19 10 16150 17927 2043 
19 10 15166 16637 2724 

0 1 0 0
0 1 1 0
0 1 2 0
0 1 3 0
0 1 4 0
0 2 0 0
0 2 1 0
0 2 2 0
0 2 3 0
0 2 4 0
0 3 0 3331
0 3 1 3331
0 3 2 3331
0 3 3 0
0 3 4 0
0 4 0 0
0 4 1 0
0 4 2 0
0 4 3 0
0 4 4 0
0 5 0 0
0 5 1 0
0 5 2 0
0 5 3 0
0 5 4 0
0 6 0 0
0 6 1 0
0 6 2 0
0 6 3 0
0 6 4 0
0 7 0 0
0 7 1 0
0 7 2 0
0 7 3 0
0 7 4 0
0 8 0 0
0 8 1 0
0 8 2 0
0 8 3 0
0 8 4 0
0 9 0 0
0 9 1 0
0 9 2 0
0 9 3 0
0 9 4 0
0 10 0 4239
0 10 1 4239
0 10 2 4239
0 10 3 0
0 10 4 0
0 11 0 4764
0 11 1 4764
0 11 2 4764
0 11 3 0
0 11 4 0
0 12 0 3721
0 12 1 3721
0 12 2 0
0 12 3 0
0 12 4 0
0 13 0 0
0 13 1 0
0 13 2 0
0 13 3 0
0 13 4 0
0 14 0 0
0 14 1 0
0 14 2 0
0 14 3 0
0 14 4 0
0 15 0 4325
0 15 1 4325
0 15 2 0
0 15 3 0
0 15 4 0
0 16 0 0
0 16 1 0
0 16 2 0
0 16 3 0
0 16 4 0
0 17 0 0
0 17 1 0
0 17 2 0
0 17 3 0
0 17 4 0
0 18 0 3344
0 18 1 3344
0 18 2 0
0 18 3 0
0 18 4 0
0 19 0 0
0 19 1 0
0 19 2 0
0 19 3 0
0 19 4 0
1 0 0 0
1 0 1 0
1 0 2 0
1 0 3 0
1 0 4 0
1 2 0 3871
1 2 1 3871
1 2 2 0
1 2 3 0
1 2 4 0
1 3 0 3820
1 3 1 3820
1 3 2 0
1 3 3 0
1 3 4 0
1 4 0 3313
1 4 1 3313
1 4 2 3313
1 4 3 0
1 4 4 0
1 5 0 0
1 5 1 0
1 5 2 0
1 5 3 0
1 5 4 0
1 6 0 0
1 6 1 0
1 6 2 0
1 6 3 0
1 6 4 0
1 7 0 0
1 7 1 0
1 7 2 0
1 7 3 0
1 7 4 0
1 8 0 0
1 8 1 0
1 8 2 0
1 8 3 0
1 8 4 0
1 9 0 3287
1 9 1 3287
1 9 2 3287
1 9 3 0
1 9 4 0
1 10 0 0
1 10 1 0
1 10 2 0
1 10 3 0
1 10 4 0
1 11 0 3980
1 11 1 3980
1 11 2 3980
1 11 3 0
1 11 4 0
1 12 0 0
1 12 1 0
1 12 2 0
1 12 3 0
1 12 4 0
1 13 0 0
1 13 1 0
1 13 2 0
1 13 3 0
1 13 4 0
1 14 0 0
1 14 1 0
1 14 2 0
1 14 3 0
1 14 4 0
1 15 0 0
1 15 1 0
1 15 2 0
1 15 3 0
1 15 4 0
1 16 0 3729
1 16 1 3729
1 16 2 3729
1 16 3 0
1 16 4 0
1 17 0 0
1 17 1 0
1 17 2 0
1 17 3 0
1 17 4 0
1 18 0 0
1 18 1 0
1 18 2 0
1 18 3 0
1 18 4 0
1 19 0 0
1 19 1 0
1 19 2 0
1 19 3 0
1 19 4 0
2 0 0 3457
2 0 1 3457
2 0 2 0
2 0 3 0
2 0 4 0
2 1 0 0
2 1 1 0
2 1 2 0
2 1 3 0
2 1 4 0
2 3 0 0
2 3 1 0
2 3 2 0
2 3 3 0
2 3 4 0
2 4 0 0
2 4 1 0
2 4 2 0
2 4 3 0
2 4 4 0
2 5 0 0
2 5 1 0
2 5 2 0
2 5 3 0
2 5 4 0
2 6 0 3935
2 6 1 3935
2 6 2 0
2 6 3 0
2 6 4 0
2 7 0 3932
2 7 1 3932
2 7 2 3932
2 7 3 0
2 7 4 0
2 8 0 0
2 8 1 0
2 8 2 0
2 8 3 0
2 8 4 0
2 9 0 0
2 9 1 0
2 9 2 0
2 9 3 0
2 9 4 0
2 10 0 0
2 10 1 0
2 10 2 0
2 10 3 0
2 10 4 0
2 11 0 0
2 11 1 0
2 11 2 0
2 11 3 0
2 11 4 0
2 12 0 3329
2 12 1 3329
2 12 2 3329
2 12 3 0
2 12 4 0
2 13 0 0
2 13 1 0
2 13 2 0
2 13 3 0
2 13 4 0
2 14 0 0
2 14 1 0
2 14 2 0
2 14 3 0
2 14 4 0
2 15 0 3026
2 15 1 3026
2 15 2 3026
2 15 3 0
2 15 4 0
2 16 0 3041
2 16 1 3041
2 16 2 3041
2 16 3 0
2 16 4 0
2 17 0 3385
2 17 1 3385
2 17 2 3385
2 17 3 0
2 17 4 0
2 18 0 0
2 18 1 0
2 18 2 0
2 18 3 0
2 18 4 0
2 19 0 0
2 19 1 0
2 19 2 0
2 19 3 0
2 19 4 0
3 0 0 0
3 0 1 0
3 0 2 0
3 0 3 0
3 0 4 0
3 1 0 0
3 1 1 0
3 1 2 0
3 1 3 0
3 1 4 0
3 2 0 0
3 2 1 0
3 2 2 0
3 2 3 0
3 2 4 0
3 4 0 0
3 4 1 0
3 4 2 0
3 4 3 0
3 4 4 0
3 5 0 3882
3 5 1 3882
3 5 2 0
3 5 3 0
3 5 4 0
3 6 0 0
3 6 1 0
3 6 2 0
3 6 3 0
3 6 4 0
3 7 0 3711
3 7 1 3711
3 7 2 0
3 7 3 0
3 7 4 0
3 8 0 0
3 8 1 0
3 8 2 0
3 8 3 0
3 8 4 0
3 9 0 0
3 9 1 0
3 9 2 0
3 9 3 0
3 9 4 0
3 10 0 0
3 10 1 0
3 10 2 0
3 10 3 0
3 10 4 0
3 11 0 0
3 11 1 0
3 11 2 0
3 11 3 0
3 11 4 0
3 12 0 0
3 12 1 0
3 12 2 0
3 12 3 0
3 12 4 0
3 13 0 3752
3 13 1 3752
3 13 2 0
3 13 3 0
3 13 4 0
3 14 0 0
3 14 1 0
3 14 2 0
3 14 3 0
3 14 4 0
3 15 0 0
3 15 1 0
3 15 2 0
3 15 3 0
3 15 4 0
3 16 0 0
3 16 1 0
3 16 2 0
3 16 3 0
3 16 4 0
3 17 0 0
3 17 1 0
3 17 2 0
3 17 3 0
3 17 4 0
3 18 0 0
3 18 1 0
3 18 2 0
3 18 3 0
3 18 4 0
3 19 0 0
3 19 1 0
3 19 2 0
3 19 3 0
3 19 4 0
4 0 0 3693
4 0 1 3693
4 0 2 3693
4 0 3 0
4 0 4 0
4 1 0 0
4 1 1 0
4 1 2 0
4 1 3 0
4 1 4 0
4 2 0 3412
4 2 1 3412
4 2 2 3412
4 2 3 0
4 2 4 0
4 3 0 3024
4 3 1 3024
4 3 2 0
4 3 3 0
4 3 4 0
4 5 0 0
4 5 1 0
4 5 2 0
4 5 3 0
4 5 4 0
4 6 0 3348
4 6 1 3348
4 6 2 3348
4 6 3 0
4 6 4 0
4 7 0 0
4 7 1 0
4 7 2 0
4 7 3 0
4 7 4 0
4 8 0 0
4 8 1 0
4 8 2 0
4 8 3 0
4 8 4 0
4 9 0 3992
4 9 1 3992
4 9 2 3992
4 9 3 0
4 9 4 0
4 10 0 0
4 10 1 0
4 10 2 0
4 10 3 0
4 10 4 0
4 11 0 0
4 11 1 0
4 11 2 0
4 11 3 0
4 11 4 0
4 12 0 0
4 12 1 0
4 12 2 0
4 12 3 0
4 12 4 0
4 13 0 0
4 13 1 0
4 13 2 0
4 13 3 0
4 13 4 0
4 14 0 0
4 14 1 0
4 14 2 0
4 14 3 0
4 14 4 0
4 15 0 0
4 15 1 0
4 15 2 0
4 15 3 0
4 15 4 0
4 16 0 0
4 16 1 0
4 16 2 0
4 16 3 0
4 16 4 0
4 17 0 0
4 17 1 0
4 17 2 0
4 17 3 0
4 17 4 0
4 18 0 3163
4 18 1 3163
4 18 2 3163
4 18 3 0
4 18 4 0
4 19 0 0
4 19 1 0
4 19 2 0
4 19 3 0
4 19 4 0
5 0 0 3703
5 0 1 3703
5 0 2 0
5 0 3 0
5 0 4 0
5 1 0 0
5 1 1 0
5 1 2 0
5 1 3 0
5 1 4 0
5 2 0 0
5 2 1 0
5 2 2 0
5 2 3 0
5 2 4 0
5 3 0 4602
5 3 1 4602
5 3 2 0
5 3 3 0
5 3 4 0
5 4 0 0
5 4 1 0
5 4 2 0
5 4 3 0
5 4 4 0
5 6 0 0
5 6 1 0
5 6 2 0
5 6 3 0
5 6 4 0
5 7 0 3432
5 7 1 3432
5 7 2 0
5 7 3 0
5 7 4 0
5 8 0 0
5 8 1 0
5 8 2 0
5 8 3 0
5 8 4 0
5 9 0 0
5 9 1 0
5 9 2 0
5 9 3 0
5 9 4 0
5 10 0 0
5 10 1 0
5 10 2 0
5 10 3 0
5 10 4 0
5 11 0 0
5 11 1 0
5 11 2 0
5 11 3 0
5 11 4 0
5 12 0 0
5 12 1 0
5 12 2 0
5 12 3 0
5 12 4 0
5 13 0 4661
5 13 1 4661
5 13 2 4661
5 13 3 0
5 13 4 0
5 14 0 3403
5 14 1 3403
5 14 2 0
5 14 3 0
5 14 4 0
5 15 0 4873
5 15 1 4873
5 15 2 4873
5 15 3 0
5 15 4 0
5 16 0 0
5 16 1 0
5 16 2 0
5 16 3 0
5 16 4 0
5 17 0 0
5 17 1 0
5 17 2 0
5 17 3 0
5 17 4 0
5 18 0 0
5 18 1 0
5 18 2 0
5 18 3 0
5 18 4 0
5 19 0 0
5 19 1 0
5 19 2 0
5 19 3 0
5 19 4 0
6 0 0 0
6 0 1 0
6 0 2 0
6 0 3 0
6 0 4 0
6 1 0 0
6 1 1 0
6 1 2 0
6 1 3 0
6 1 4 0
6 2 0 0
6 2 1 0
6 2 2 0
6 2 3 0
6 2 4 0
6 3 0 0
6 3 1 0
6 3 2 0
6 3 3 0
6 3 4 0
6 4 0 0
6 4 1 0
6 4 2 0
6 4 3 0
6 4 4 0
6 5 0 4839
6 5 1 4839
6 5 2 0
6 5 3 0
6 5 4 0
6 7 0 0
6 7 1 0
6 7 2 0
6 7 3 0
6 7 4 0
6 8 0 0
6 8 1 0
6 8 2 0
6 8 3 0
6 8 4 0
6 9 0 0
6 9 1 0
6 9 2 0
6 9 3 0
6 9 4 0
6 10 0 4250
6 10 1 4250
6 10 2 0
6 10 3 0
6 10 4 0
6 11 0 3285
6 11 1 3285
6 11 2 3285
6 11 3 0
6 11 4 0
6 12 0 0
6 12 1 0
6 12 2 0
6 12 3 0
6 12 4 0
6 13 0 0
6 13 1 0
6 13 2 0
6 13 3 0
6 13 4 0
6 14 0 0
6 14 1 0
6 14 2 0
6 14 3 0
6 14 4 0
6 15 0 0
6 15 1 0
6 15 2 0
6 15 3 0
6 15 4 0
6 16 0 0
6 16 1 0
6 16 2 0
6 16 3 0
6 16 4 0
6 17 0 3541
6 17 1 3541
6 17 2 0
6 17 3 0
6 17 4 0
6 18 0 0
6 18 1 0
6 18 2 0
6 18 3 0
6 18 4 0
6 19 0 0
6 19 1 0
6 19 2 0
6 19 3 0
6 19 4 0
7 0 0 3283
7 0 1 3283
7 0 2 0
7 0 3 0
7 0 4 0
7 1 0 0
7 1 1 0
7 1 2 0
7 1 3 0
7 1 4 0
7 2 0 0
7 2 1 0
7 2 2 0
7 2 3 0
7 2 4 0
7 3 0 0
7 3 1 0
7 3 2 0
7 3 3 0
7 3 4 0
7 4 0 0
7 4 1 0
7 4 2 0
7 4 3 0
7 4 4 0
7 5 0 3776
7 5 1 3776
7 5 2 0
7 5 3 0
7 5 4 0
7 6 0 0
7 6 1 0
7 6 2 0
7 6 3 0
7 6 4 0
7 8 0 0
7 8 1 0
7 8 2 0
7 8 3 0
7 8 4 0
7 9 0 0
7 9 1 0
7 9 2 0
7 9 3 0
7 9 4 0
7 10 0 0
7 10 1 0
7 10 2 0
7 10 3 0
7 10 4 0
7 11 0 0
7 11 1 0
7 11 2 0
7 11 3 0
7 11 4 0
7 12 0 3836
7 12 1 3836
7 12 2 0
7 12 3 0
7 12 4 0
7 13 0 0
7 13 1 0
7 13 2 0
7 13 3 0
7 13 4 0
7 14 0 0
7 14 1 0
7 14 2 0
7 14 3 0
7 14 4 0
7 15 0 3768
7 15 1 3768
7 15 2 0
7 15 3 0
7 15 4 0
7 16 0 0
7 16 1 0
7 16 2 0
7 16 3 0
7 16 4 0
7 17 0 0
7 17 1 0
7 17 2 0
7 17 3 0
7 17 4 0
7 18 0 3624
7 18 1 3624
7 18 2 3624
7 18 3 0
7 18 4 0
7 19 0 0
7 19 1 0
7 19 2 0
7 19 3 0
7 19 4 0
8 0 0 0
8 0 1 0
8 0 2 0
8 0 3 0
8 0 4 0
8 1 0 3393
8 1 1 3393
8 1 2 3393
8 1 3 0
8 1 4 0
8 2 0 0
8 2 1 0
8 2 2 0
8 2 3 0
8 2 4 0
8 3 0 0
8 3 1 0
8 3 2 0
8 3 3 0
8 3 4 0
8 4 0 0
8 4 1 0
8 4 2 0
8 4 3 0
8 4 4 0
8 5 0 0
8 5 1 0
8 5 2 0
8 5 3 0
8 5 4 0
8 6 0 0
8 6 1 0
8 6 2 0
8 6 3 0
8 6 4 0
8 7 0 3232
8 7 1 3232
8 7 2 3232
8 7 3 0
8 7 4 0
8 9 0 0
8 9 1 0
8 9 2 0
8 9 3 0
8 9 4 0
8 10 0 0
8 10 1 0
8 10 2 0
8 10 3 0
8 10 4 0
8 11 0 0
8 11 1 0
8 11 2 0
8 11 3 0
8 11 4 0
8 12 0 0
8 12 1 0
8 12 2 0
8 12 3 0
8 12 4 0
8 13 0 0
8 13 1 0
8 13 2 0
8 13 3 0
8 13 4 0
8 14 0 0
8 14 1 0
8 14 2 0
8 14 3 0
8 14 4 0
8 15 0 0
8 15 1 0
8 15 2 0
8 15 3 0
8 15 4 0
8 16 0 0
8 16 1 0
8 16 2 0
8 16 3 0
8 16 4 0
8 17 0 3567
8 17 1 3567
8 17 2 3567
8 17 3 0
8 17 4 0
8 18 0 0
8 18 1 0
8 18 2 0
8 18 3 0
8 18 4 0
8 19 0 3656
8 19 1 3656
8 19 2 0
8 19 3 0
8 19 4 0
9 0 0 0
9 0 1 0
9 0 2 0
9 0 3 0
9 0 4 0
9 1 0 0
9 1 1 0
9 1 2 0
9 1 3 0
9 1 4 0
9 2 0 3049
9 2 1 3049
9 2 2 0
9 2 3 0
9 2 4 0
9 3 0 0
9 3 1 0
9 3 2 0
9 3 3 0
9 3 4 0
9 4 0 3657
9 4 1 3657
9 4 2 3657
9 4 3 0
9 4 4 0
9 5 0 3970
9 5 1 3970
9 5 2 0
9 5 3 0
9 5 4 0
9 6 0 3556
9 6 1 3556
9 6 2 3556
9 6 3 0
9 6 4 0
9 7 0 0
9 7 1 0
9 7 2 0
9 7 3 0
9 7 4 0
9 8 0 0
9 8 1 0
9 8 2 0
9 8 3 0
9 8 4 0
9 10 0 3662
9 10 1 3662
9 10 2 0
9 10 3 0
9 10 4 0
9 11 0 0
9 11 1 0
9 11 2 0
9 11 3 0
9 11 4 0
9 12 0 0
9 12 1 0
9 12 2 0
9 12 3 0
9 12 4 0
9 13 0 0
9 13 1 0
9 13 2 0
9 13 3 0
9 13 4 0
9 14 0 0
9 14 1 0
9 14 2 0
9 14 3 0
9 14 4 0
9 15 0 0
9 15 1 0
9 15 2 0
9 15 3 0
9 15 4 0
9 16 0 3795
9 16 1 3795
9 16 2 3795
9 16 3 0
9 16 4 0
9 17 0 0
9 17 1 0
9 17 2 0
9 17 3 0
9 17 4 0
9 18 0 4879
9 18 1 4879
9 18 2 4879
9 18 3 0
9 18 4 0
9 19 0 0
9 19 1 0
9 19 2 0
9 19 3 0
9 19 4 0
10 0 0 0
10 0 1 0
10 0 2 0
10 0 3 0
10 0 4 0
10 1 0 0
10 1 1 0
10 1 2 0
10 1 3 0
10 1 4 0
10 2 0 0
10 2 1 0
10 2 2 0
10 2 3 0
10 2 4 0
10 3 0 0
10 3 1 0
10 3 2 0
10 3 3 0
10 3 4 0
10 4 0 0
10 4 1 0
10 4 2 0
10 4 3 0
10 4 4 0
10 5 0 0
10 5 1 0
10 5 2 0
10 5 3 0
10 5 4 0
10 6 0 3158
10 6 1 3158
10 6 2 0
10 6 3 0
10 6 4 0
10 7 0 0
10 7 1 0
10 7 2 0
10 7 3 0
10 7 4 0
10 8 0 0
10 8 1 0
10 8 2 0
10 8 3 0
10 8 4 0
10 9 0 4046
10 9 1 4046
10 9 2 4046
10 9 3 0
10 9 4 0
10 11 0 4833
10 11 1 4833
10 11 2 4833
10 11 3 0
10 11 4 0
10 12 0 0
10 12 1 0
10 12 2 0
10 12 3 0
10 12 4 0
10 13 0 0
10 13 1 0
10 13 2 0
10 13 3 0
10 13 4 0
10 14 0 0
10 14 1 0
10 14 2 0
10 14 3 0
10 14 4 0
10 15 0 0
10 15 1 0
10 15 2 0
10 15 3 0
10 15 4 0
10 16 0 0
10 16 1 0
10 16 2 0
10 16 3 0
10 16 4 0
10 17 0 0
10 17 1 0
10 17 2 0
10 17 3 0
10 17 4 0
10 18 0 0
10 18 1 0
10 18 2 0
10 18 3 0
10 18 4 0
10 19 0 0
10 19 1 0
10 19 2 0
10 19 3 0
10 19 4 0
11 0 0 0
11 0 1 0
11 0 2 0
11 0 3 0
11 0 4 0
11 1 0 0
11 1 1 0
11 1 2 0
11 1 3 0
11 1 4 0
11 2 0 0
11 2 1 0
11 2 2 0
11 2 3 0
11 2 4 0
11 3 0 4266
11 3 1 4266
11 3 2 0
11 3 3 0
11 3 4 0
11 4 0 3390
11 4 1 3390
11 4 2 3390
11 4 3 0
11 4 4 0
11 5 0 0
11 5 1 0
11 5 2 0
11 5 3 0
11 5 4 0
11 6 0 4595
11 6 1 4595
11 6 2 4595
11 6 3 0
11 6 4 0
11 7 0 0
11 7 1 0
11 7 2 0
11 7 3 0
11 7 4 0
11 8 0 3633
11 8 1 3633
11 8 2 3633
11 8 3 0
11 8 4 0
11 9 0 4918
11 9 1 4918
11 9 2 0
11 9 3 0
11 9 4 0
11 10 0 4270
11 10 1 4270
11 10 2 0
11 10 3 0
11 10 4 0
11 12 0 6249
11 12 1 6249
11 12 2 0
11 12 3 0
11 12 4 0
11 13 0 0
11 13 1 0
11 13 2 0
11 13 3 0
11 13 4 0
11 14 0 4503
11 14 1 4503
11 14 2 4503
11 14 3 0
11 14 4 0
11 15 0 4704
11 15 1 4704
11 15 2 4704
11 15 3 0
11 15 4 0
11 16 0 0
11 16 1 0
11 16 2 0
11 16 3 0
11 16 4 0
11 17 0 0
11 17 1 0
11 17 2 0
11 17 3 0
11 17 4 0
11 18 0 0
11 18 1 0
11 18 2 0
11 18 3 0
11 18 4 0
11 19 0 0
11 19 1 0
11 19 2 0
11 19 3 0
11 19 4 0
12 0 0 0
12 0 1 0
12 0 2 0
12 0 3 0
12 0 4 0
12 1 0 3075
12 1 1 3075
12 1 2 3075
12 1 3 0
12 1 4 0
12 2 0 3233
12 2 1 3233
12 2 2 0
12 2 3 0
12 2 4 0
12 3 0 0
12 3 1 0
12 3 2 0
12 3 3 0
12 3 4 0
12 4 0 0
12 4 1 0
12 4 2 0
12 4 3 0
12 4 4 0
12 5 0 0
12 5 1 0
12 5 2 0
12 5 3 0
12 5 4 0
12 6 0 0
12 6 1 0
12 6 2 0
12 6 3 0
12 6 4 0
12 7 0 0
12 7 1 0
12 7 2 0
12 7 3 0
12 7 4 0
12 8 0 0
12 8 1 0
12 8 2 0
12 8 3 0
12 8 4 0
12 9 0 4422
12 9 1 4422
12 9 2 4422
12 9 3 0
12 9 4 0
12 10 0 4607
12 10 1 4607
12 10 2 4607
12 10 3 0
12 10 4 0
12 11 0 0
12 11 1 0
12 11 2 0
12 11 3 0
12 11 4 0
12 13 0 0
12 13 1 0
12 13 2 0
12 13 3 0
12 13 4 0
12 14 0 0
12 14 1 0
12 14 2 0
12 14 3 0
12 14 4 0
12 15 0 6672
12 15 1 6672
12 15 2 6672
12 15 3 0
12 15 4 0
12 16 0 4578
12 16 1 4578
12 16 2 4578
12 16 3 0
12 16 4 0
12 17 0 0
12 17 1 0
12 17 2 0
12 17 3 0
12 17 4 0
12 18 0 4409
12 18 1 4409
12 18 2 4409
12 18 3 0
12 18 4 0
12 19 0 0
12 19 1 0
12 19 2 0
12 19 3 0
12 19 4 0
13 0 0 0
13 0 1 0
13 0 2 0
13 0 3 0
13 0 4 0
13 1 0 0
13 1 1 0
13 1 2 0
13 1 3 0
13 1 4 0
13 2 0 0
13 2 1 0
13 2 2 0
13 2 3 0
13 2 4 0
13 3 0 4921
13 3 1 4921
13 3 2 0
13 3 3 0
13 3 4 0
13 4 0 0
13 4 1 0
13 4 2 0
13 4 3 0
13 4 4 0
13 5 0 4157
13 5 1 4157
13 5 2 4157
13 5 3 0
13 5 4 0
13 6 0 0
13 6 1 0
13 6 2 0
13 6 3 0
13 6 4 0
13 7 0 3845
13 7 1 3845
13 7 2 0
13 7 3 0
13 7 4 0
13 8 0 0
13 8 1 0
13 8 2 0
13 8 3 0
13 8 4 0
13 9 0 0
13 9 1 0
13 9 2 0
13 9 3 0
13 9 4 0
13 10 0 0
13 10 1 0
13 10 2 0
13 10 3 0
13 10 4 0
13 11 0 0
13 11 1 0
13 11 2 0
13 11 3 0
13 11 4 0
13 12 0 0
13 12 1 0
13 12 2 0
13 12 3 0
13 12 4 0
13 14 0 0
13 14 1 0
13 14 2 0
13 14 3 0
13 14 4 0
13 15 0 0
13 15 1 0
13 15 2 0
13 15 3 0
13 15 4 0
13 16 0 4556
13 16 1 4556
13 16 2 0
13 16 3 0
13 16 4 0
13 17 0 0
13 17 1 0
13 17 2 0
13 17 3 0
13 17 4 0
13 18 0 0
13 18 1 0
13 18 2 0
13 18 3 0
13 18 4 0
13 19 0 0
13 19 1 0
13 19 2 0
13 19 3 0
13 19 4 0
14 0 0 3961
14 0 1 3961
14 0 2 0
14 0 3 0
14 0 4 0
14 1 0 3651
14 1 1 3651
14 1 2 0
14 1 3 0
14 1 4 0
14 2 0 0
14 2 1 0
14 2 2 0
14 2 3 0
14 2 4 0
14 3 0 0
14 3 1 0
14 3 2 0
14 3 3 0
14 3 4 0
14 4 0 0
14 4 1 0
14 4 2 0
14 4 3 0
14 4 4 0
14 5 0 0
14 5 1 0
14 5 2 0
14 5 3 0
14 5 4 0
14 6 0 3561
14 6 1 3561
14 6 2 0
14 6 3 0
14 6 4 0
14 7 0 0
14 7 1 0
14 7 2 0
14 7 3 0
14 7 4 0
14 8 0 3059
14 8 1 3059
14 8 2 0
14 8 3 0
14 8 4 0
14 9 0 3543
14 9 1 3543
14 9 2 3543
14 9 3 0
14 9 4 0
14 10 0 4016
14 10 1 4016
14 10 2 0
14 10 3 0
14 10 4 0
14 11 0 0
14 11 1 0
14 11 2 0
14 11 3 0
14 11 4 0
14 12 0 0
14 12 1 0
14 12 2 0
14 12 3 0
14 12 4 0
14 13 0 0
14 13 1 0
14 13 2 0
14 13 3 0
14 13 4 0
14 15 0 0
14 15 1 0
14 15 2 0
14 15 3 0
14 15 4 0
14 16 0 0
14 16 1 0
14 16 2 0
14 16 3 0
14 16 4 0
14 17 0 3572
14 17 1 3572
14 17 2 0
14 17 3 0
14 17 4 0
14 18 0 4373
14 18 1 4373
14 18 2 4373
14 18 3 0
14 18 4 0
14 19 0 0
14 19 1 0
14 19 2 0
14 19 3 0
14 19 4 0
15 0 0 0
15 0 1 0
15 0 2 0
15 0 3 0
15 0 4 0
15 1 0 0
15 1 1 0
15 1 2 0
15 1 3 0
15 1 4 0
15 2 0 3944
15 2 1 3944
15 2 2 0
15 2 3 0
15 2 4 0
15 3 0 0
15 3 1 0
15 3 2 0
15 3 3 0
15 3 4 0
15 4 0 4101
15 4 1 4101
15 4 2 4101
15 4 3 0
15 4 4 0
15 5 0 0
15 5 1 0
15 5 2 0
15 5 3 0
15 5 4 0
15 6 0 3471
15 6 1 3471
15 6 2 0
15 6 3 0
15 6 4 0
15 7 0 0
15 7 1 0
15 7 2 0
15 7 3 0
15 7 4 0
15 8 0 0
15 8 1 0
15 8 2 0
15 8 3 0
15 8 4 0
15 9 0 0
15 9 1 0
15 9 2 0
15 9 3 0
15 9 4 0
15 10 0 0
15 10 1 0
15 10 2 0
15 10 3 0
15 10 4 0
15 11 0 4623
15 11 1 4623
15 11 2 0
15 11 3 0
15 11 4 0
15 12 0 0
15 12 1 0
15 12 2 0
15 12 3 0
15 12 4 0
15 13 0 0
15 13 1 0
15 13 2 0
15 13 3 0
15 13 4 0
15 14 0 4271
15 14 1 4271
15 14 2 4271
15 14 3 0
15 14 4 0
15 16 0 0
15 16 1 0
15 16 2 0
15 16 3 0
15 16 4 0
15 17 0 4438
15 17 1 4438
15 17 2 0
15 17 3 0
15 17 4 0
15 18 0 0
15 18 1 0
15 18 2 0
15 18 3 0
15 18 4 0
15 19 0 0
15 19 1 0
15 19 2 0
15 19 3 0
15 19 4 0
16 0 0 0
16 0 1 0
16 0 2 0
16 0 3 0
16 0 4 0
16 1 0 3608
16 1 1 3608
16 1 2 3608
16 1 3 0
16 1 4 0
16 2 0 0
16 2 1 0
16 2 2 0
16 2 3 0
16 2 4 0
16 3 0 0
16 3 1 0
16 3 2 0
16 3 3 0
16 3 4 0
16 4 0 0
16 4 1 0
16 4 2 0
16 4 3 0
16 4 4 0
16 5 0 0
16 5 1 0
16 5 2 0
16 5 3 0
16 5 4 0
16 6 0 0
16 6 1 0
16 6 2 0
16 6 3 0
16 6 4 0
16 7 0 0
16 7 1 0
16 7 2 0
16 7 3 0
16 7 4 0
16 8 0 3061
16 8 1 3061
16 8 2 0
16 8 3 0
16 8 4 0
16 9 0 0
16 9 1 0
16 9 2 0
16 9 3 0
16 9 4 0
16 10 0 0
16 10 1 0
16 10 2 0
16 10 3 0
16 10 4 0
16 11 0 0
16 11 1 0
16 11 2 0
16 11 3 0
16 11 4 0
16 12 0 0
16 12 1 0
16 12 2 0
16 12 3 0
16 12 4 0
16 13 0 0
16 13 1 0
16 13 2 0
16 13 3 0
16 13 4 0
16 14 0 0
16 14 1 0
16 14 2 0
16 14 3 0
16 14 4 0
16 15 0 0
16 15 1 0
16 15 2 0
16 15 3 0
16 15 4 0
16 17 0 0
16 17 1 0
16 17 2 0
16 17 3 0
16 17 4 0
16 18 0 4429
16 18 1 4429
16 18 2 0
16 18 3 0
16 18 4 0
16 19 0 0
16 19 1 0
16 19 2 0
16 19 3 0
16 19 4 0
17 0 0 0
17 0 1 0
17 0 2 0
17 0 3 0
17 0 4 0
17 1 0 0
17 1 1 0
17 1 2 0
17 1 3 0
17 1 4 0
17 2 0 0
17 2 1 0
17 2 2 0
17 2 3 0
17 2 4 0
17 3 0 3679
17 3 1 3679
17 3 2 3679
17 3 3 0
17 3 4 0
17 4 0 0
17 4 1 0
17 4 2 0
17 4 3 0
17 4 4 0
17 5 0 0
17 5 1 0
17 5 2 0
17 5 3 0
17 5 4 0
17 6 0 0
17 6 1 0
17 6 2 0
17 6 3 0
17 6 4 0
17 7 0 3777
17 7 1 3777
17 7 2 0
17 7 3 0
17 7 4 0
17 8 0 0
17 8 1 0
17 8 2 0
17 8 3 0
17 8 4 0
17 9 0 0
17 9 1 0
17 9 2 0
17 9 3 0
17 9 4 0
17 10 0 0
17 10 1 0
17 10 2 0
17 10 3 0
17 10 4 0
17 11 0 0
17 11 1 0
17 11 2 0
17 11 3 0
17 11 4 0
17 12 0 0
17 12 1 0
17 12 2 0
17 12 3 0
17 12 4 0
17 13 0 0
17 13 1 0
17 13 2 0
17 13 3 0
17 13 4 0
17 14 0 0
17 14 1 0
17 14 2 0
17 14 3 0
17 14 4 0
17 15 0 0
17 15 1 0
17 15 2 0
17 15 3 0
17 15 4 0
17 16 0 3713
17 16 1 3713
17 16 2 3713
17 16 3 0
17 16 4 0
17 18 0 4429
17 18 1 4429
17 18 2 0
17 18 3 0
17 18 4 0
17 19 0 0
17 19 1 0
17 19 2 0
17 19 3 0
17 19 4 0
18 0 0 0
18 0 1 0
18 0 2 0
18 0 3 0
18 0 4 0
18 1 0 0
18 1 1 0
18 1 2 0
18 1 3 0
18 1 4 0
18 2 0 3370
18 2 1 3370
18 2 2 0
18 2 3 0
18 2 4 0
18 3 0 0
18 3 1 0
18 3 2 0
18 3 3 0
18 3 4 0
18 4 0 0
18 4 1 0
18 4 2 0
18 4 3 0
18 4 4 0
18 5 0 4115
18 5 1 4115
18 5 2 0
18 5 3 0
18 5 4 0
18 6 0 3702
18 6 1 3702
18 6 2 0
18 6 3 0
18 6 4 0
18 7 0 0
18 7 1 0
18 7 2 0
18 7 3 0
18 7 4 0
18 8 0 3925
18 8 1 3925
18 8 2 0
18 8 3 0
18 8 4 0
18 9 0 0
18 9 1 0
18 9 2 0
18 9 3 0
18 9 4 0
18 10 0 0
18 10 1 0
18 10 2 0
18 10 3 0
18 10 4 0
18 11 0 4766
18 11 1 4766
18 11 2 4766
18 11 3 0
18 11 4 0
18 12 0 0
18 12 1 0
18 12 2 0
18 12 3 0
18 12 4 0
18 13 0 0
18 13 1 0
18 13 2 0
18 13 3 0
18 13 4 0
18 14 0 0
18 14 1 0
18 14 2 0
18 14 3 0
18 14 4 0
18 15 0 0
18 15 1 0
18 15 2 0
18 15 3 0
18 15 4 0
18 16 0 0
18 16 1 0
18 16 2 0
18 16 3 0
18 16 4 0
18 17 0 0
18 17 1 0
18 17 2 0
18 17 3 0
18 17 4 0
18 19 0 3503
18 19 1 3503
18 19 2 3503
18 19 3 0
18 19 4 0
19 0 0 3259
19 0 1 3259
19 0 2 0
19 0 3 0
19 0 4 0
19 1 0 0
19 1 1 0
19 1 2 0
19 1 3 0
19 1 4 0
19 2 0 0
19 2 1 0
19 2 2 0
19 2 3 0
19 2 4 0
19 3 0 0
19 3 1 0
19 3 2 0
19 3 3 0
19 3 4 0
19 4 0 3503
19 4 1 3503
19 4 2 0
19 4 3 0
19 4 4 0
19 5 0 0
19 5 1 0
19 5 2 0
19 5 3 0
19 5 4 0
19 6 0 0
19 6 1 0
19 6 2 0
19 6 3 0
19 6 4 0
19 7 0 0
19 7 1 0
19 7 2 0
19 7 3 0
19 7 4 0
19 8 0 0
19 8 1 0
19 8 2 0
19 8 3 0
19 8 4 0
19 9 0 0
19 9 1 0
19 9 2 0
19 9 3 0
19 9 4 0
19 10 0 4490
19 10 1 4490
19 10 2 4490
19 10 3 0
19 10 4 0
19 11 0 0
19 11 1 0
19 11 2 0
19 11 3 0
19 11 4 0
19 12 0 0
19 12 1 0
19 12 2 0
19 12 3 0
19 12 4 0
19 13 0 0
19 13 1 0
19 13 2 0
19 13 3 0
19 13 4 0
19 14 0 0
19 14 1 0
19 14 2 0
19 14 3 0
19 14 4 0
19 15 0 0
19 15 1 0
19 15 2 0
19 15 3 0
19 15 4 0
19 16 0 0
19 16 1 0
19 16 2 0
19 16 3 0
19 16 4 0
19 17 0 0
19 17 1 0
19 17 2 0
19 17 3 0
19 17 4 0
19 18 0 0
19 18 1 0
19 18 2 0
19 18 3 0
19 18 4 0

