30 4 16 404

   0 1193 1121 1501 1571 1044 1738 1567  969 1433 1857 1132 1522 1131  853 1420 1221 1652 1717 1501 1428 1548 1037 1273 1491 1640 1326 1829 1172 1444 
1013    0  516  790  968  631 1195 1260  625  877 1071  899  893  554  505  930  894  831 1019  844 1142 1162  570  836 1005  901  988 1042  504  831 
1032  493    0  716  967  546  929 1225  615 1067 1050  812  727  440  670 1047  783 1046 1099  874 1193 1051  634  761  868 1033  779 1003  612  743 
1322  795  948    0 1281  884 1346 1428  745 1277 1434  962 1276  986  736 1473 1296 1295 1235 1101 1235 1304  975 1198 1044 1303 1226 1603 1012 1024 
1465  758  711 1206    0  914 1337 1521  827 1031 1395 1280 1054  959  662 1567  996 1335 1266 1202 1339 1466  688 1106 1058 1200 1063 1330  671 1052 
 934  605  614  858  984    0 1334 1052  579  781  850  983  755  553  490  965 1038 1105 1149 1005  960 1240  625 1033  996 1035 1048 1308  753  989 
1712 1192  919 1528 1289 1025    0 1486 1157 1200 1686 1310 1360 1115 1298 1829 1441 1484 1354 1317 1440 1438 1162 1477 1284 1420 1380 1552 1215 1354 
1741 1109 1219 1518 1383  998 1453    0 1225 1340 1751 1448 1310  996 1123 1503 1453 1500 1766 1448 1519 1711 1281 1488 1390 1845 1401 1590 1332 1529 
1086  581  438  887  754  613 1265 1187    0 1071 1051  974  880  492  433 1014  776 1007 1134  922 1148 1013  736  943 1028 1173  786 1099  682  958 
1489  917 1016 1114 1083 1016 1442 1291  890    0 1147 1165 1100  944 1007 1480  939 1304 1112 1090 1346 1247  889 1120 1368 1519 1163 1373  899 1065 
1615 1224 1162 1460 1502  925 1676 1638 1328 1384    0 1567 1383 1119  908 1466 1254 1661 1827 1320 1670 1675 1041 1361 1373 1411 1227 1388 1196 1627 
1395  926 1016 1004  967  781 1262 1623  775 1366 1486    0 1113  875  929 1302 1018 1388 1235 1130 1219 1520  743 1252 1084 1192 1080 1428  969 1250 
1340  777  704 1071 1122  967 1334 1253  866 1179 1396 1051    0  786  839 1280 1146 1323 1155 1210 1535 1333  745 1318 1081 1305 1063 1291 1047 1132 
1031  547  445  931  815  606 1181 1223  528 1036 1094  734  798    0  436 1163 1009 1135 1314  806 1312 1114  601  892  907 1164 1010 1189  518  705 
1243  659  445  849  958  619 1203 1226  645 1010 1120  754  933  655    0 1051  854 1058 1044  865 1072 1248  672  942  830  983 1000 1077  627  666 
1484 1149  997 1282 1106 1248 1385 1490  870 1470 1832 1560 1218 1254 1101    0 1276 1660 1769 1488 1708 1645 1081 1508 1483 1494 1445 1551 1091 1331 
1181  756  829 1073 1054  968 1400 1463  717 1123 1446 1226  939  815  727 1208    0 1372 1316 1211 1368 1375  770 1258 1080 1584 1219 1258  824 1235 
1724 1160 1052 1323 1321 1338 1668 1621 1237 1383 1564 1466 1484 1157 1098 1535 1394    0 1760 1464 1809 1837 1031 1318 1464 1408 1364 1699 1300 1373 
1639 1109 1046 1496 1339 1040 1679 1840 1070 1488 1770 1361 1502 1076 1071 1881 1458 1851    0 1156 1760 1712 1058 1396 1483 1853 1233 1611  907 1238 
1489  790  856 1224 1244  873 1516 1174 1029 1118 1350 1320 1232  976  875 1291 1286 1261 1431    0 1530 1291  667 1037 1331 1259 1276 1361  938 1096 
1675 1025  875 1322 1580 1313 1762 1398 1338 1171 1675 1426 1549 1258 1104 1528 1645 1699 1664 1293    0 1354 1137 1474 1463 1392 1589 1668 1068 1646 
1846 1298 1031 1313 1253  873 1843 1661 1084 1464 1680 1365 1416 1047  862 1468 1172 1509 1380 1229 1803    0 1020 1476 1583 1770 1341 1617 1282 1344 
1295  479  703  710  793  646 1324 1117  594  934 1229 1031  871  530  508 1244  834 1251  997  908 1134 1295    0  845 1025 1252  888 1333  487  855 
1386  839  666 1312 1227  968 1485 1385  850 1291 1557 1266 1032  848  745 1534 1091 1459 1457 1312 1284 1317  649    0 1003 1452 1199 1343  808  995 
1455  817  784  966 1123 1022 1298 1148  711 1208 1475 1215 1136  780  761 1395  953 1446 1298 1201 1276 1321  781 1170    0 1355 1116 1285  745 1097 
1753  938  926 1628 1475 1045 1706 1626 1151 1572 1699 1421 1556 1085 1282 1594 1476 1755 1540 1336 1464 1937 1186 1306 1191    0 1560 1819  952 1591 
1434  751  822 1046 1341  966 1473 1394  703 1168 1307 1200 1046  731  726 1551  989 1320 1433 1040 1554 1519  649 1086  972 1364    0 1422  713 1181 
1678 1219 1108 1511 1363 1135 1541 1688 1082 1389 1704 1305 1222 1016 1184 1615 1368 1479 1687 1139 1783 1670 1227 1295 1159 1601 1254    0 1051 1299 
1134  527  454  886  682  612 1010 1186  623  799 1104  696  748  598  749 1216 1049 1046 1122  741 1119 1124  595  742  769 1002 1048 1041    0  882 
1214  792  708 1159  957  765 1421 1224 1022 1156 1338 1126 1203  723  843 1283 1261 1318 1428 1130 1349 1354  920 1176 1063 1432  975 1418 1060    0 

   0  999  674  745 1187  957  872 1165  787  813  852  688 1006  827 1076 1147  762 1038  905  786  672  619  805 1184  879  758  916 1185 1095 1030 
1168    0 1041  815  953  699  746 1041 1098 1005  792  697 1183 1149 1192  899 1050  775  617  754  690  780 1114 1027  708 1183 1158  732 1124  804 
1038  688    0  708 1063  634 1130  615  868  788 1067 1149  619  939  984  947 1145  758  666  836  864  691  604  622 1166  877 1073  861  995  768 
 622  878 1109    0  717  626 1141  826  743  671  854  678  645  896 1134  964  899  847 1055 1108 1078  703 1200  846  828  768 1019 1048  774 1154 
1005  758  646 1152    0  966  806  622  974 1025  874  830 1141 1118 1010 1083  981  937  623 1125  778  988 1147  687 1029  613  826  782  617  857 
1086  754  943 1008  700    0 1088  612  603 1165  690  812  749  710  625  728 1189  783  889 1104  670 1181  868 1070  871  952  895 1020 1066  906 
 858 1075  723 1176 1160  649    0  912 1046 1166  987  850  896  652  673 1189  775  723  713  892  900  791  725  933  618  799  879  901  968 1083 
1159 1146  952 1028  778 1195  798    0  984  726  646  847  821 1004  985  953  975  734  731  883 1099  692 1012  879 1020  666  697 1142 1016  964 
 688  882  716 1002 1127  777  667  827    0 1146  760 1101  647  681  664 1146  740  695  955  774  789  654  896  791  872 1173 1044  747  853  677 
 755  656  949  805  849 1196 1186  886  843    0 1194  614  955  853  748  733  720 1059  838 1193  833 1020  737 1170  919  964  905 1028  733  648 
 735 1088 1134  775  639  860  977  892  771 1134    0  788  698 1000 1134  785 1019  759  611  721  814  948  789 1175 1076  822  651 1118  947  725 
 945  606  927 1001 1161 1068  741  975 1098  663 1189    0 1062  774 1109  829  861  729 1103  757  614  781  817 1089  705 1019 1200  922 1075  628 
 699 1017 1028 1154 1180  871 1065 1056 1143 1081  997  642    0  878 1157  847 1170  814 1092  930 1147  958  949  792  735  711  688  804 1064  746 
1139 1071  631  831 1056  715 1018 1054  796 1186  715 1046 1042    0  647  675 1196 1026  817  943  869 1084  710  911  932  802  991 1155  938 1107 
 719 1081 1181  633 1128  749 1078  660 1122  933  675  916 1105 1189    0  642  787 1046  956  604 1123  886 1021  638  710  600 1063  764 1193 1047 
1111 1032 1175 1104 1029  655  608  753  975  892  621 1081 1045 1161  998    0  752  799  621  790 1152  704  879  758  785 1068 1151 1051  635  877 
1122  780  616  809  698  894 1048  931  941 1197  793  952  840 1158  972  699    0  959  964  999  775  622  894 1129  772 1097  624  961  702  999 
1149 1172  660  631  749  981  730  761  605  850  613 1162  908  716 1168 1065  684    0  785 1111  961  891  820 1079  822 1024  808  848 1006  653 
 817  654  697  905 1002 1042  678  668  815  631  728  933  759 1167 1090 1098 1013 1104    0 1020  641  832  603  929 1010 1045  719  975  731  859 
 734 1026  620  728  724 1015  872  700  708  861 1147  756  858 1196 1041  718 1082 1138 1187    0  794 1114  647  956  747 1171  929 1135 1153  751 
 746  850  755  614  679 1083  919 1194 1094  976  819 1094  853 1174  925  749 1186  690  934  741    0  879 1067  796 1199  977  976 1087  664 1126 
 606  757  622  890  984 1152  729  760  949 1149 1129 1164  877  661  699  682  783 1003 1116 1098 1128    0  653  878  815  754  975  638 1180  964 
 843  682 1098 1062  783  655 1161  761  826 1155 1193  798  971  990 1082  837 1024 1138  681 1074  755  875    0  929  937  956 1139  604 1078  797 
 788 1171 1180  790 1059 1071  951  749  789  886  695  992  799  772  766  963  911  853 1141 1171 1116  966  901    0  995  965  878  813  731  951 
1153  876 1065 1134  782  994 1080  829  713 1046  649  614 1136 1037  985 1090 1023 1113  953  619  734 1133  940  887    0 1099 1075 1159 1111  744 
 852  677 1027  719  972  887 1095  646  715  641  894  679  708 1162  822 1039 1150 1036 1117 1115 1110  874  714  845 1147    0 1042 1111  970  786 
1077  628 1101 1144 1156  946  609 1145 1025  912  997  912 1045  781 1037 1019  697  868 1126  968 1040  972  889  753 1057 1102    0  619 1151  932 
1047  828  840 1031 1170  949  919  708  688  658 1038 1146 1071 1038 1003  866  945  988 1074  779 1025  954 1078 1157 1125 1088  823    0  795  735 
 862 1161  965  906  679  766 1124 1056  661  892 1115  612  745  740  713 1077 1119  691 1033  781  715  753  977  612 1143 1150  639  621    0 1041 
1029  977  613  809 1193 1183  702 1147 1105  939  892 1128  891 1189  877  847  805  843  710  845  619  964  920 1023 1003  944  972  708  878    0 

0 599 997
1 205 883
2 215 1072
3 364 744
4 517 1047
5 326 1089
6 561 747
7 580 987
8 254 847
9 424 1029
10 610 942
11 351 1054
12 543 985
13 258 950
14 319 722
15 662 1049
16 535 909
17 591 751
18 607 789
19 454 993
20 661 732
21 640 1010
22 312 890
23 385 1098
24 436 995
25 612 873
26 467 909
27 587 934
28 293 849
29 497 874

0 16 6085 8188 2442 
0 26 13876 15909 5304 
0 5 5873 7959 2088 
0 6 20380 22943 3476 
0 7 1352 5219 3134 
0 16 12742 15729 2442 
0 13 19228 21618 4524 
0 11 25322 26890 4528 
0 25 19056 20731 3280 
0 15 22217 24591 4260 
0 7 3415 6292 6268 
0 25 18635 20423 3280 
0 8 187 2028 2907 
0 15 25842 28136 4260 
0 29 10283 12734 4332 
1 29 24458 26540 1662 
1 24 16742 19212 2010 
1 15 16345 19761 2790 
1 29 20550 22600 1662 
1 21 3621 5532 3486 
1 8 11687 15299 1250 
1 12 3713 7001 3572 
1 27 15319 16812 3126 
1 19 19595 21540 3376 
2 29 7359 9709 2229 
2 11 13134 17500 2436 
2 22 9479 10838 2536 
2 8 13834 16047 1845 
2 27 23320 25317 4012 
2 11 12038 14347 2436 
2 15 19550 23186 3141 
2 23 304 1734 2283 
2 8 20586 22330 2460 
2 12 22755 25113 2181 
3 25 9616 12088 5212 
3 26 9797 12894 2452 
3 1 5649 7589 2385 
3 23 19133 22474 2396 
3 11 6016 8104 3848 
3 19 15169 19324 4404 
3 14 2549 6302 2944 
3 5 389 2179 1768 
3 4 1597 3948 5124 
3 26 15725 19464 4904 
3 13 20857 24118 3944 
3 22 14540 17504 1950 
3 19 11761 14420 2202 
3 16 16185 19700 3888 
3 0 15638 17815 2644 
4 14 11600 14953 1324 
4 26 15075 18147 3189 
4 27 3167 4754 5320 
4 19 16172 19693 3606 
4 23 20380 22853 4424 
4 7 6601 8075 3042 
4 16 18409 20655 2988 
4 23 14678 16890 4424 
4 13 18340 21257 2877 
4 14 18681 20993 1324 
4 13 7790 10383 2877 
4 1 4561 6744 2274 
4 11 13295 16133 3840 
4 3 15684 19347 3618 
4 14 3882 5922 1986 
4 8 6889 9372 2481 
5 7 4076 5630 2104 
5 23 23171 26316 2066 
5 8 21054 22326 2316 
5 28 22399 26535 2259 
5 10 2233 4758 2550 
5 24 6197 9419 1992 
5 14 13256 14731 1960 
5 27 13301 15871 3924 
5 26 11182 13079 2096 
5 6 21453 24096 5336 
5 21 10642 14255 2480 
5 10 13758 16228 3400 
6 18 19596 21150 2708 
6 0 15603 18708 3424 
6 10 24732 27169 5058 
6 9 24579 27319 4800 
6 1 3597 7821 3576 
6 10 20727 24181 3372 
6 24 9310 11361 2568 
6 5 3145 5195 2050 
6 22 478 2993 3486 
6 16 7322 10166 5764 
6 28 24922 27361 4860 
6 23 14450 17006 5908 
7 3 7442 10464 4554 
7 10 12031 13361 7004 
7 25 24480 26491 7380 
7 24 16261 18739 4170 
7 18 11991 13818 5298 
7 16 4005 6364 4359 
7 10 14812 16976 7004 
7 12 4883 6869 2620 
7 14 12490 16351 3369 
7 3 12974 16335 3036 
7 24 16691 20271 5560 
7 12 6730 8372 3930 
7 2 25235 28500 2438 
7 13 25302 28976 1992 
7 5 16502 20278 3992 
8 9 22146 26386 4284 
8 21 15571 17533 4052 
8 20 23586 26670 2296 
8 15 24842 28211 3042 
8 23 7583 9837 3772 
8 17 10248 11867 4028 
8 0 16072 18679 3258 
8 4 21784 25953 1508 
9 28 14310 17227 2697 
9 4 12475 15522 3249 
9 25 21069 24105 4557 
9 0 15424 17115 4467 
9 15 19798 21586 4440 
9 6 22236 24880 2884 
9 22 3851 5450 2667 
9 22 4059 6793 1778 
9 7 21927 25090 2582 
9 17 22440 25669 5216 
9 18 24869 27617 3336 
9 24 7490 9962 4104 
9 22 22080 24092 2667 
9 14 21290 23182 4028 
9 14 21900 23627 3021 
9 26 11094 13827 2326 
10 27 22662 25714 5552 
10 12 19944 22142 2766 
10 6 22329 25504 5028 
10 21 22218 25630 6700 
10 20 15863 18541 5010 
10 9 12967 15484 4152 
10 11 18240 20934 3134 
10 1 3388 7021 4896 
10 25 18529 20501 4233 
10 6 13812 17065 5028 
10 17 4525 7060 3322 
10 18 6935 8444 5481 
10 25 25487 27237 5644 
10 22 3311 5078 3123 
10 17 2234 5118 6644 
11 14 2030 5545 2787 
11 2 6364 9645 2032 
11 23 19753 22725 5008 
11 3 11719 14711 3012 
11 9 11969 14382 4098 
11 24 5434 6844 2168 
11 14 5359 7632 2787 
11 29 3270 5543 3750 
11 9 9492 11713 4098 
11 19 25790 28674 3390 
11 0 23314 26319 5580 
11 3 12269 15572 2008 
11 3 6271 9964 3012 
12 11 2980 4655 3153 
12 27 10266 12734 3873 
12 16 19441 22401 3438 
12 11 16736 18064 3153 
12 6 5032 9260 5336 
12 7 19861 23535 2506 
12 17 10521 13654 3969 
12 14 1584 5679 1678 
12 19 18255 20403 2420 
12 24 7051 9755 2162 
12 21 19426 21658 3999 
12 0 4704 6682 4020 
12 22 4821 7089 2980 
12 8 22218 26435 1732 
13 11 2397 5451 2202 
13 10 3471 5902 2188 
13 20 10194 13287 5248 
13 3 19478 22511 2793 
13 8 4523 7165 1584 
13 28 7578 9566 1554 
13 22 12325 14057 1803 
13 23 21828 24278 1784 
13 3 5722 8655 1862 
13 17 3705 7234 4540 
13 23 18222 21337 3568 
13 17 4730 8741 2270 
14 7 14431 15902 3678 
14 7 5082 7200 4904 
14 28 7211 11804 1254 
14 19 23937 25283 2595 
14 21 12805 15560 3744 
14 1 12606 14984 1318 
14 22 21600 24407 2016 
14 13 18850 22702 1310 
14 12 7156 10846 2799 
14 17 6635 8768 4232 
14 22 18562 22084 2688 
14 13 23991 26464 1310 
14 18 1588 5249 2088 
14 19 2612 4049 3460 
15 12 2748 5778 3654 
15 1 11723 14695 4596 
15 6 24419 25835 5540 
15 0 2315 4970 4452 
15 11 15479 19500 4680 
15 11 15337 18979 4680 
15 3 10000 12925 3846 
15 8 16804 20245 3480 
15 25 25539 28390 5976 
15 11 21821 24901 4680 
15 20 2946 5296 3416 
15 25 630 2808 5976 
15 11 11308 15415 3120 
15 8 21143 23619 1740 
15 9 18670 20784 2940 
16 22 4491 6636 1540 
16 2 13856 16018 2487 
16 17 14727 16836 2744 
16 24 5008 6714 4320 
16 18 2580 6301 5264 
16 4 4130 6887 2108 
16 5 21232 23458 3872 
16 21 1253 2808 5500 
16 22 24460 28027 3080 
16 25 7075 10596 3168 
16 28 10790 12502 2472 
16 15 703 2674 2416 
16 13 24948 29070 3260 
16 15 21574 24293 4832 
16 23 21277 23794 3774 
17 9 19369 22242 4149 
17 11 5755 8683 2932 
17 16 12085 14280 5576 
17 10 6847 8808 3128 
17 0 3283 5581 6896 
17 2 3826 5951 2104 
17 22 12038 14440 2062 
17 23 24930 28231 2636 
17 20 25464 28231 3618 
17 5 2331 4459 2676 
17 18 7012 9249 7040 
17 5 15291 17802 4014 
17 7 7372 9449 3242 
18 19 21861 24890 4624 
18 10 5481 8371 5310 
18 0 24629 26303 4917 
18 11 9211 12877 4083 
18 12 7376 9744 6008 
18 21 9943 13054 5136 
18 8 1167 4353 2140 
18 25 552 3770 7412 
18 24 25473 27705 5932 
18 14 13836 16081 3213 
18 1 4418 6033 2218 
18 22 5266 7370 3174 
18 10 11555 13054 5310 
18 25 5433 8338 3706 
19 13 23461 27013 1952 
19 4 12443 14506 3732 
19 25 3142 7427 3777 
19 23 15018 17857 4148 
19 2 9137 11406 1712 
19 21 16206 19269 5164 
19 25 12469 15010 2518 
19 0 3444 6247 5956 
19 6 21474 23601 4548 
19 12 18300 20710 2464 
19 25 3888 7728 3777 
19 23 25915 28582 4148 
19 22 19513 21389 2001 
20 8 11388 15359 5352 
20 10 19413 22492 3350 
20 3 136 1431 2644 
20 17 6831 9349 3398 
20 29 734 4325 6472 
20 15 19229 20861 3056 
20 3 7111 8609 5288 
20 22 25391 28058 3411 
20 6 11901 15209 3524 
20 19 6732 8680 5172 
20 12 22433 25486 4647 
20 17 25092 26830 5097 
20 12 9689 11966 3098 
20 11 16699 19587 5704 
21 18 4424 8642 5520 
21 5 15422 19166 1746 
21 13 23488 25061 2094 
21 13 7478 9434 4188 
21 17 15027 17213 3018 
21 20 9613 12421 7212 
21 10 19287 23690 3360 
21 16 14099 16549 2344 
21 11 6195 10431 5460 
21 26 19783 22464 2682 
21 14 15969 18226 3448 
21 3 16882 19160 3939 
22 8 5325 8529 2376 
22 6 1501 4345 5296 
22 10 1951 6472 4916 
22 19 10563 13301 2724 
22 4 20400 21989 2379 
22 18 12672 14960 3988 
22 4 5299 7624 3172 
22 26 10215 14042 2664 
22 8 10465 12769 1188 
22 7 2315 5191 4468 
22 15 15258 17149 4976 
22 11 13464 15977 2062 
22 3 22344 25073 2840 
23 18 16129 20305 5828 
23 6 7269 10759 4455 
23 9 15712 19238 5164 
23 6 22036 25003 5940 
23 16 11229 14107 3273 
23 10 793 2328 3114 
23 1 6818 10213 1678 
23 4 18656 21081 2454 
23 1 2425 5235 1678 
23 0 7451 9775 4158 
23 17 4663 6659 5836 
23 25 1236 3494 4356 
23 18 12499 16218 5828 
23 26 20205 22013 4796 
24 29 15678 18274 2194 
24 28 21775 24008 2235 
24 8 11332 13577 1422 
24 23 1138 3071 4680 
24 14 6038 8569 1522 
24 28 15265 19309 2235 
24 0 14463 16895 2910 
24 23 10187 13273 2340 
24 14 1865 4593 2283 
24 20 12957 15261 2552 
24 22 18231 21201 1562 
24 10 4713 7276 2950 
24 18 13216 16389 5192 
24 14 21699 24220 1522 
24 16 1128 3675 2859 
25 12 231 2432 6224 
25 0 9522 11311 5259 
25 6 19223 23099 6824 
25 4 413 2512 5900 
25 24 2858 6952 3573 
25 23 15424 17882 5224 
25 5 25956 28386 3135 
25 2 20180 22439 1852 
25 12 2812 4574 4668 
25 3 12861 14521 6512 
25 3 5768 7342 4884 
25 11 12268 13965 2842 
25 1 651 3298 1876 
25 4 14687 17146 2950 
26 21 11313 14112 3038 
26 22 5953 8175 2596 
26 9 1376 3428 3504 
26 10 3964 7284 5228 
26 17 25988 29251 5280 
26 5 15546 17863 3864 
26 23 3842 6560 2172 
26 18 21260 24942 5732 
26 15 336 3525 4653 
26 25 1042 4259 4092 
26 28 632 4085 2139 
26 13 1266 2890 2924 
26 18 14394 17625 5732 
26 20 4580 7772 6216 
27 1 15095 17794 4876 
27 18 14766 18299 5061 
27 1 1296 3953 2438 
27 2 12736 15037 3324 
27 13 15672 17758 4064 
27 10 6294 9927 5112 
27 10 13959 16408 5112 
27 15 12746 14486 6460 
27 18 14044 17104 3374 
27 8 25514 27117 4328 
27 15 4603 6759 4845 
27 15 11083 12918 6460 
27 19 11490 13336 4556 
27 1 1499 3163 3657 
27 11 20011 22910 3915 
27 7 18237 20198 3376 
28 9 13425 15985 1598 
28 15 20107 23790 3648 
28 1 16591 19528 1581 
28 23 5668 7106 2968 
28 19 25315 27056 2223 
28 7 15851 18227 3558 
28 12 10763 13288 1496 
28 14 9465 11960 1498 
28 7 11430 15305 2372 
28 10 16575 19563 3312 
28 29 23570 27421 3528 
29 0 3564 7566 3642 
29 16 2616 5699 2522 
29 5 12951 15683 2295 
29 11 11776 16175 3378 
29 12 12661 15690 4812 
29 22 18594 22136 1840 
29 4 19302 23942 3828 
29 19 18609 21591 4520 
29 5 24403 27123 3060 
29 12 6074 7980 3609 
29 15 765 2814 3849 
29 2 23653 25731 2124 
29 0 10548 13305 3642 
29 5 21539 24366 1530 
29 0 3169 6430 2428 

0 1 0 3655
0 1 1 3655
0 1 2 0
0 1 3 0
0 1 4 0
0 2 0 0
0 2 1 0
0 2 2 0
0 2 3 0
0 2 4 0
0 3 0 0
0 3 1 0
0 3 2 0
0 3 3 0
0 3 4 0
0 4 0 0
0 4 1 0
0 4 2 0
0 4 3 0
0 4 4 0
0 5 0 0
0 5 1 0
0 5 2 0
0 5 3 0
0 5 4 0
0 6 0 3190
0 6 1 3190
0 6 2 3190
0 6 3 0
0 6 4 0
0 7 0 0
0 7 1 0
0 7 2 0
0 7 3 0
0 7 4 0
0 8 0 3904
0 8 1 3904
0 8 2 3904
0 8 3 0
0 8 4 0
0 9 0 3569
0 9 1 3569
0 9 2 3569
0 9 3 0
0 9 4 0
0 10 0 0
0 10 1 0
0 10 2 0
0 10 3 0
0 10 4 0
0 11 0 0
0 11 1 0
0 11 2 0
0 11 3 0
0 11 4 0
0 12 0 0
0 12 1 0
0 12 2 0
0 12 3 0
0 12 4 0
0 13 0 0
0 13 1 0
0 13 2 0
0 13 3 0
0 13 4 0
0 14 0 0
0 14 1 0
0 14 2 0
0 14 3 0
0 14 4 0
0 15 0 0
0 15 1 0
0 15 2 0
0 15 3 0
0 15 4 0
0 16 0 3187
0 16 1 3187
0 16 2 3187
0 16 3 0
0 16 4 0
0 17 0 3407
0 17 1 3407
0 17 2 0
0 17 3 0
0 17 4 0
0 18 0 3945
0 18 1 3945
0 18 2 0
0 18 3 0
0 18 4 0
0 19 0 0
0 19 1 0
0 19 2 0
0 19 3 0
0 19 4 0
0 20 0 0
0 20 1 0
0 20 2 0
0 20 3 0
0 20 4 0
0 21 0 0
0 21 1 0
0 21 2 0
0 21 3 0
0 21 4 0
0 22 0 0
0 22 1 0
0 22 2 0
0 22 3 0
0 22 4 0
0 23 0 0
0 23 1 0
0 23 2 0
0 23 3 0
0 23 4 0
0 24 0 0
0 24 1 0
0 24 2 0
0 24 3 0
0 24 4 0
0 25 0 0
0 25 1 0
0 25 2 0
0 25 3 0
0 25 4 0
0 26 0 0
0 26 1 0
0 26 2 0
0 26 3 0
0 26 4 0
0 27 0 3122
0 27 1 3122
0 27 2 3122
0 27 3 0
0 27 4 0
0 28 0 3333
0 28 1 3333
0 28 2 0
0 28 3 0
0 28 4 0
0 29 0 0
0 29 1 0
0 29 2 0
0 29 3 0
0 29 4 0
1 0 0 0
1 0 1 0
1 0 2 0
1 0 3 0
1 0 4 0
1 2 0 0
1 2 1 0
1 2 2 0
1 2 3 0
1 2 4 0
1 3 0 0
1 3 1 0
1 3 2 0
1 3 3 0
1 3 4 0
1 4 0 0
1 4 1 0
1 4 2 0
1 4 3 0
1 4 4 0
1 5 0 4461
1 5 1 4461
1 5 2 4461
1 5 3 0
1 5 4 0
1 6 0 3600
1 6 1 3600
1 6 2 3600
1 6 3 0
1 6 4 0
1 7 0 0
1 7 1 0
1 7 2 0
1 7 3 0
1 7 4 0
1 8 0 4784
1 8 1 4784
1 8 2 0
1 8 3 0
1 8 4 0
1 9 0 0
1 9 1 0
1 9 2 0
1 9 3 0
1 9 4 0
1 10 0 0
1 10 1 0
1 10 2 0
1 10 3 0
1 10 4 0
1 11 0 0
1 11 1 0
1 11 2 0
1 11 3 0
1 11 4 0
1 12 0 4892
1 12 1 4892
1 12 2 4892
1 12 3 0
1 12 4 0
1 13 0 0
1 13 1 0
1 13 2 0
1 13 3 0
1 13 4 0
1 14 0 0
1 14 1 0
1 14 2 0
1 14 3 0
1 14 4 0
1 15 0 0
1 15 1 0
1 15 2 0
1 15 3 0
1 15 4 0
1 16 0 4113
1 16 1 4113
1 16 2 0
1 16 3 0
1 16 4 0
1 17 0 0
1 17 1 0
1 17 2 0
1 17 3 0
1 17 4 0
1 18 0 0
1 18 1 0
1 18 2 0
1 18 3 0
1 18 4 0
1 19 0 0
1 19 1 0
1 19 2 0
1 19 3 0
1 19 4 0
1 20 0 0
1 20 1 0
1 20 2 0
1 20 3 0
1 20 4 0
1 21 0 0
1 21 1 0
1 21 2 0
1 21 3 0
1 21 4 0
1 22 0 0
1 22 1 0
1 22 2 0
1 22 3 0
1 22 4 0
1 23 0 0
1 23 1 0
1 23 2 0
1 23 3 0
1 23 4 0
1 24 0 3781
1 24 1 3781
1 24 2 3781
1 24 3 0
1 24 4 0
1 25 0 0
1 25 1 0
1 25 2 0
1 25 3 0
1 25 4 0
1 26 0 3261
1 26 1 3261
1 26 2 3261
1 26 3 0
1 26 4 0
1 27 0 0
1 27 1 0
1 27 2 0
1 27 3 0
1 27 4 0
1 28 0 4364
1 28 1 4364
1 28 2 0
1 28 3 0
1 28 4 0
1 29 0 0
1 29 1 0
1 29 2 0
1 29 3 0
1 29 4 0
2 0 0 0
2 0 1 0
2 0 2 0
2 0 3 0
2 0 4 0
2 1 0 0
2 1 1 0
2 1 2 0
2 1 3 0
2 1 4 0
2 3 0 0
2 3 1 0
2 3 2 0
2 3 3 0
2 3 4 0
2 4 0 0
2 4 1 0
2 4 2 0
2 4 3 0
2 4 4 0
2 5 0 4266
2 5 1 4266
2 5 2 4266
2 5 3 0
2 5 4 0
2 6 0 0
2 6 1 0
2 6 2 0
2 6 3 0
2 6 4 0
2 7 0 0
2 7 1 0
2 7 2 0
2 7 3 0
2 7 4 0
2 8 0 0
2 8 1 0
2 8 2 0
2 8 3 0
2 8 4 0
2 9 0 0
2 9 1 0
2 9 2 0
2 9 3 0
2 9 4 0
2 10 0 0
2 10 1 0
2 10 2 0
2 10 3 0
2 10 4 0
2 11 0 4345
2 11 1 4345
2 11 2 0
2 11 3 0
2 11 4 0
2 12 0 4544
2 12 1 4544
2 12 2 4544
2 12 3 0
2 12 4 0
2 13 0 0
2 13 1 0
2 13 2 0
2 13 3 0
2 13 4 0
2 14 0 0
2 14 1 0
2 14 2 0
2 14 3 0
2 14 4 0
2 15 0 3116
2 15 1 3116
2 15 2 0
2 15 3 0
2 15 4 0
2 16 0 4555
2 16 1 4555
2 16 2 4555
2 16 3 0
2 16 4 0
2 17 0 0
2 17 1 0
2 17 2 0
2 17 3 0
2 17 4 0
2 18 0 0
2 18 1 0
2 18 2 0
2 18 3 0
2 18 4 0
2 19 0 0
2 19 1 0
2 19 2 0
2 19 3 0
2 19 4 0
2 20 0 0
2 20 1 0
2 20 2 0
2 20 3 0
2 20 4 0
2 21 0 0
2 21 1 0
2 21 2 0
2 21 3 0
2 21 4 0
2 22 0 0
2 22 1 0
2 22 2 0
2 22 3 0
2 22 4 0
2 23 0 0
2 23 1 0
2 23 2 0
2 23 3 0
2 23 4 0
2 24 0 0
2 24 1 0
2 24 2 0
2 24 3 0
2 24 4 0
2 25 0 0
2 25 1 0
2 25 2 0
2 25 3 0
2 25 4 0
2 26 0 4748
2 26 1 4748
2 26 2 0
2 26 3 0
2 26 4 0
2 27 0 0
2 27 1 0
2 27 2 0
2 27 3 0
2 27 4 0
2 28 0 0
2 28 1 0
2 28 2 0
2 28 3 0
2 28 4 0
2 29 0 0
2 29 1 0
2 29 2 0
2 29 3 0
2 29 4 0
3 0 0 0
3 0 1 0
3 0 2 0
3 0 3 0
3 0 4 0
3 1 0 4046
3 1 1 4046
3 1 2 0
3 1 3 0
3 1 4 0
3 2 0 0
3 2 1 0
3 2 2 0
3 2 3 0
3 2 4 0
3 4 0 0
3 4 1 0
3 4 2 0
3 4 3 0
3 4 4 0
3 5 0 0
3 5 1 0
3 5 2 0
3 5 3 0
3 5 4 0
3 6 0 3791
3 6 1 3791
3 6 2 3791
3 6 3 0
3 6 4 0
3 7 0 3169
3 7 1 3169
3 7 2 3169
3 7 3 0
3 7 4 0
3 8 0 4772
3 8 1 4772
3 8 2 0
3 8 3 0
3 8 4 0
3 9 0 0
3 9 1 0
3 9 2 0
3 9 3 0
3 9 4 0
3 10 0 3894
3 10 1 3894
3 10 2 3894
3 10 3 0
3 10 4 0
3 11 0 0
3 11 1 0
3 11 2 0
3 11 3 0
3 11 4 0
3 12 0 0
3 12 1 0
3 12 2 0
3 12 3 0
3 12 4 0
3 13 0 0
3 13 1 0
3 13 2 0
3 13 3 0
3 13 4 0
3 14 0 0
3 14 1 0
3 14 2 0
3 14 3 0
3 14 4 0
3 15 0 0
3 15 1 0
3 15 2 0
3 15 3 0
3 15 4 0
3 16 0 0
3 16 1 0
3 16 2 0
3 16 3 0
3 16 4 0
3 17 0 3892
3 17 1 3892
3 17 2 0
3 17 3 0
3 17 4 0
3 18 0 0
3 18 1 0
3 18 2 0
3 18 3 0
3 18 4 0
3 19 0 0
3 19 1 0
3 19 2 0
3 19 3 0
3 19 4 0
3 20 0 0
3 20 1 0
3 20 2 0
3 20 3 0
3 20 4 0
3 21 0 3602
3 21 1 3602
3 21 2 0
3 21 3 0
3 21 4 0
3 22 0 0
3 22 1 0
3 22 2 0
3 22 3 0
3 22 4 0
3 23 0 0
3 23 1 0
3 23 2 0
3 23 3 0
3 23 4 0
3 24 0 3113
3 24 1 3113
3 24 2 3113
3 24 3 0
3 24 4 0
3 25 0 3221
3 25 1 3221
3 25 2 0
3 25 3 0
3 25 4 0
3 26 0 0
3 26 1 0
3 26 2 0
3 26 3 0
3 26 4 0
3 27 0 0
3 27 1 0
3 27 2 0
3 27 3 0
3 27 4 0
3 28 0 0
3 28 1 0
3 28 2 0
3 28 3 0
3 28 4 0
3 29 0 0
3 29 1 0
3 29 2 0
3 29 3 0
3 29 4 0
4 0 0 0
4 0 1 0
4 0 2 0
4 0 3 0
4 0 4 0
4 1 0 0
4 1 1 0
4 1 2 0
4 1 3 0
4 1 4 0
4 2 0 0
4 2 1 0
4 2 2 0
4 2 3 0
4 2 4 0
4 3 0 3915
4 3 1 3915
4 3 2 0
4 3 3 0
4 3 4 0
4 5 0 0
4 5 1 0
4 5 2 0
4 5 3 0
4 5 4 0
4 6 0 0
4 6 1 0
4 6 2 0
4 6 3 0
4 6 4 0
4 7 0 3130
4 7 1 3130
4 7 2 3130
4 7 3 0
4 7 4 0
4 8 0 0
4 8 1 0
4 8 2 0
4 8 3 0
4 8 4 0
4 9 0 0
4 9 1 0
4 9 2 0
4 9 3 0
4 9 4 0
4 10 0 0
4 10 1 0
4 10 2 0
4 10 3 0
4 10 4 0
4 11 0 3726
4 11 1 3726
4 11 2 3726
4 11 3 0
4 11 4 0
4 12 0 0
4 12 1 0
4 12 2 0
4 12 3 0
4 12 4 0
4 13 0 0
4 13 1 0
4 13 2 0
4 13 3 0
4 13 4 0
4 14 0 0
4 14 1 0
4 14 2 0
4 14 3 0
4 14 4 0
4 15 0 0
4 15 1 0
4 15 2 0
4 15 3 0
4 15 4 0
4 16 0 0
4 16 1 0
4 16 2 0
4 16 3 0
4 16 4 0
4 17 0 0
4 17 1 0
4 17 2 0
4 17 3 0
4 17 4 0
4 18 0 0
4 18 1 0
4 18 2 0
4 18 3 0
4 18 4 0
4 19 0 0
4 19 1 0
4 19 2 0
4 19 3 0
4 19 4 0
4 20 0 0
4 20 1 0
4 20 2 0
4 20 3 0
4 20 4 0
4 21 0 3907
4 21 1 3907
4 21 2 3907
4 21 3 0
4 21 4 0
4 22 0 0
4 22 1 0
4 22 2 0
4 22 3 0
4 22 4 0
4 23 0 0
4 23 1 0
4 23 2 0
4 23 3 0
4 23 4 0
4 24 0 3952
4 24 1 3952
4 24 2 3952
4 24 3 0
4 24 4 0
4 25 0 0
4 25 1 0
4 25 2 0
4 25 3 0
4 25 4 0
4 26 0 0
4 26 1 0
4 26 2 0
4 26 3 0
4 26 4 0
4 27 0 0
4 27 1 0
4 27 2 0
4 27 3 0
4 27 4 0
4 28 0 0
4 28 1 0
4 28 2 0
4 28 3 0
4 28 4 0
4 29 0 0
4 29 1 0
4 29 2 0
4 29 3 0
4 29 4 0
5 0 0 0
5 0 1 0
5 0 2 0
5 0 3 0
5 0 4 0
5 1 0 4277
5 1 1 4277
5 1 2 4277
5 1 3 0
5 1 4 0
5 2 0 4252
5 2 1 4252
5 2 2 4252
5 2 3 0
5 2 4 0
5 3 0 0
5 3 1 0
5 3 2 0
5 3 3 0
5 3 4 0
5 4 0 0
5 4 1 0
5 4 2 0
5 4 3 0
5 4 4 0
5 6 0 0
5 6 1 0
5 6 2 0
5 6 3 0
5 6 4 0
5 7 0 3542
5 7 1 3542
5 7 2 3542
5 7 3 0
5 7 4 0
5 8 0 0
5 8 1 0
5 8 2 0
5 8 3 0
5 8 4 0
5 9 0 0
5 9 1 0
5 9 2 0
5 9 3 0
5 9 4 0
5 10 0 4828
5 10 1 4828
5 10 2 0
5 10 3 0
5 10 4 0
5 11 0 0
5 11 1 0
5 11 2 0
5 11 3 0
5 11 4 0
5 12 0 4856
5 12 1 4856
5 12 2 4856
5 12 3 0
5 12 4 0
5 13 0 0
5 13 1 0
5 13 2 0
5 13 3 0
5 13 4 0
5 14 0 5892
5 14 1 5892
5 14 2 5892
5 14 3 0
5 14 4 0
5 15 0 0
5 15 1 0
5 15 2 0
5 15 3 0
5 15 4 0
5 16 0 0
5 16 1 0
5 16 2 0
5 16 3 0
5 16 4 0
5 17 0 0
5 17 1 0
5 17 2 0
5 17 3 0
5 17 4 0
5 18 0 0
5 18 1 0
5 18 2 0
5 18 3 0
5 18 4 0
5 19 0 3857
5 19 1 3857
5 19 2 0
5 19 3 0
5 19 4 0
5 20 0 3315
5 20 1 3315
5 20 2 0
5 20 3 0
5 20 4 0
5 21 0 0
5 21 1 0
5 21 2 0
5 21 3 0
5 21 4 0
5 22 0 0
5 22 1 0
5 22 2 0
5 22 3 0
5 22 4 0
5 23 0 0
5 23 1 0
5 23 2 0
5 23 3 0
5 23 4 0
5 24 0 3538
5 24 1 3538
5 24 2 3538
5 24 3 0
5 24 4 0
5 25 0 0
5 25 1 0
5 25 2 0
5 25 3 0
5 25 4 0
5 26 0 0
5 26 1 0
5 26 2 0
5 26 3 0
5 26 4 0
5 27 0 0
5 27 1 0
5 27 2 0
5 27 3 0
5 27 4 0
5 28 0 0
5 28 1 0
5 28 2 0
5 28 3 0
5 28 4 0
5 29 0 0
5 29 1 0
5 29 2 0
5 29 3 0
5 29 4 0
6 0 0 0
6 0 1 0
6 0 2 0
6 0 3 0
6 0 4 0
6 1 0 0
6 1 1 0
6 1 2 0
6 1 3 0
6 1 4 0
6 2 0 3360
6 2 1 3360
6 2 2 0
6 2 3 0
6 2 4 0
6 3 0 3893
6 3 1 3893
6 3 2 0
6 3 3 0
6 3 4 0
6 4 0 0
6 4 1 0
6 4 2 0
6 4 3 0
6 4 4 0
6 5 0 0
6 5 1 0
6 5 2 0
6 5 3 0
6 5 4 0
6 7 0 0
6 7 1 0
6 7 2 0
6 7 3 0
6 7 4 0
6 8 0 0
6 8 1 0
6 8 2 0
6 8 3 0
6 8 4 0
6 9 0 3349
6 9 1 3349
6 9 2 0
6 9 3 0
6 9 4 0
6 10 0 0
6 10 1 0
6 10 2 0
6 10 3 0
6 10 4 0
6 11 0 3173
6 11 1 3173
6 11 2 3173
6 11 3 0
6 11 4 0
6 12 0 0
6 12 1 0
6 12 2 0
6 12 3 0
6 12 4 0
6 13 0 3591
6 13 1 3591
6 13 2 3591
6 13 3 0
6 13 4 0
6 14 0 0
6 14 1 0
6 14 2 0
6 14 3 0
6 14 4 0
6 15 0 3797
6 15 1 3797
6 15 2 3797
6 15 3 0
6 15 4 0
6 16 0 3673
6 16 1 3673
6 16 2 3673
6 16 3 0
6 16 4 0
6 17 0 0
6 17 1 0
6 17 2 0
6 17 3 0
6 17 4 0
6 18 0 0
6 18 1 0
6 18 2 0
6 18 3 0
6 18 4 0
6 19 0 0
6 19 1 0
6 19 2 0
6 19 3 0
6 19 4 0
6 20 0 3603
6 20 1 3603
6 20 2 3603
6 20 3 0
6 20 4 0
6 21 0 0
6 21 1 0
6 21 2 0
6 21 3 0
6 21 4 0
6 22 0 0
6 22 1 0
6 22 2 0
6 22 3 0
6 22 4 0
6 23 0 0
6 23 1 0
6 23 2 0
6 23 3 0
6 23 4 0
6 24 0 3764
6 24 1 3764
6 24 2 3764
6 24 3 0
6 24 4 0
6 25 0 0
6 25 1 0
6 25 2 0
6 25 3 0
6 25 4 0
6 26 0 0
6 26 1 0
6 26 2 0
6 26 3 0
6 26 4 0
6 27 0 0
6 27 1 0
6 27 2 0
6 27 3 0
6 27 4 0
6 28 0 0
6 28 1 0
6 28 2 0
6 28 3 0
6 28 4 0
6 29 0 3827
6 29 1 3827
6 29 2 3827
6 29 3 0
6 29 4 0
7 0 0 0
7 0 1 0
7 0 2 0
7 0 3 0
7 0 4 0
7 1 0 0
7 1 1 0
7 1 2 0
7 1 3 0
7 1 4 0
7 2 0 3084
7 2 1 3084
7 2 2 3084
7 2 3 0
7 2 4 0
7 3 0 0
7 3 1 0
7 3 2 0
7 3 3 0
7 3 4 0
7 4 0 0
7 4 1 0
7 4 2 0
7 4 3 0
7 4 4 0
7 5 0 0
7 5 1 0
7 5 2 0
7 5 3 0
7 5 4 0
7 6 0 0
7 6 1 0
7 6 2 0
7 6 3 0
7 6 4 0
7 8 0 0
7 8 1 0
7 8 2 0
7 8 3 0
7 8 4 0
7 9 0 0
7 9 1 0
7 9 2 0
7 9 3 0
7 9 4 0
7 10 0 0
7 10 1 0
7 10 2 0
7 10 3 0
7 10 4 0
7 11 0 3733
7 11 1 3733
7 11 2 0
7 11 3 0
7 11 4 0
7 12 0 3040
7 12 1 3040
7 12 2 3040
7 12 3 0
7 12 4 0
7 13 0 0
7 13 1 0
7 13 2 0
7 13 3 0
7 13 4 0
7 14 0 0
7 14 1 0
7 14 2 0
7 14 3 0
7 14 4 0
7 15 0 0
7 15 1 0
7 15 2 0
7 15 3 0
7 15 4 0
7 16 0 0
7 16 1 0
7 16 2 0
7 16 3 0
7 16 4 0
7 17 0 0
7 17 1 0
7 17 2 0
7 17 3 0
7 17 4 0
7 18 0 3033
7 18 1 3033
7 18 2 3033
7 18 3 0
7 18 4 0
7 19 0 0
7 19 1 0
7 19 2 0
7 19 3 0
7 19 4 0
7 20 0 0
7 20 1 0
7 20 2 0
7 20 3 0
7 20 4 0
7 21 0 0
7 21 1 0
7 21 2 0
7 21 3 0
7 21 4 0
7 22 0 0
7 22 1 0
7 22 2 0
7 22 3 0
7 22 4 0
7 23 0 0
7 23 1 0
7 23 2 0
7 23 3 0
7 23 4 0
7 24 0 3630
7 24 1 3630
7 24 2 3630
7 24 3 0
7 24 4 0
7 25 0 0
7 25 1 0
7 25 2 0
7 25 3 0
7 25 4 0
7 26 0 3418
7 26 1 3418
7 26 2 3418
7 26 3 0
7 26 4 0
7 27 0 3393
7 27 1 3393
7 27 2 3393
7 27 3 0
7 27 4 0
7 28 0 0
7 28 1 0
7 28 2 0
7 28 3 0
7 28 4 0
7 29 0 0
7 29 1 0
7 29 2 0
7 29 3 0
7 29 4 0
8 0 0 3560
8 0 1 3560
8 0 2 0
8 0 3 0
8 0 4 0
8 1 0 0
8 1 1 0
8 1 2 0
8 1 3 0
8 1 4 0
8 2 0 0
8 2 1 0
8 2 2 0
8 2 3 0
8 2 4 0
8 3 0 4754
8 3 1 4754
8 3 2 0
8 3 3 0
8 3 4 0
8 4 0 0
8 4 1 0
8 4 2 0
8 4 3 0
8 4 4 0
8 5 0 0
8 5 1 0
8 5 2 0
8 5 3 0
8 5 4 0
8 6 0 3445
8 6 1 3445
8 6 2 0
8 6 3 0
8 6 4 0
8 7 0 0
8 7 1 0
8 7 2 0
8 7 3 0
8 7 4 0
8 9 0 3748
8 9 1 3748
8 9 2 3748
8 9 3 0
8 9 4 0
8 10 0 3970
8 10 1 3970
8 10 2 3970
8 10 3 0
8 10 4 0
8 11 0 0
8 11 1 0
8 11 2 0
8 11 3 0
8 11 4 0
8 12 0 4317
8 12 1 4317
8 12 2 4317
8 12 3 0
8 12 4 0
8 13 0 6439
8 13 1 6439
8 13 2 6439
8 13 3 0
8 13 4 0
8 14 0 0
8 14 1 0
8 14 2 0
8 14 3 0
8 14 4 0
8 15 0 0
8 15 1 0
8 15 2 0
8 15 3 0
8 15 4 0
8 16 0 4104
8 16 1 4104
8 16 2 0
8 16 3 0
8 16 4 0
8 17 0 0
8 17 1 0
8 17 2 0
8 17 3 0
8 17 4 0
8 18 0 0
8 18 1 0
8 18 2 0
8 18 3 0
8 18 4 0
8 19 0 3759
8 19 1 3759
8 19 2 0
8 19 3 0
8 19 4 0
8 20 0 3999
8 20 1 3999
8 20 2 3999
8 20 3 0
8 20 4 0
8 21 0 0
8 21 1 0
8 21 2 0
8 21 3 0
8 21 4 0
8 22 0 4924
8 22 1 4924
8 22 2 4924
8 22 3 0
8 22 4 0
8 23 0 0
8 23 1 0
8 23 2 0
8 23 3 0
8 23 4 0
8 24 0 0
8 24 1 0
8 24 2 0
8 24 3 0
8 24 4 0
8 25 0 3625
8 25 1 3625
8 25 2 3625
8 25 3 0
8 25 4 0
8 26 0 0
8 26 1 0
8 26 2 0
8 26 3 0
8 26 4 0
8 27 0 0
8 27 1 0
8 27 2 0
8 27 3 0
8 27 4 0
8 28 0 0
8 28 1 0
8 28 2 0
8 28 3 0
8 28 4 0
8 29 0 0
8 29 1 0
8 29 2 0
8 29 3 0
8 29 4 0
9 0 0 0
9 0 1 0
9 0 2 0
9 0 3 0
9 0 4 0
9 1 0 3174
9 1 1 3174
9 1 2 0
9 1 3 0
9 1 4 0
9 2 0 0
9 2 1 0
9 2 2 0
9 2 3 0
9 2 4 0
9 3 0 0
9 3 1 0
9 3 2 0
9 3 3 0
9 3 4 0
9 4 0 0
9 4 1 0
9 4 2 0
9 4 3 0
9 4 4 0
9 5 0 0
9 5 1 0
9 5 2 0
9 5 3 0
9 5 4 0
9 6 0 0
9 6 1 0
9 6 2 0
9 6 3 0
9 6 4 0
9 7 0 0
9 7 1 0
9 7 2 0
9 7 3 0
9 7 4 0
9 8 0 0
9 8 1 0
9 8 2 0
9 8 3 0
9 8 4 0
9 10 0 0
9 10 1 0
9 10 2 0
9 10 3 0
9 10 4 0
9 11 0 0
9 11 1 0
9 11 2 0
9 11 3 0
9 11 4 0
9 12 0 0
9 12 1 0
9 12 2 0
9 12 3 0
9 12 4 0
9 13 0 3107
9 13 1 3107
9 13 2 0
9 13 3 0
9 13 4 0
9 14 0 3082
9 14 1 3082
9 14 2 0
9 14 3 0
9 14 4 0
9 15 0 0
9 15 1 0
9 15 2 0
9 15 3 0
9 15 4 0
9 16 0 0
9 16 1 0
9 16 2 0
9 16 3 0
9 16 4 0
9 17 0 0
9 17 1 0
9 17 2 0
9 17 3 0
9 17 4 0
9 18 0 3743
9 18 1 3743
9 18 2 0
9 18 3 0
9 18 4 0
9 19 0 0
9 19 1 0
9 19 2 0
9 19 3 0
9 19 4 0
9 20 0 0
9 20 1 0
9 20 2 0
9 20 3 0
9 20 4 0
9 21 0 3939
9 21 1 3939
9 21 2 0
9 21 3 0
9 21 4 0
9 22 0 0
9 22 1 0
9 22 2 0
9 22 3 0
9 22 4 0
9 23 0 0
9 23 1 0
9 23 2 0
9 23 3 0
9 23 4 0
9 24 0 0
9 24 1 0
9 24 2 0
9 24 3 0
9 24 4 0
9 25 0 0
9 25 1 0
9 25 2 0
9 25 3 0
9 25 4 0
9 26 0 0
9 26 1 0
9 26 2 0
9 26 3 0
9 26 4 0
9 27 0 0
9 27 1 0
9 27 2 0
9 27 3 0
9 27 4 0
9 28 0 4586
9 28 1 4586
9 28 2 4586
9 28 3 0
9 28 4 0
9 29 0 3917
9 29 1 3917
9 29 2 3917
9 29 3 0
9 29 4 0
10 0 0 0
10 0 1 0
10 0 2 0
10 0 3 0
10 0 4 0
10 1 0 3462
10 1 1 3462
10 1 2 0
10 1 3 0
10 1 4 0
10 2 0 0
10 2 1 0
10 2 2 0
10 2 3 0
10 2 4 0
10 3 0 0
10 3 1 0
10 3 2 0
10 3 3 0
10 3 4 0
10 4 0 3964
10 4 1 3964
10 4 2 3964
10 4 3 0
10 4 4 0
10 5 0 3407
10 5 1 3407
10 5 2 3407
10 5 3 0
10 5 4 0
10 6 0 0
10 6 1 0
10 6 2 0
10 6 3 0
10 6 4 0
10 7 0 0
10 7 1 0
10 7 2 0
10 7 3 0
10 7 4 0
10 8 0 0
10 8 1 0
10 8 2 0
10 8 3 0
10 8 4 0
10 9 0 3723
10 9 1 3723
10 9 2 3723
10 9 3 0
10 9 4 0
10 11 0 3490
10 11 1 3490
10 11 2 3490
10 11 3 0
10 11 4 0
10 12 0 0
10 12 1 0
10 12 2 0
10 12 3 0
10 12 4 0
10 13 0 0
10 13 1 0
10 13 2 0
10 13 3 0
10 13 4 0
10 14 0 0
10 14 1 0
10 14 2 0
10 14 3 0
10 14 4 0
10 15 0 0
10 15 1 0
10 15 2 0
10 15 3 0
10 15 4 0
10 16 0 3151
10 16 1 3151
10 16 2 0
10 16 3 0
10 16 4 0
10 17 0 0
10 17 1 0
10 17 2 0
10 17 3 0
10 17 4 0
10 18 0 0
10 18 1 0
10 18 2 0
10 18 3 0
10 18 4 0
10 19 0 0
10 19 1 0
10 19 2 0
10 19 3 0
10 19 4 0
10 20 0 0
10 20 1 0
10 20 2 0
10 20 3 0
10 20 4 0
10 21 0 0
10 21 1 0
10 21 2 0
10 21 3 0
10 21 4 0
10 22 0 0
10 22 1 0
10 22 2 0
10 22 3 0
10 22 4 0
10 23 0 0
10 23 1 0
10 23 2 0
10 23 3 0
10 23 4 0
10 24 0 0
10 24 1 0
10 24 2 0
10 24 3 0
10 24 4 0
10 25 0 0
10 25 1 0
10 25 2 0
10 25 3 0
10 25 4 0
10 26 0 3185
10 26 1 3185
10 26 2 0
10 26 3 0
10 26 4 0
10 27 0 3282
10 27 1 3282
10 27 2 0
10 27 3 0
10 27 4 0
10 28 0 0
10 28 1 0
10 28 2 0
10 28 3 0
10 28 4 0
10 29 0 0
10 29 1 0
10 29 2 0
10 29 3 0
10 29 4 0
11 0 0 0
11 0 1 0
11 0 2 0
11 0 3 0
11 0 4 0
11 1 0 0
11 1 1 0
11 1 2 0
11 1 3 0
11 1 4 0
11 2 0 3707
11 2 1 3707
11 2 2 3707
11 2 3 0
11 2 4 0
11 3 0 0
11 3 1 0
11 3 2 0
11 3 3 0
11 3 4 0
11 4 0 0
11 4 1 0
11 4 2 0
11 4 3 0
11 4 4 0
11 5 0 0
11 5 1 0
11 5 2 0
11 5 3 0
11 5 4 0
11 6 0 3806
11 6 1 3806
11 6 2 3806
11 6 3 0
11 6 4 0
11 7 0 0
11 7 1 0
11 7 2 0
11 7 3 0
11 7 4 0
11 8 0 0
11 8 1 0
11 8 2 0
11 8 3 0
11 8 4 0
11 9 0 0
11 9 1 0
11 9 2 0
11 9 3 0
11 9 4 0
11 10 0 0
11 10 1 0
11 10 2 0
11 10 3 0
11 10 4 0
11 12 0 0
11 12 1 0
11 12 2 0
11 12 3 0
11 12 4 0
11 13 0 0
11 13 1 0
11 13 2 0
11 13 3 0
11 13 4 0
11 14 0 3460
11 14 1 3460
11 14 2 3460
11 14 3 0
11 14 4 0
11 15 0 0
11 15 1 0
11 15 2 0
11 15 3 0
11 15 4 0
11 16 0 3638
11 16 1 3638
11 16 2 0
11 16 3 0
11 16 4 0
11 17 0 3634
11 17 1 3634
11 17 2 3634
11 17 3 0
11 17 4 0
11 18 0 3965
11 18 1 3965
11 18 2 3965
11 18 3 0
11 18 4 0
11 19 0 0
11 19 1 0
11 19 2 0
11 19 3 0
11 19 4 0
11 20 0 0
11 20 1 0
11 20 2 0
11 20 3 0
11 20 4 0
11 21 0 0
11 21 1 0
11 21 2 0
11 21 3 0
11 21 4 0
11 22 0 4594
11 22 1 4594
11 22 2 4594
11 22 3 0
11 22 4 0
11 23 0 3731
11 23 1 3731
11 23 2 0
11 23 3 0
11 23 4 0
11 24 0 3734
11 24 1 3734
11 24 2 3734
11 24 3 0
11 24 4 0
11 25 0 0
11 25 1 0
11 25 2 0
11 25 3 0
11 25 4 0
11 26 0 0
11 26 1 0
11 26 2 0
11 26 3 0
11 26 4 0
11 27 0 3115
11 27 1 3115
11 27 2 0
11 27 3 0
11 27 4 0
11 28 0 0
11 28 1 0
11 28 2 0
11 28 3 0
11 28 4 0
11 29 0 0
11 29 1 0
11 29 2 0
11 29 3 0
11 29 4 0
12 0 0 0
12 0 1 0
12 0 2 0
12 0 3 0
12 0 4 0
12 1 0 0
12 1 1 0
12 1 2 0
12 1 3 0
12 1 4 0
12 2 0 0
12 2 1 0
12 2 2 0
12 2 3 0
12 2 4 0
12 3 0 0
12 3 1 0
12 3 2 0
12 3 3 0
12 3 4 0
12 4 0 3380
12 4 1 3380
12 4 2 0
12 4 3 0
12 4 4 0
12 5 0 0
12 5 1 0
12 5 2 0
12 5 3 0
12 5 4 0
12 6 0 0
12 6 1 0
12 6 2 0
12 6 3 0
12 6 4 0
12 7 0 3806
12 7 1 3806
12 7 2 3806
12 7 3 0
12 7 4 0
12 8 0 4088
12 8 1 4088
12 8 2 4088
12 8 3 0
12 8 4 0
12 9 0 3090
12 9 1 3090
12 9 2 3090
12 9 3 0
12 9 4 0
12 10 0 0
12 10 1 0
12 10 2 0
12 10 3 0
12 10 4 0
12 11 0 3712
12 11 1 3712
12 11 2 3712
12 11 3 0
12 11 4 0
12 13 0 0
12 13 1 0
12 13 2 0
12 13 3 0
12 13 4 0
12 14 0 0
12 14 1 0
12 14 2 0
12 14 3 0
12 14 4 0
12 15 0 0
12 15 1 0
12 15 2 0
12 15 3 0
12 15 4 0
12 16 0 0
12 16 1 0
12 16 2 0
12 16 3 0
12 16 4 0
12 17 0 0
12 17 1 0
12 17 2 0
12 17 3 0
12 17 4 0
12 18 0 0
12 18 1 0
12 18 2 0
12 18 3 0
12 18 4 0
12 19 0 0
12 19 1 0
12 19 2 0
12 19 3 0
12 19 4 0
12 20 0 0
12 20 1 0
12 20 2 0
12 20 3 0
12 20 4 0
12 21 0 0
12 21 1 0
12 21 2 0
12 21 3 0
12 21 4 0
12 22 0 0
12 22 1 0
12 22 2 0
12 22 3 0
12 22 4 0
12 23 0 3244
12 23 1 3244
12 23 2 3244
12 23 3 0
12 23 4 0
12 24 0 0
12 24 1 0
12 24 2 0
12 24 3 0
12 24 4 0
12 25 0 3992
12 25 1 3992
12 25 2 3992
12 25 3 0
12 25 4 0
12 26 0 0
12 26 1 0
12 26 2 0
12 26 3 0
12 26 4 0
12 27 0 0
12 27 1 0
12 27 2 0
12 27 3 0
12 27 4 0
12 28 0 3308
12 28 1 3308
12 28 2 0
12 28 3 0
12 28 4 0
12 29 0 0
12 29 1 0
12 29 2 0
12 29 3 0
12 29 4 0
13 0 0 0
13 0 1 0
13 0 2 0
13 0 3 0
13 0 4 0
13 1 0 0
13 1 1 0
13 1 2 0
13 1 3 0
13 1 4 0
13 2 0 5942
13 2 1 5942
13 2 2 0
13 2 3 0
13 2 4 0
13 3 0 0
13 3 1 0
13 3 2 0
13 3 3 0
13 3 4 0
13 4 0 0
13 4 1 0
13 4 2 0
13 4 3 0
13 4 4 0
13 5 0 0
13 5 1 0
13 5 2 0
13 5 3 0
13 5 4 0
13 6 0 3194
13 6 1 3194
13 6 2 3194
13 6 3 0
13 6 4 0
13 7 0 0
13 7 1 0
13 7 2 0
13 7 3 0
13 7 4 0
13 8 0 4901
13 8 1 4901
13 8 2 4901
13 8 3 0
13 8 4 0
13 9 0 3005
13 9 1 3005
13 9 2 0
13 9 3 0
13 9 4 0
13 10 0 0
13 10 1 0
13 10 2 0
13 10 3 0
13 10 4 0
13 11 0 0
13 11 1 0
13 11 2 0
13 11 3 0
13 11 4 0
13 12 0 0
13 12 1 0
13 12 2 0
13 12 3 0
13 12 4 0
13 14 0 0
13 14 1 0
13 14 2 0
13 14 3 0
13 14 4 0
13 15 0 3050
13 15 1 3050
13 15 2 3050
13 15 3 0
13 15 4 0
13 16 0 3460
13 16 1 3460
13 16 2 3460
13 16 3 0
13 16 4 0
13 17 0 3033
13 17 1 3033
13 17 2 0
13 17 3 0
13 17 4 0
13 18 0 0
13 18 1 0
13 18 2 0
13 18 3 0
13 18 4 0
13 19 0 4509
13 19 1 4509
13 19 2 4509
13 19 3 0
13 19 4 0
13 20 0 3572
13 20 1 3572
13 20 2 0
13 20 3 0
13 20 4 0
13 21 0 0
13 21 1 0
13 21 2 0
13 21 3 0
13 21 4 0
13 22 0 0
13 22 1 0
13 22 2 0
13 22 3 0
13 22 4 0
13 23 0 0
13 23 1 0
13 23 2 0
13 23 3 0
13 23 4 0
13 24 0 0
13 24 1 0
13 24 2 0
13 24 3 0
13 24 4 0
13 25 0 0
13 25 1 0
13 25 2 0
13 25 3 0
13 25 4 0
13 26 0 0
13 26 1 0
13 26 2 0
13 26 3 0
13 26 4 0
13 27 0 0
13 27 1 0
13 27 2 0
13 27 3 0
13 27 4 0
13 28 0 0
13 28 1 0
13 28 2 0
13 28 3 0
13 28 4 0
13 29 0 0
13 29 1 0
13 29 2 0
13 29 3 0
13 29 4 0
14 0 0 3279
14 0 1 3279
14 0 2 3279
14 0 3 0
14 0 4 0
14 1 0 0
14 1 1 0
14 1 2 0
14 1 3 0
14 1 4 0
14 2 0 5617
14 2 1 5617
14 2 2 5617
14 2 3 0
14 2 4 0
14 3 0 0
14 3 1 0
14 3 2 0
14 3 3 0
14 3 4 0
14 4 0 3757
14 4 1 3757
14 4 2 0
14 4 3 0
14 4 4 0
14 5 0 0
14 5 1 0
14 5 2 0
14 5 3 0
14 5 4 0
14 6 0 0
14 6 1 0
14 6 2 0
14 6 3 0
14 6 4 0
14 7 0 0
14 7 1 0
14 7 2 0
14 7 3 0
14 7 4 0
14 8 0 0
14 8 1 0
14 8 2 0
14 8 3 0
14 8 4 0
14 9 0 0
14 9 1 0
14 9 2 0
14 9 3 0
14 9 4 0
14 10 0 0
14 10 1 0
14 10 2 0
14 10 3 0
14 10 4 0
14 11 0 4157
14 11 1 4157
14 11 2 4157
14 11 3 0
14 11 4 0
14 12 0 0
14 12 1 0
14 12 2 0
14 12 3 0
14 12 4 0
14 13 0 4454
14 13 1 4454
14 13 2 0
14 13 3 0
14 13 4 0
14 15 0 0
14 15 1 0
14 15 2 0
14 15 3 0
14 15 4 0
14 16 0 0
14 16 1 0
14 16 2 0
14 16 3 0
14 16 4 0
14 17 0 0
14 17 1 0
14 17 2 0
14 17 3 0
14 17 4 0
14 18 0 0
14 18 1 0
14 18 2 0
14 18 3 0
14 18 4 0
14 19 0 0
14 19 1 0
14 19 2 0
14 19 3 0
14 19 4 0
14 20 0 3190
14 20 1 3190
14 20 2 3190
14 20 3 0
14 20 4 0
14 21 0 0
14 21 1 0
14 21 2 0
14 21 3 0
14 21 4 0
14 22 0 0
14 22 1 0
14 22 2 0
14 22 3 0
14 22 4 0
14 23 0 0
14 23 1 0
14 23 2 0
14 23 3 0
14 23 4 0
14 24 0 0
14 24 1 0
14 24 2 0
14 24 3 0
14 24 4 0
14 25 0 0
14 25 1 0
14 25 2 0
14 25 3 0
14 25 4 0
14 26 0 0
14 26 1 0
14 26 2 0
14 26 3 0
14 26 4 0
14 27 0 0
14 27 1 0
14 27 2 0
14 27 3 0
14 27 4 0
14 28 0 0
14 28 1 0
14 28 2 0
14 28 3 0
14 28 4 0
14 29 0 0
14 29 1 0
14 29 2 0
14 29 3 0
14 29 4 0
15 0 0 0
15 0 1 0
15 0 2 0
15 0 3 0
15 0 4 0
15 1 0 3330
15 1 1 3330
15 1 2 0
15 1 3 0
15 1 4 0
15 2 0 0
15 2 1 0
15 2 2 0
15 2 3 0
15 2 4 0
15 3 0 0
15 3 1 0
15 3 2 0
15 3 3 0
15 3 4 0
15 4 0 0
15 4 1 0
15 4 2 0
15 4 3 0
15 4 4 0
15 5 0 0
15 5 1 0
15 5 2 0
15 5 3 0
15 5 4 0
15 6 0 0
15 6 1 0
15 6 2 0
15 6 3 0
15 6 4 0
15 7 0 0
15 7 1 0
15 7 2 0
15 7 3 0
15 7 4 0
15 8 0 4947
15 8 1 4947
15 8 2 0
15 8 3 0
15 8 4 0
15 9 0 0
15 9 1 0
15 9 2 0
15 9 3 0
15 9 4 0
15 10 0 0
15 10 1 0
15 10 2 0
15 10 3 0
15 10 4 0
15 11 0 3722
15 11 1 3722
15 11 2 0
15 11 3 0
15 11 4 0
15 12 0 0
15 12 1 0
15 12 2 0
15 12 3 0
15 12 4 0
15 13 0 0
15 13 1 0
15 13 2 0
15 13 3 0
15 13 4 0
15 14 0 3544
15 14 1 3544
15 14 2 3544
15 14 3 0
15 14 4 0
15 16 0 3084
15 16 1 3084
15 16 2 0
15 16 3 0
15 16 4 0
15 17 0 0
15 17 1 0
15 17 2 0
15 17 3 0
15 17 4 0
15 18 0 0
15 18 1 0
15 18 2 0
15 18 3 0
15 18 4 0
15 19 0 0
15 19 1 0
15 19 2 0
15 19 3 0
15 19 4 0
15 20 0 0
15 20 1 0
15 20 2 0
15 20 3 0
15 20 4 0
15 21 0 0
15 21 1 0
15 21 2 0
15 21 3 0
15 21 4 0
15 22 0 0
15 22 1 0
15 22 2 0
15 22 3 0
15 22 4 0
15 23 0 0
15 23 1 0
15 23 2 0
15 23 3 0
15 23 4 0
15 24 0 0
15 24 1 0
15 24 2 0
15 24 3 0
15 24 4 0
15 25 0 0
15 25 1 0
15 25 2 0
15 25 3 0
15 25 4 0
15 26 0 0
15 26 1 0
15 26 2 0
15 26 3 0
15 26 4 0
15 27 0 0
15 27 1 0
15 27 2 0
15 27 3 0
15 27 4 0
15 28 0 0
15 28 1 0
15 28 2 0
15 28 3 0
15 28 4 0
15 29 0 0
15 29 1 0
15 29 2 0
15 29 3 0
15 29 4 0
16 0 0 0
16 0 1 0
16 0 2 0
16 0 3 0
16 0 4 0
16 1 0 0
16 1 1 0
16 1 2 0
16 1 3 0
16 1 4 0
16 2 0 0
16 2 1 0
16 2 2 0
16 2 3 0
16 2 4 0
16 3 0 0
16 3 1 0
16 3 2 0
16 3 3 0
16 3 4 0
16 4 0 0
16 4 1 0
16 4 2 0
16 4 3 0
16 4 4 0
16 5 0 3612
16 5 1 3612
16 5 2 3612
16 5 3 0
16 5 4 0
16 6 0 0
16 6 1 0
16 6 2 0
16 6 3 0
16 6 4 0
16 7 0 0
16 7 1 0
16 7 2 0
16 7 3 0
16 7 4 0
16 8 0 0
16 8 1 0
16 8 2 0
16 8 3 0
16 8 4 0
16 9 0 0
16 9 1 0
16 9 2 0
16 9 3 0
16 9 4 0
16 10 0 0
16 10 1 0
16 10 2 0
16 10 3 0
16 10 4 0
16 11 0 0
16 11 1 0
16 11 2 0
16 11 3 0
16 11 4 0
16 12 0 0
16 12 1 0
16 12 2 0
16 12 3 0
16 12 4 0
16 13 0 0
16 13 1 0
16 13 2 0
16 13 3 0
16 13 4 0
16 14 0 0
16 14 1 0
16 14 2 0
16 14 3 0
16 14 4 0
16 15 0 0
16 15 1 0
16 15 2 0
16 15 3 0
16 15 4 0
16 17 0 0
16 17 1 0
16 17 2 0
16 17 3 0
16 17 4 0
16 18 0 0
16 18 1 0
16 18 2 0
16 18 3 0
16 18 4 0
16 19 0 0
16 19 1 0
16 19 2 0
16 19 3 0
16 19 4 0
16 20 0 0
16 20 1 0
16 20 2 0
16 20 3 0
16 20 4 0
16 21 0 0
16 21 1 0
16 21 2 0
16 21 3 0
16 21 4 0
16 22 0 0
16 22 1 0
16 22 2 0
16 22 3 0
16 22 4 0
16 23 0 3017
16 23 1 3017
16 23 2 3017
16 23 3 0
16 23 4 0
16 24 0 3363
16 24 1 3363
16 24 2 3363
16 24 3 0
16 24 4 0
16 25 0 0
16 25 1 0
16 25 2 0
16 25 3 0
16 25 4 0
16 26 0 0
16 26 1 0
16 26 2 0
16 26 3 0
16 26 4 0
16 27 0 0
16 27 1 0
16 27 2 0
16 27 3 0
16 27 4 0
16 28 0 0
16 28 1 0
16 28 2 0
16 28 3 0
16 28 4 0
16 29 0 0
16 29 1 0
16 29 2 0
16 29 3 0
16 29 4 0
17 0 0 0
17 0 1 0
17 0 2 0
17 0 3 0
17 0 4 0
17 1 0 0
17 1 1 0
17 1 2 0
17 1 3 0
17 1 4 0
17 2 0 3194
17 2 1 3194
17 2 2 0
17 2 3 0
17 2 4 0
17 3 0 0
17 3 1 0
17 3 2 0
17 3 3 0
17 3 4 0
17 4 0 3512
17 4 1 3512
17 4 2 0
17 4 3 0
17 4 4 0
17 5 0 0
17 5 1 0
17 5 2 0
17 5 3 0
17 5 4 0
17 6 0 0
17 6 1 0
17 6 2 0
17 6 3 0
17 6 4 0
17 7 0 0
17 7 1 0
17 7 2 0
17 7 3 0
17 7 4 0
17 8 0 0
17 8 1 0
17 8 2 0
17 8 3 0
17 8 4 0
17 9 0 3432
17 9 1 3432
17 9 2 3432
17 9 3 0
17 9 4 0
17 10 0 0
17 10 1 0
17 10 2 0
17 10 3 0
17 10 4 0
17 11 0 3519
17 11 1 3519
17 11 2 0
17 11 3 0
17 11 4 0
17 12 0 0
17 12 1 0
17 12 2 0
17 12 3 0
17 12 4 0
17 13 0 3077
17 13 1 3077
17 13 2 0
17 13 3 0
17 13 4 0
17 14 0 0
17 14 1 0
17 14 2 0
17 14 3 0
17 14 4 0
17 15 0 3619
17 15 1 3619
17 15 2 3619
17 15 3 0
17 15 4 0
17 16 0 0
17 16 1 0
17 16 2 0
17 16 3 0
17 16 4 0
17 18 0 0
17 18 1 0
17 18 2 0
17 18 3 0
17 18 4 0
17 19 0 3975
17 19 1 3975
17 19 2 3975
17 19 3 0
17 19 4 0
17 20 0 0
17 20 1 0
17 20 2 0
17 20 3 0
17 20 4 0
17 21 0 0
17 21 1 0
17 21 2 0
17 21 3 0
17 21 4 0
17 22 0 0
17 22 1 0
17 22 2 0
17 22 3 0
17 22 4 0
17 23 0 0
17 23 1 0
17 23 2 0
17 23 3 0
17 23 4 0
17 24 0 0
17 24 1 0
17 24 2 0
17 24 3 0
17 24 4 0
17 25 0 0
17 25 1 0
17 25 2 0
17 25 3 0
17 25 4 0
17 26 0 0
17 26 1 0
17 26 2 0
17 26 3 0
17 26 4 0
17 27 0 3426
17 27 1 3426
17 27 2 0
17 27 3 0
17 27 4 0
17 28 0 0
17 28 1 0
17 28 2 0
17 28 3 0
17 28 4 0
17 29 0 0
17 29 1 0
17 29 2 0
17 29 3 0
17 29 4 0
18 0 0 0
18 0 1 0
18 0 2 0
18 0 3 0
18 0 4 0
18 1 0 3042
18 1 1 3042
18 1 2 3042
18 1 3 0
18 1 4 0
18 2 0 0
18 2 1 0
18 2 2 0
18 2 3 0
18 2 4 0
18 3 0 0
18 3 1 0
18 3 2 0
18 3 3 0
18 3 4 0
18 4 0 3312
18 4 1 3312
18 4 2 3312
18 4 3 0
18 4 4 0
18 5 0 0
18 5 1 0
18 5 2 0
18 5 3 0
18 5 4 0
18 6 0 0
18 6 1 0
18 6 2 0
18 6 3 0
18 6 4 0
18 7 0 0
18 7 1 0
18 7 2 0
18 7 3 0
18 7 4 0
18 8 0 0
18 8 1 0
18 8 2 0
18 8 3 0
18 8 4 0
18 9 0 0
18 9 1 0
18 9 2 0
18 9 3 0
18 9 4 0
18 10 0 0
18 10 1 0
18 10 2 0
18 10 3 0
18 10 4 0
18 11 0 3487
18 11 1 3487
18 11 2 3487
18 11 3 0
18 11 4 0
18 12 0 3764
18 12 1 3764
18 12 2 3764
18 12 3 0
18 12 4 0
18 13 0 0
18 13 1 0
18 13 2 0
18 13 3 0
18 13 4 0
18 14 0 0
18 14 1 0
18 14 2 0
18 14 3 0
18 14 4 0
18 15 0 0
18 15 1 0
18 15 2 0
18 15 3 0
18 15 4 0
18 16 0 0
18 16 1 0
18 16 2 0
18 16 3 0
18 16 4 0
18 17 0 0
18 17 1 0
18 17 2 0
18 17 3 0
18 17 4 0
18 19 0 0
18 19 1 0
18 19 2 0
18 19 3 0
18 19 4 0
18 20 0 0
18 20 1 0
18 20 2 0
18 20 3 0
18 20 4 0
18 21 0 0
18 21 1 0
18 21 2 0
18 21 3 0
18 21 4 0
18 22 0 0
18 22 1 0
18 22 2 0
18 22 3 0
18 22 4 0
18 23 0 0
18 23 1 0
18 23 2 0
18 23 3 0
18 23 4 0
18 24 0 0
18 24 1 0
18 24 2 0
18 24 3 0
18 24 4 0
18 25 0 0
18 25 1 0
18 25 2 0
18 25 3 0
18 25 4 0
18 26 0 3893
18 26 1 3893
18 26 2 0
18 26 3 0
18 26 4 0
18 27 0 3552
18 27 1 3552
18 27 2 3552
18 27 3 0
18 27 4 0
18 28 0 3036
18 28 1 3036
18 28 2 0
18 28 3 0
18 28 4 0
18 29 0 0
18 29 1 0
18 29 2 0
18 29 3 0
18 29 4 0
19 0 0 0
19 0 1 0
19 0 2 0
19 0 3 0
19 0 4 0
19 1 0 0
19 1 1 0
19 1 2 0
19 1 3 0
19 1 4 0
19 2 0 0
19 2 1 0
19 2 2 0
19 2 3 0
19 2 4 0
19 3 0 3827
19 3 1 3827
19 3 2 0
19 3 3 0
19 3 4 0
19 4 0 3461
19 4 1 3461
19 4 2 3461
19 4 3 0
19 4 4 0
19 5 0 0
19 5 1 0
19 5 2 0
19 5 3 0
19 5 4 0
19 6 0 3282
19 6 1 3282
19 6 2 0
19 6 3 0
19 6 4 0
19 7 0 0
19 7 1 0
19 7 2 0
19 7 3 0
19 7 4 0
19 8 0 0
19 8 1 0
19 8 2 0
19 8 3 0
19 8 4 0
19 9 0 3737
19 9 1 3737
19 9 2 0
19 9 3 0
19 9 4 0
19 10 0 3030
19 10 1 3030
19 10 2 3030
19 10 3 0
19 10 4 0
19 11 0 0
19 11 1 0
19 11 2 0
19 11 3 0
19 11 4 0
19 12 0 3085
19 12 1 3085
19 12 2 3085
19 12 3 0
19 12 4 0
19 13 0 0
19 13 1 0
19 13 2 0
19 13 3 0
19 13 4 0
19 14 0 0
19 14 1 0
19 14 2 0
19 14 3 0
19 14 4 0
19 15 0 0
19 15 1 0
19 15 2 0
19 15 3 0
19 15 4 0
19 16 0 3624
19 16 1 3624
19 16 2 0
19 16 3 0
19 16 4 0
19 17 0 0
19 17 1 0
19 17 2 0
19 17 3 0
19 17 4 0
19 18 0 3328
19 18 1 3328
19 18 2 0
19 18 3 0
19 18 4 0
19 20 0 0
19 20 1 0
19 20 2 0
19 20 3 0
19 20 4 0
19 21 0 0
19 21 1 0
19 21 2 0
19 21 3 0
19 21 4 0
19 22 0 0
19 22 1 0
19 22 2 0
19 22 3 0
19 22 4 0
19 23 0 0
19 23 1 0
19 23 2 0
19 23 3 0
19 23 4 0
19 24 0 3270
19 24 1 3270
19 24 2 0
19 24 3 0
19 24 4 0
19 25 0 0
19 25 1 0
19 25 2 0
19 25 3 0
19 25 4 0
19 26 0 0
19 26 1 0
19 26 2 0
19 26 3 0
19 26 4 0
19 27 0 0
19 27 1 0
19 27 2 0
19 27 3 0
19 27 4 0
19 28 0 3273
19 28 1 3273
19 28 2 3273
19 28 3 0
19 28 4 0
19 29 0 3749
19 29 1 3749
19 29 2 0
19 29 3 0
19 29 4 0
20 0 0 0
20 0 1 0
20 0 2 0
20 0 3 0
20 0 4 0
20 1 0 3918
20 1 1 3918
20 1 2 0
20 1 3 0
20 1 4 0
20 2 0 0
20 2 1 0
20 2 2 0
20 2 3 0
20 2 4 0
20 3 0 0
20 3 1 0
20 3 2 0
20 3 3 0
20 3 4 0
20 4 0 3689
20 4 1 3689
20 4 2 0
20 4 3 0
20 4 4 0
20 5 0 0
20 5 1 0
20 5 2 0
20 5 3 0
20 5 4 0
20 6 0 0
20 6 1 0
20 6 2 0
20 6 3 0
20 6 4 0
20 7 0 0
20 7 1 0
20 7 2 0
20 7 3 0
20 7 4 0
20 8 0 0
20 8 1 0
20 8 2 0
20 8 3 0
20 8 4 0
20 9 0 3258
20 9 1 3258
20 9 2 0
20 9 3 0
20 9 4 0
20 10 0 0
20 10 1 0
20 10 2 0
20 10 3 0
20 10 4 0
20 11 0 0
20 11 1 0
20 11 2 0
20 11 3 0
20 11 4 0
20 12 0 3959
20 12 1 3959
20 12 2 3959
20 12 3 0
20 12 4 0
20 13 0 0
20 13 1 0
20 13 2 0
20 13 3 0
20 13 4 0
20 14 0 0
20 14 1 0
20 14 2 0
20 14 3 0
20 14 4 0
20 15 0 3962
20 15 1 3962
20 15 2 3962
20 15 3 0
20 15 4 0
20 16 0 3254
20 16 1 3254
20 16 2 0
20 16 3 0
20 16 4 0
20 17 0 0
20 17 1 0
20 17 2 0
20 17 3 0
20 17 4 0
20 18 0 0
20 18 1 0
20 18 2 0
20 18 3 0
20 18 4 0
20 19 0 0
20 19 1 0
20 19 2 0
20 19 3 0
20 19 4 0
20 21 0 0
20 21 1 0
20 21 2 0
20 21 3 0
20 21 4 0
20 22 0 3822
20 22 1 3822
20 22 2 0
20 22 3 0
20 22 4 0
20 23 0 3797
20 23 1 3797
20 23 2 3797
20 23 3 0
20 23 4 0
20 24 0 0
20 24 1 0
20 24 2 0
20 24 3 0
20 24 4 0
20 25 0 0
20 25 1 0
20 25 2 0
20 25 3 0
20 25 4 0
20 26 0 0
20 26 1 0
20 26 2 0
20 26 3 0
20 26 4 0
20 27 0 0
20 27 1 0
20 27 2 0
20 27 3 0
20 27 4 0
20 28 0 0
20 28 1 0
20 28 2 0
20 28 3 0
20 28 4 0
20 29 0 3235
20 29 1 3235
20 29 2 0
20 29 3 0
20 29 4 0
21 0 0 0
21 0 1 0
21 0 2 0
21 0 3 0
21 0 4 0
21 1 0 3302
21 1 1 3302
21 1 2 0
21 1 3 0
21 1 4 0
21 2 0 0
21 2 1 0
21 2 2 0
21 2 3 0
21 2 4 0
21 3 0 0
21 3 1 0
21 3 2 0
21 3 3 0
21 3 4 0
21 4 0 3619
21 4 1 3619
21 4 2 0
21 4 3 0
21 4 4 0
21 5 0 0
21 5 1 0
21 5 2 0
21 5 3 0
21 5 4 0
21 6 0 3499
21 6 1 3499
21 6 2 0
21 6 3 0
21 6 4 0
21 7 0 0
21 7 1 0
21 7 2 0
21 7 3 0
21 7 4 0
21 8 0 0
21 8 1 0
21 8 2 0
21 8 3 0
21 8 4 0
21 9 0 0
21 9 1 0
21 9 2 0
21 9 3 0
21 9 4 0
21 10 0 3398
21 10 1 3398
21 10 2 3398
21 10 3 0
21 10 4 0
21 11 0 0
21 11 1 0
21 11 2 0
21 11 3 0
21 11 4 0
21 12 0 0
21 12 1 0
21 12 2 0
21 12 3 0
21 12 4 0
21 13 0 0
21 13 1 0
21 13 2 0
21 13 3 0
21 13 4 0
21 14 0 4662
21 14 1 4662
21 14 2 0
21 14 3 0
21 14 4 0
21 15 0 0
21 15 1 0
21 15 2 0
21 15 3 0
21 15 4 0
21 16 0 0
21 16 1 0
21 16 2 0
21 16 3 0
21 16 4 0
21 17 0 3271
21 17 1 3271
21 17 2 0
21 17 3 0
21 17 4 0
21 18 0 3701
21 18 1 3701
21 18 2 3701
21 18 3 0
21 18 4 0
21 19 0 0
21 19 1 0
21 19 2 0
21 19 3 0
21 19 4 0
21 20 0 0
21 20 1 0
21 20 2 0
21 20 3 0
21 20 4 0
21 22 0 0
21 22 1 0
21 22 2 0
21 22 3 0
21 22 4 0
21 23 0 0
21 23 1 0
21 23 2 0
21 23 3 0
21 23 4 0
21 24 0 0
21 24 1 0
21 24 2 0
21 24 3 0
21 24 4 0
21 25 0 3100
21 25 1 3100
21 25 2 0
21 25 3 0
21 25 4 0
21 26 0 3232
21 26 1 3232
21 26 2 3232
21 26 3 0
21 26 4 0
21 27 0 0
21 27 1 0
21 27 2 0
21 27 3 0
21 27 4 0
21 28 0 0
21 28 1 0
21 28 2 0
21 28 3 0
21 28 4 0
21 29 0 0
21 29 1 0
21 29 2 0
21 29 3 0
21 29 4 0
22 0 0 0
22 0 1 0
22 0 2 0
22 0 3 0
22 0 4 0
22 1 0 0
22 1 1 0
22 1 2 0
22 1 3 0
22 1 4 0
22 2 0 0
22 2 1 0
22 2 2 0
22 2 3 0
22 2 4 0
22 3 0 0
22 3 1 0
22 3 2 0
22 3 3 0
22 3 4 0
22 4 0 0
22 4 1 0
22 4 2 0
22 4 3 0
22 4 4 0
22 5 0 0
22 5 1 0
22 5 2 0
22 5 3 0
22 5 4 0
22 6 0 0
22 6 1 0
22 6 2 0
22 6 3 0
22 6 4 0
22 7 0 3121
22 7 1 3121
22 7 2 0
22 7 3 0
22 7 4 0
22 8 0 0
22 8 1 0
22 8 2 0
22 8 3 0
22 8 4 0
22 9 0 3077
22 9 1 3077
22 9 2 3077
22 9 3 0
22 9 4 0
22 10 0 0
22 10 1 0
22 10 2 0
22 10 3 0
22 10 4 0
22 11 0 0
22 11 1 0
22 11 2 0
22 11 3 0
22 11 4 0
22 12 0 0
22 12 1 0
22 12 2 0
22 12 3 0
22 12 4 0
22 13 0 0
22 13 1 0
22 13 2 0
22 13 3 0
22 13 4 0
22 14 0 4083
22 14 1 4083
22 14 2 4083
22 14 3 0
22 14 4 0
22 15 0 0
22 15 1 0
22 15 2 0
22 15 3 0
22 15 4 0
22 16 0 0
22 16 1 0
22 16 2 0
22 16 3 0
22 16 4 0
22 17 0 0
22 17 1 0
22 17 2 0
22 17 3 0
22 17 4 0
22 18 0 0
22 18 1 0
22 18 2 0
22 18 3 0
22 18 4 0
22 19 0 0
22 19 1 0
22 19 2 0
22 19 3 0
22 19 4 0
22 20 0 0
22 20 1 0
22 20 2 0
22 20 3 0
22 20 4 0
22 21 0 0
22 21 1 0
22 21 2 0
22 21 3 0
22 21 4 0
22 23 0 0
22 23 1 0
22 23 2 0
22 23 3 0
22 23 4 0
22 24 0 0
22 24 1 0
22 24 2 0
22 24 3 0
22 24 4 0
22 25 0 0
22 25 1 0
22 25 2 0
22 25 3 0
22 25 4 0
22 26 0 4380
22 26 1 4380
22 26 2 0
22 26 3 0
22 26 4 0
22 27 0 0
22 27 1 0
22 27 2 0
22 27 3 0
22 27 4 0
22 28 0 0
22 28 1 0
22 28 2 0
22 28 3 0
22 28 4 0
22 29 0 0
22 29 1 0
22 29 2 0
22 29 3 0
22 29 4 0
23 0 0 0
23 0 1 0
23 0 2 0
23 0 3 0
23 0 4 0
23 1 0 0
23 1 1 0
23 1 2 0
23 1 3 0
23 1 4 0
23 2 0 0
23 2 1 0
23 2 2 0
23 2 3 0
23 2 4 0
23 3 0 0
23 3 1 0
23 3 2 0
23 3 3 0
23 3 4 0
23 4 0 0
23 4 1 0
23 4 2 0
23 4 3 0
23 4 4 0
23 5 0 3366
23 5 1 3366
23 5 2 0
23 5 3 0
23 5 4 0
23 6 0 3108
23 6 1 3108
23 6 2 3108
23 6 3 0
23 6 4 0
23 7 0 0
23 7 1 0
23 7 2 0
23 7 3 0
23 7 4 0
23 8 0 0
23 8 1 0
23 8 2 0
23 8 3 0
23 8 4 0
23 9 0 0
23 9 1 0
23 9 2 0
23 9 3 0
23 9 4 0
23 10 0 0
23 10 1 0
23 10 2 0
23 10 3 0
23 10 4 0
23 11 0 0
23 11 1 0
23 11 2 0
23 11 3 0
23 11 4 0
23 12 0 0
23 12 1 0
23 12 2 0
23 12 3 0
23 12 4 0
23 13 0 0
23 13 1 0
23 13 2 0
23 13 3 0
23 13 4 0
23 14 0 4512
23 14 1 4512
23 14 2 0
23 14 3 0
23 14 4 0
23 15 0 0
23 15 1 0
23 15 2 0
23 15 3 0
23 15 4 0
23 16 0 0
23 16 1 0
23 16 2 0
23 16 3 0
23 16 4 0
23 17 0 3493
23 17 1 3493
23 17 2 3493
23 17 3 0
23 17 4 0
23 18 0 0
23 18 1 0
23 18 2 0
23 18 3 0
23 18 4 0
23 19 0 0
23 19 1 0
23 19 2 0
23 19 3 0
23 19 4 0
23 20 0 0
23 20 1 0
23 20 2 0
23 20 3 0
23 20 4 0
23 21 0 0
23 21 1 0
23 21 2 0
23 21 3 0
23 21 4 0
23 22 0 0
23 22 1 0
23 22 2 0
23 22 3 0
23 22 4 0
23 24 0 0
23 24 1 0
23 24 2 0
23 24 3 0
23 24 4 0
23 25 0 3771
23 25 1 3771
23 25 2 0
23 25 3 0
23 25 4 0
23 26 0 3347
23 26 1 3347
23 26 2 0
23 26 3 0
23 26 4 0
23 27 0 0
23 27 1 0
23 27 2 0
23 27 3 0
23 27 4 0
23 28 0 0
23 28 1 0
23 28 2 0
23 28 3 0
23 28 4 0
23 29 0 3575
23 29 1 3575
23 29 2 3575
23 29 3 0
23 29 4 0
24 0 0 0
24 0 1 0
24 0 2 0
24 0 3 0
24 0 4 0
24 1 0 4371
24 1 1 4371
24 1 2 4371
24 1 3 0
24 1 4 0
24 2 0 0
24 2 1 0
24 2 2 0
24 2 3 0
24 2 4 0
24 3 0 3502
24 3 1 3502
24 3 2 0
24 3 3 0
24 3 4 0
24 4 0 3368
24 4 1 3368
24 4 2 0
24 4 3 0
24 4 4 0
24 5 0 0
24 5 1 0
24 5 2 0
24 5 3 0
24 5 4 0
24 6 0 3990
24 6 1 3990
24 6 2 3990
24 6 3 0
24 6 4 0
24 7 0 0
24 7 1 0
24 7 2 0
24 7 3 0
24 7 4 0
24 8 0 0
24 8 1 0
24 8 2 0
24 8 3 0
24 8 4 0
24 9 0 0
24 9 1 0
24 9 2 0
24 9 3 0
24 9 4 0
24 10 0 3486
24 10 1 3486
24 10 2 0
24 10 3 0
24 10 4 0
24 11 0 0
24 11 1 0
24 11 2 0
24 11 3 0
24 11 4 0
24 12 0 0
24 12 1 0
24 12 2 0
24 12 3 0
24 12 4 0
24 13 0 0
24 13 1 0
24 13 2 0
24 13 3 0
24 13 4 0
24 14 0 4466
24 14 1 4466
24 14 2 4466
24 14 3 0
24 14 4 0
24 15 0 3620
24 15 1 3620
24 15 2 3620
24 15 3 0
24 15 4 0
24 16 0 0
24 16 1 0
24 16 2 0
24 16 3 0
24 16 4 0
24 17 0 0
24 17 1 0
24 17 2 0
24 17 3 0
24 17 4 0
24 18 0 0
24 18 1 0
24 18 2 0
24 18 3 0
24 18 4 0
24 19 0 0
24 19 1 0
24 19 2 0
24 19 3 0
24 19 4 0
24 20 0 0
24 20 1 0
24 20 2 0
24 20 3 0
24 20 4 0
24 21 0 0
24 21 1 0
24 21 2 0
24 21 3 0
24 21 4 0
24 22 0 0
24 22 1 0
24 22 2 0
24 22 3 0
24 22 4 0
24 23 0 3667
24 23 1 3667
24 23 2 0
24 23 3 0
24 23 4 0
24 25 0 0
24 25 1 0
24 25 2 0
24 25 3 0
24 25 4 0
24 26 0 0
24 26 1 0
24 26 2 0
24 26 3 0
24 26 4 0
24 27 0 0
24 27 1 0
24 27 2 0
24 27 3 0
24 27 4 0
24 28 0 4727
24 28 1 4727
24 28 2 4727
24 28 3 0
24 28 4 0
24 29 0 0
24 29 1 0
24 29 2 0
24 29 3 0
24 29 4 0
25 0 0 0
25 0 1 0
25 0 2 0
25 0 3 0
25 0 4 0
25 1 0 0
25 1 1 0
25 1 2 0
25 1 3 0
25 1 4 0
25 2 0 0
25 2 1 0
25 2 2 0
25 2 3 0
25 2 4 0
25 3 0 0
25 3 1 0
25 3 2 0
25 3 3 0
25 3 4 0
25 4 0 3708
25 4 1 3708
25 4 2 0
25 4 3 0
25 4 4 0
25 5 0 0
25 5 1 0
25 5 2 0
25 5 3 0
25 5 4 0
25 6 0 0
25 6 1 0
25 6 2 0
25 6 3 0
25 6 4 0
25 7 0 0
25 7 1 0
25 7 2 0
25 7 3 0
25 7 4 0
25 8 0 0
25 8 1 0
25 8 2 0
25 8 3 0
25 8 4 0
25 9 0 3495
25 9 1 3495
25 9 2 0
25 9 3 0
25 9 4 0
25 10 0 0
25 10 1 0
25 10 2 0
25 10 3 0
25 10 4 0
25 11 0 0
25 11 1 0
25 11 2 0
25 11 3 0
25 11 4 0
25 12 0 0
25 12 1 0
25 12 2 0
25 12 3 0
25 12 4 0
25 13 0 0
25 13 1 0
25 13 2 0
25 13 3 0
25 13 4 0
25 14 0 0
25 14 1 0
25 14 2 0
25 14 3 0
25 14 4 0
25 15 0 3177
25 15 1 3177
25 15 2 0
25 15 3 0
25 15 4 0
25 16 0 0
25 16 1 0
25 16 2 0
25 16 3 0
25 16 4 0
25 17 0 0
25 17 1 0
25 17 2 0
25 17 3 0
25 17 4 0
25 18 0 0
25 18 1 0
25 18 2 0
25 18 3 0
25 18 4 0
25 19 0 0
25 19 1 0
25 19 2 0
25 19 3 0
25 19 4 0
25 20 0 0
25 20 1 0
25 20 2 0
25 20 3 0
25 20 4 0
25 21 0 0
25 21 1 0
25 21 2 0
25 21 3 0
25 21 4 0
25 22 0 0
25 22 1 0
25 22 2 0
25 22 3 0
25 22 4 0
25 23 0 3407
25 23 1 3407
25 23 2 3407
25 23 3 0
25 23 4 0
25 24 0 0
25 24 1 0
25 24 2 0
25 24 3 0
25 24 4 0
25 26 0 0
25 26 1 0
25 26 2 0
25 26 3 0
25 26 4 0
25 27 0 0
25 27 1 0
25 27 2 0
25 27 3 0
25 27 4 0
25 28 0 0
25 28 1 0
25 28 2 0
25 28 3 0
25 28 4 0
25 29 0 0
25 29 1 0
25 29 2 0
25 29 3 0
25 29 4 0
26 0 0 0
26 0 1 0
26 0 2 0
26 0 3 0
26 0 4 0
26 1 0 0
26 1 1 0
26 1 2 0
26 1 3 0
26 1 4 0
26 2 0 4452
26 2 1 4452
26 2 2 4452
26 2 3 0
26 2 4 0
26 3 0 3795
26 3 1 3795
26 3 2 3795
26 3 3 0
26 3 4 0
26 4 0 0
26 4 1 0
26 4 2 0
26 4 3 0
26 4 4 0
26 5 0 0
26 5 1 0
26 5 2 0
26 5 3 0
26 5 4 0
26 6 0 3788
26 6 1 3788
26 6 2 3788
26 6 3 0
26 6 4 0
26 7 0 0
26 7 1 0
26 7 2 0
26 7 3 0
26 7 4 0
26 8 0 0
26 8 1 0
26 8 2 0
26 8 3 0
26 8 4 0
26 9 0 3671
26 9 1 3671
26 9 2 3671
26 9 3 0
26 9 4 0
26 10 0 0
26 10 1 0
26 10 2 0
26 10 3 0
26 10 4 0
26 11 0 3422
26 11 1 3422
26 11 2 3422
26 11 3 0
26 11 4 0
26 12 0 0
26 12 1 0
26 12 2 0
26 12 3 0
26 12 4 0
26 13 0 0
26 13 1 0
26 13 2 0
26 13 3 0
26 13 4 0
26 14 0 0
26 14 1 0
26 14 2 0
26 14 3 0
26 14 4 0
26 15 0 0
26 15 1 0
26 15 2 0
26 15 3 0
26 15 4 0
26 16 0 0
26 16 1 0
26 16 2 0
26 16 3 0
26 16 4 0
26 17 0 3030
26 17 1 3030
26 17 2 3030
26 17 3 0
26 17 4 0
26 18 0 3657
26 18 1 3657
26 18 2 3657
26 18 3 0
26 18 4 0
26 19 0 0
26 19 1 0
26 19 2 0
26 19 3 0
26 19 4 0
26 20 0 0
26 20 1 0
26 20 2 0
26 20 3 0
26 20 4 0
26 21 0 0
26 21 1 0
26 21 2 0
26 21 3 0
26 21 4 0
26 22 0 0
26 22 1 0
26 22 2 0
26 22 3 0
26 22 4 0
26 23 0 0
26 23 1 0
26 23 2 0
26 23 3 0
26 23 4 0
26 24 0 0
26 24 1 0
26 24 2 0
26 24 3 0
26 24 4 0
26 25 0 0
26 25 1 0
26 25 2 0
26 25 3 0
26 25 4 0
26 27 0 0
26 27 1 0
26 27 2 0
26 27 3 0
26 27 4 0
26 28 0 4945
26 28 1 4945
26 28 2 0
26 28 3 0
26 28 4 0
26 29 0 3193
26 29 1 3193
26 29 2 0
26 29 3 0
26 29 4 0
27 0 0 3744
27 0 1 3744
27 0 2 0
27 0 3 0
27 0 4 0
27 1 0 3607
27 1 1 3607
27 1 2 0
27 1 3 0
27 1 4 0
27 2 0 3777
27 2 1 3777
27 2 2 0
27 2 3 0
27 2 4 0
27 3 0 0
27 3 1 0
27 3 2 0
27 3 3 0
27 3 4 0
27 4 0 3422
27 4 1 3422
27 4 2 0
27 4 3 0
27 4 4 0
27 5 0 0
27 5 1 0
27 5 2 0
27 5 3 0
27 5 4 0
27 6 0 0
27 6 1 0
27 6 2 0
27 6 3 0
27 6 4 0
27 7 0 3829
27 7 1 3829
27 7 2 0
27 7 3 0
27 7 4 0
27 8 0 0
27 8 1 0
27 8 2 0
27 8 3 0
27 8 4 0
27 9 0 0
27 9 1 0
27 9 2 0
27 9 3 0
27 9 4 0
27 10 0 0
27 10 1 0
27 10 2 0
27 10 3 0
27 10 4 0
27 11 0 0
27 11 1 0
27 11 2 0
27 11 3 0
27 11 4 0
27 12 0 0
27 12 1 0
27 12 2 0
27 12 3 0
27 12 4 0
27 13 0 3223
27 13 1 3223
27 13 2 0
27 13 3 0
27 13 4 0
27 14 0 0
27 14 1 0
27 14 2 0
27 14 3 0
27 14 4 0
27 15 0 3508
27 15 1 3508
27 15 2 3508
27 15 3 0
27 15 4 0
27 16 0 3465
27 16 1 3465
27 16 2 0
27 16 3 0
27 16 4 0
27 17 0 0
27 17 1 0
27 17 2 0
27 17 3 0
27 17 4 0
27 18 0 3278
27 18 1 3278
27 18 2 0
27 18 3 0
27 18 4 0
27 19 0 0
27 19 1 0
27 19 2 0
27 19 3 0
27 19 4 0
27 20 0 0
27 20 1 0
27 20 2 0
27 20 3 0
27 20 4 0
27 21 0 0
27 21 1 0
27 21 2 0
27 21 3 0
27 21 4 0
27 22 0 0
27 22 1 0
27 22 2 0
27 22 3 0
27 22 4 0
27 23 0 0
27 23 1 0
27 23 2 0
27 23 3 0
27 23 4 0
27 24 0 0
27 24 1 0
27 24 2 0
27 24 3 0
27 24 4 0
27 25 0 0
27 25 1 0
27 25 2 0
27 25 3 0
27 25 4 0
27 26 0 0
27 26 1 0
27 26 2 0
27 26 3 0
27 26 4 0
27 28 0 3679
27 28 1 3679
27 28 2 0
27 28 3 0
27 28 4 0
27 29 0 0
27 29 1 0
27 29 2 0
27 29 3 0
27 29 4 0
28 0 0 3312
28 0 1 3312
28 0 2 3312
28 0 3 0
28 0 4 0
28 1 0 0
28 1 1 0
28 1 2 0
28 1 3 0
28 1 4 0
28 2 0 0
28 2 1 0
28 2 2 0
28 2 3 0
28 2 4 0
28 3 0 0
28 3 1 0
28 3 2 0
28 3 3 0
28 3 4 0
28 4 0 0
28 4 1 0
28 4 2 0
28 4 3 0
28 4 4 0
28 5 0 4534
28 5 1 4534
28 5 2 4534
28 5 3 0
28 5 4 0
28 6 0 3547
28 6 1 3547
28 6 2 0
28 6 3 0
28 6 4 0
28 7 0 0
28 7 1 0
28 7 2 0
28 7 3 0
28 7 4 0
28 8 0 4908
28 8 1 4908
28 8 2 0
28 8 3 0
28 8 4 0
28 9 0 0
28 9 1 0
28 9 2 0
28 9 3 0
28 9 4 0
28 10 0 3713
28 10 1 3713
28 10 2 0
28 10 3 0
28 10 4 0
28 11 0 0
28 11 1 0
28 11 2 0
28 11 3 0
28 11 4 0
28 12 0 0
28 12 1 0
28 12 2 0
28 12 3 0
28 12 4 0
28 13 0 4184
28 13 1 4184
28 13 2 4184
28 13 3 0
28 13 4 0
28 14 0 4588
28 14 1 4588
28 14 2 0
28 14 3 0
28 14 4 0
28 15 0 0
28 15 1 0
28 15 2 0
28 15 3 0
28 15 4 0
28 16 0 3420
28 16 1 3420
28 16 2 3420
28 16 3 0
28 16 4 0
28 17 0 0
28 17 1 0
28 17 2 0
28 17 3 0
28 17 4 0
28 18 0 0
28 18 1 0
28 18 2 0
28 18 3 0
28 18 4 0
28 19 0 4968
28 19 1 4968
28 19 2 0
28 19 3 0
28 19 4 0
28 20 0 3780
28 20 1 3780
28 20 2 0
28 20 3 0
28 20 4 0
28 21 0 0
28 21 1 0
28 21 2 0
28 21 3 0
28 21 4 0
28 22 0 0
28 22 1 0
28 22 2 0
28 22 3 0
28 22 4 0
28 23 0 0
28 23 1 0
28 23 2 0
28 23 3 0
28 23 4 0
28 24 0 0
28 24 1 0
28 24 2 0
28 24 3 0
28 24 4 0
28 25 0 0
28 25 1 0
28 25 2 0
28 25 3 0
28 25 4 0
28 26 0 0
28 26 1 0
28 26 2 0
28 26 3 0
28 26 4 0
28 27 0 3935
28 27 1 3935
28 27 2 3935
28 27 3 0
28 27 4 0
28 29 0 0
28 29 1 0
28 29 2 0
28 29 3 0
28 29 4 0
29 0 0 0
29 0 1 0
29 0 2 0
29 0 3 0
29 0 4 0
29 1 0 0
29 1 1 0
29 1 2 0
29 1 3 0
29 1 4 0
29 2 0 0
29 2 1 0
29 2 2 0
29 2 3 0
29 2 4 0
29 3 0 0
29 3 1 0
29 3 2 0
29 3 3 0
29 3 4 0
29 4 0 0
29 4 1 0
29 4 2 0
29 4 3 0
29 4 4 0
29 5 0 0
29 5 1 0
29 5 2 0
29 5 3 0
29 5 4 0
29 6 0 0
29 6 1 0
29 6 2 0
29 6 3 0
29 6 4 0
29 7 0 0
29 7 1 0
29 7 2 0
29 7 3 0
29 7 4 0
29 8 0 0
29 8 1 0
29 8 2 0
29 8 3 0
29 8 4 0
29 9 0 0
29 9 1 0
29 9 2 0
29 9 3 0
29 9 4 0
29 10 0 0
29 10 1 0
29 10 2 0
29 10 3 0
29 10 4 0
29 11 0 0
29 11 1 0
29 11 2 0
29 11 3 0
29 11 4 0
29 12 0 0
29 12 1 0
29 12 2 0
29 12 3 0
29 12 4 0
29 13 0 0
29 13 1 0
29 13 2 0
29 13 3 0
29 13 4 0
29 14 0 0
29 14 1 0
29 14 2 0
29 14 3 0
29 14 4 0
29 15 0 0
29 15 1 0
29 15 2 0
29 15 3 0
29 15 4 0
29 16 0 0
29 16 1 0
29 16 2 0
29 16 3 0
29 16 4 0
29 17 0 0
29 17 1 0
29 17 2 0
29 17 3 0
29 17 4 0
29 18 0 3498
29 18 1 3498
29 18 2 3498
29 18 3 0
29 18 4 0
29 19 0 3493
29 19 1 3493
29 19 2 3493
29 19 3 0
29 19 4 0
29 20 0 0
29 20 1 0
29 20 2 0
29 20 3 0
29 20 4 0
29 21 0 0
29 21 1 0
29 21 2 0
29 21 3 0
29 21 4 0
29 22 0 0
29 22 1 0
29 22 2 0
29 22 3 0
29 22 4 0
29 23 0 3961
29 23 1 3961
29 23 2 0
29 23 3 0
29 23 4 0
29 24 0 0
29 24 1 0
29 24 2 0
29 24 3 0
29 24 4 0
29 25 0 3755
29 25 1 3755
29 25 2 3755
29 25 3 0
29 25 4 0
29 26 0 0
29 26 1 0
29 26 2 0
29 26 3 0
29 26 4 0
29 27 0 0
29 27 1 0
29 27 2 0
29 27 3 0
29 27 4 0
29 28 0 0
29 28 1 0
29 28 2 0
29 28 3 0
29 28 4 0

