30 4 16 369

   0  721  844  454  570  593  434  494  899 1132  527  875  618 1180  908 1046 1071 1176  893  419  930  960  411 1095  616  903 1150  856  768  525 
 721    0 1204  872  853  677  832  789 1098 1237  826 1235  854 1389 1072 1131 1307 1310 1235  717 1043 1255  708 1310  968 1159 1539 1194 1213  882 
 844 1204    0  664  866  851  730  763 1173 1200  837 1046  716 1144 1227 1521 1296 1457 1121  649 1002 1059  751 1327  853 1147 1432 1047 1146  802 
 454  872  664    0  583  416  656  497  733 1124  407  774  509 1243  702 1049 1020  903  725  556  867  708  556  982  595  664 1037  886  833  579 
 570  853  866  583    0  571  460  525  743 1105  436  840  434 1038  834 1088 1009 1171  820  531  698  855  567 1154  520  953  918  800  932  517 
 593  677  851  416  571    0  520  444  703  945  381  756  655 1131  695 1249 1166 1147  924  436  743  764  476 1025  499  802 1136  907  920  489 
 434  832  730  656  460  520    0  430  822  970  622  772  519 1104  762 1124 1097 1123  842  665  796  945  504  975  515  975 1190  770  864  587 
 494  789  763  497  525  444  430    0  909 1094  434  694  587  969  718 1076 1190  946  937  541  869  927  523 1272  639  931 1079  731  778  386 
 899 1098 1173  733  743  703  822  909    0 1303  718  975  800 1423 1179 1313 1386 1342 1000  787 1059 1017  871 1486  818 1256 1392 1042 1140  922 
1132 1237 1200 1124 1105  945  970 1094 1303    0  923 1336  937 1746 1379 1838 1667 1479 1123 1083 1357 1354  986 1540 1083 1355 1787 1380 1372 1090 
 527  826  837  407  436  381  622  434  718  923    0  768  476  991  749  966 1111 1203  703  425  890  753  488 1156  529  808  921  732  927  407 
 875 1235 1046  774  840  756  772  694  975 1336  768    0  917 1258 1167 1480 1365 1475  945  655 1061 1021  811 1231  712 1120 1273  930 1136  811 
 618  854  716  509  434  655  519  587  800  937  476  917    0 1009  820  950 1093 1009  857  481  711  900  609 1014  486  648 1141  771  820  643 
1180 1389 1144 1243 1038 1131 1104  969 1423 1746  991 1258 1009    0 1432 1549 1662 1498 1379 1034 1449 1205 1047 1511  939 1415 1731 1513 1347 1019 
 908 1072 1227  702  834  695  762  718 1179 1379  749 1167  820 1432    0 1271 1287 1274 1045  772 1061  978  904 1389  942 1190 1402 1049 1224  875 
1046 1131 1521 1049 1088 1249 1124 1076 1313 1838  966 1480  950 1549 1271    0 1625 1794 1328 1134 1112 1465  952 1500 1228 1182 1634 1156 1202 1155 
1071 1307 1296 1020 1009 1166 1097 1190 1386 1667 1111 1365 1093 1662 1287 1625    0 1455 1241  960 1216 1328  990 1539  994 1297 1542 1352 1467 1177 
1176 1310 1457  903 1171 1147 1123  946 1342 1479 1203 1475 1009 1498 1274 1794 1455    0 1243 1219 1305 1310 1064 1502 1040 1180 1683 1321 1129  921 
 893 1235 1121  725  820  924  842  937 1000 1123  703  945  857 1379 1045 1328 1241 1243    0  756 1276  980  678 1437  719 1134 1353 1105  868  913 
 419  717  649  556  531  436  665  541  787 1083  425  655  481 1034  772 1134  960 1219  756    0  702  904  375 1090  425  660 1240  842  881  638 
 930 1043 1002  867  698  743  796  869 1059 1357  890 1061  711 1449 1061 1112 1216 1305 1276  702    0 1237  668 1452  717  949 1447 1024  922 1004 
 960 1255 1059  708  855  764  945  927 1017 1354  753 1021  900 1205  978 1465 1328 1310  980  904 1237    0  906 1401  933 1037 1360  883 1124  944 
 411  708  751  556  567  476  504  523  871  986  488  811  609 1047  904  952  990 1064  678  375  668  906    0  838  708  821 1214  721  753  528 
1095 1310 1327  982 1154 1025  975 1272 1486 1540 1156 1231 1014 1511 1389 1500 1539 1502 1437 1090 1452 1401  838    0 1138 1379 1790 1415 1414 1001 
 616  968  853  595  520  499  515  639  818 1083  529  712  486  939  942 1228  994 1040  719  425  717  933  708 1138    0  873  872  812  789  512 
 903 1159 1147  664  953  802  975  931 1256 1355  808 1120  648 1415 1190 1182 1297 1180 1134  660  949 1037  821 1379  873    0 1395 1128 1079  773 
1150 1539 1432 1037  918 1136 1190 1079 1392 1787  921 1273 1141 1731 1402 1634 1542 1683 1353 1240 1447 1360 1214 1790  872 1395    0 1464 1180  824 
 856 1194 1047  886  800  907  770  731 1042 1380  732  930  771 1513 1049 1156 1352 1321 1105  842 1024  883  721 1415  812 1128 1464    0 1059  687 
 768 1213 1146  833  932  920  864  778 1140 1372  927 1136  820 1347 1224 1202 1467 1129  868  881  922 1124  753 1414  789 1079 1180 1059    0  695 
 525  882  802  579  517  489  587  386  922 1090  407  811  643 1019  875 1155 1177  921  913  638 1004  944  528 1001  512  773  824  687  695    0 

   0 1095  709 1010  741  743 1116  638 1100  843  923  875  627 1019  833  743  762 1013 1138  928 1022 1125  672  805 1100  688  885  658 1099 1084 
1095    0  738 1108  969  736  815  866  805  664 1006  858  995 1008  964  774  815  780 1112  773  855 1008  677  983 1077  661  939  953  729 1156 
 709  738    0  804 1024  859 1092  862 1077 1021  751 1030  861 1172 1045  631  846 1077 1184  645  909 1127 1068 1197  800 1196  617 1028  914  911 
1010 1108  804    0 1153  881 1040  841  843 1082  691  981 1135  641  626  914  989 1036  815  644  818  938  864  606  674  656  735  834 1047 1000 
 741  969 1024 1153    0  605  989  753  981 1103 1012 1174  958  749  646  928  786  719  861 1087  832  897  902  735 1157  729 1136  625  928  908 
 743  736  859  881  605    0  626  935 1160  776 1175  699  607 1171  618  931 1197 1145  804 1031  888  652 1191 1083 1145 1069 1174 1069 1191  936 
1116  815 1092 1040  989  626    0  926  621  876 1048 1068 1039  748  658  956  850 1159  796  806  859  907 1102  759 1040  866  817 1021  989 1192 
 638  866  862  841  753  935  926    0 1055 1070  838 1025  735  933  822 1020  705 1168  712  608 1169  797 1079  719 1023  741  855  875  740  895 
1100  805 1077  843  981 1160  621 1055    0 1087  897 1113  840 1064 1052  965  729  622 1100 1063  631  672 1170  902 1061  933  791  764  615 1191 
 843  664 1021 1082 1103  776  876 1070 1087    0 1123  671  791  609 1073  792  961  873  942  710  944  881  953  748 1154  757 1033 1077  621  951 
 923 1006  751  691 1012 1175 1048  838  897 1123    0  621  666  804 1155 1136  847  814  695  810 1096  896  789  835  777 1052  605 1018  609  717 
 875  858 1030  981 1174  699 1068 1025 1113  671  621    0  605  755  935 1140 1158 1050  720  800 1170  759 1133  896 1125 1190  821  720  831 1124 
 627  995  861 1135  958  607 1039  735  840  791  666  605    0  917 1072  874  720  797  613 1070  917  774  802 1085  875 1089  920  754 1037  651 
1019 1008 1172  641  749 1171  748  933 1064  609  804  755  917    0  940  706  791 1166  604 1010 1112  615  689  831  814  939  639  735  808  698 
 833  964 1045  626  646  618  658  822 1052 1073 1155  935 1072  940    0  735  657  942 1047 1067  630 1070  995  890 1114 1139 1068  918  916 1009 
 743  774  631  914  928  931  956 1020  965  792 1136 1140  874  706  735    0 1025  804  624  811 1048  796  932  615 1019 1046  889  703  773  825 
 762  815  846  989  786 1197  850  705  729  961  847 1158  720  791  657 1025    0 1109  791  848  616  938  896  964 1105 1188 1069 1063 1043  863 
1013  780 1077 1036  719 1145 1159 1168  622  873  814 1050  797 1166  942  804 1109    0 1047 1186  638 1031  854  975  694  740 1116  841  671  686 
1138 1112 1184  815  861  804  796  712 1100  942  695  720  613  604 1047  624  791 1047    0  864  674  744 1162 1067  958  895 1050  833  663 1062 
 928  773  645  644 1087 1031  806  608 1063  710  810  800 1070 1010 1067  811  848 1186  864    0  793 1115  865  757  945  990  732 1180 1065  895 
1022  855  909  818  832  888  859 1169  631  944 1096 1170  917 1112  630 1048  616  638  674  793    0  902  927  874  799  802  741 1103  653  991 
1125 1008 1127  938  897  652  907  797  672  881  896  759  774  615 1070  796  938 1031  744 1115  902    0  994  792  784 1069 1074  849  800  955 
 672  677 1068  864  902 1191 1102 1079 1170  953  789 1133  802  689  995  932  896  854 1162  865  927  994    0 1045  952 1024  823 1039  697 1108 
 805  983 1197  606  735 1083  759  719  902  748  835  896 1085  831  890  615  964  975 1067  757  874  792 1045    0 1065  631  857  694  824  699 
1100 1077  800  674 1157 1145 1040 1023 1061 1154  777 1125  875  814 1114 1019 1105  694  958  945  799  784  952 1065    0  871  894 1192  729  854 
 688  661 1196  656  729 1069  866  741  933  757 1052 1190 1089  939 1139 1046 1188  740  895  990  802 1069 1024  631  871    0 1112  964  839 1149 
 885  939  617  735 1136 1174  817  855  791 1033  605  821  920  639 1068  889 1069 1116 1050  732  741 1074  823  857  894 1112    0 1005 1081  988 
 658  953 1028  834  625 1069 1021  875  764 1077 1018  720  754  735  918  703 1063  841  833 1180 1103  849 1039  694 1192  964 1005    0  605  833 
1099  729  914 1047  928 1191  989  740  615  621  609  831 1037  808  916  773 1043  671  663 1065  653  800  697  824  729  839 1081  605    0 1159 
1084 1156  911 1000  908  936 1192  895 1191  951  717 1124  651  698 1009  825  863  686 1062  895  991  955 1108  699  854 1149  988  833 1159    0 

0 255 758
1 539 1100
2 520 716
3 248 761
4 320 702
5 271 763
6 218 986
7 259 1039
8 410 857
9 574 1060
10 274 986
11 404 749
12 283 714
13 579 894
14 484 936
15 623 992
16 617 1081
17 579 975
18 412 1001
19 217 986
20 412 1043
21 394 759
22 319 870
23 656 897
24 249 902
25 501 892
26 607 989
27 508 991
28 472 912
29 276 849

0 25 26572 28973 1806 
0 28 26799 29689 1536 
0 3 11781 15033 1362 
0 19 754 3510 1676 
0 22 20871 22282 1233 
0 5 15572 17659 1186 
0 25 15076 17126 2709 
0 17 1967 4742 3528 
0 19 11125 13277 1257 
1 12 13935 16323 3416 
1 2 13450 15951 2408 
1 4 17797 21663 1706 
1 9 25363 27003 2474 
1 28 14443 17074 2426 
1 29 4118 6880 2646 
1 11 20726 23394 4940 
1 27 21171 24449 2388 
1 14 11622 14697 3216 
1 19 4344 7374 2151 
1 20 15325 17864 2086 
1 17 11743 13583 5240 
2 6 2411 6396 2920 
2 27 20104 22848 4188 
2 22 15169 18351 2253 
2 29 2618 5423 3208 
2 12 5708 7826 2864 
2 5 14114 16527 3404 
2 23 22173 24818 5308 
2 17 14202 18003 4371 
2 16 27098 28993 5184 
2 27 1148 3584 2094 
2 20 6139 8629 2004 
2 12 23722 25753 2148 
2 13 12820 16886 3432 
2 19 27523 30051 1298 
2 10 11103 13003 3348 
2 1 24235 26485 2408 
3 1 11488 15044 3488 
3 1 24169 28335 3488 
3 4 6706 10257 1749 
3 17 277 3157 3612 
3 18 15121 18006 2175 
3 6 2285 4781 1312 
3 6 22454 26083 1312 
3 24 20091 22746 1785 
3 1 27548 31935 1744 
3 12 27045 30915 1018 
3 13 27316 29174 3729 
3 13 20034 21815 3729 
4 13 16163 17870 4152 
4 25 12431 14166 3812 
4 17 16495 17997 3513 
4 1 3323 6443 1706 
4 8 20302 23146 1486 
4 19 1651 5314 1593 
4 0 3238 5394 1140 
4 11 5629 8517 1680 
4 5 14810 16612 2284 
4 3 9882 14136 1749 
4 8 26498 28783 2972 
4 12 4580 8172 868 
4 15 27232 29802 2176 
5 26 20523 23962 2272 
5 7 22931 26652 888 
5 9 13759 16544 2835 
5 11 20480 22989 1512 
5 13 670 4452 3393 
5 24 16737 20469 1497 
5 21 3837 6073 3056 
5 11 2377 4739 2268 
5 12 23085 24602 2620 
5 28 11897 14338 3680 
5 0 25436 27345 1779 
5 13 4870 8219 2262 
6 14 23669 25057 3048 
6 24 17911 21717 1030 
6 18 4038 6219 1684 
6 17 14202 17609 2246 
6 3 11663 15438 2624 
6 7 17064 19212 1290 
6 17 11953 15279 3369 
6 18 3548 5140 2526 
6 29 5733 8856 1761 
7 9 25677 27891 2188 
7 3 26389 28886 994 
7 8 15154 19068 3636 
7 27 7231 10608 1462 
7 18 14989 16491 1874 
7 17 7613 11175 3784 
7 13 4379 7728 3876 
7 3 18219 20514 1491 
7 28 5720 7362 1556 
8 17 11821 13245 5368 
8 20 6014 7320 2118 
8 25 25449 28863 2512 
8 17 11349 13171 4026 
8 18 26047 29853 4000 
8 19 13231 16908 2361 
8 14 25287 27422 4716 
8 14 6615 9865 3537 
8 17 23354 25201 4026 
8 18 24332 27445 4000 
8 19 5411 7590 2361 
8 24 25194 28801 2454 
9 28 4239 6598 2744 
9 23 25942 27460 3080 
9 13 25033 27383 5238 
9 0 5736 8290 4528 
9 27 20964 23516 2760 
9 14 25863 29146 5516 
9 14 15092 17259 5516 
9 22 24026 26799 2958 
9 6 12415 14815 3880 
9 2 11231 15039 4800 
9 5 14198 17123 3780 
9 5 12717 15495 3780 
9 21 2862 5830 4062 
10 7 12510 14839 1736 
10 18 3762 5360 2109 
10 7 21612 23991 1302 
10 18 10765 12620 2109 
10 12 4799 6250 1904 
10 24 11854 13928 2116 
10 6 5241 7609 2488 
10 22 15302 16958 976 
10 25 7959 11662 3232 
10 3 21905 24130 1221 
10 19 7421 9211 1700 
11 21 5868 8759 4084 
11 21 26047 28817 2042 
11 7 24865 28155 1388 
11 21 14394 16944 3063 
11 15 3106 7597 4440 
11 1 17569 19585 3705 
11 15 11911 15502 4440 
11 9 3190 5766 4008 
11 17 16568 19497 2950 
11 21 18206 20945 2042 
11 16 14662 16989 4095 
11 14 21812 24130 4668 
11 5 6401 8064 3024 
11 8 24061 26832 2925 
12 17 6442 9574 3027 
12 5 21712 24127 1310 
12 22 4993 7022 1827 
12 6 14413 17446 1038 
12 26 22631 24645 2282 
12 24 3978 6043 1458 
12 5 6213 8483 1965 
12 4 11979 15504 1736 
12 21 5581 7957 3600 
12 15 12824 15358 2850 
12 9 16570 18318 2811 
12 0 25339 27815 1854 
13 1 10846 13174 4167 
13 19 25019 27675 3102 
13 26 18181 20379 3462 
13 24 14379 17146 1878 
13 3 17082 18562 3729 
13 14 1884 4168 2864 
13 5 5788 8247 4524 
13 0 14432 17794 3540 
13 14 23794 26679 2864 
13 6 10457 13000 3312 
13 21 15945 17753 2410 
13 20 12585 14809 4347 
13 3 15972 17946 4972 
13 24 4255 6346 1878 
13 29 320 1785 4076 
14 13 13545 16477 4296 
14 16 7514 8880 5148 
14 29 4667 7804 2625 
14 0 5442 8290 1816 
14 27 4004 6803 4196 
14 23 12074 14966 4167 
14 15 17138 19938 2542 
14 25 24738 27631 3570 
14 22 10652 12801 3616 
14 16 947 3095 2574 
14 10 14345 17856 1498 
14 25 4396 7494 3570 
14 23 6843 10207 5556 
15 16 15583 19498 6500 
15 1 16818 18698 3393 
15 10 23224 26972 2898 
15 2 24580 25924 6084 
15 21 22224 24110 4395 
15 14 14643 17568 2542 
15 25 12021 15953 4728 
15 13 16784 18372 3098 
15 2 1244 3383 3042 
15 11 5088 8006 2960 
15 12 3865 6268 2850 
15 9 15031 16939 5514 
16 11 20748 23677 4095 
16 11 16509 19913 5460 
16 24 18028 22414 1988 
16 7 22690 24438 2380 
16 23 5445 7874 6156 
16 10 3478 6035 4444 
16 15 2033 5026 3250 
16 20 149 2052 2432 
16 28 4358 8164 4401 
16 13 13365 16441 4986 
16 7 5519 7951 3570 
16 25 5768 10080 5188 
16 7 1705 4412 2380 
17 24 9967 12000 3120 
17 21 6397 8551 2620 
17 13 24727 28703 2996 
17 7 2139 4872 1892 
17 25 3304 4843 4720 
17 2 6436 9979 2914 
17 29 3835 5831 3684 
17 4 3829 6158 3513 
17 14 14858 17175 3822 
17 7 25724 28211 1892 
17 6 23247 25819 2246 
17 16 683 3544 4365 
17 0 21320 23943 2352 
18 17 11326 13556 4972 
18 16 11741 14810 2482 
18 14 26504 30011 2090 
18 13 15354 17413 5516 
18 25 26537 28649 4536 
18 8 23706 26500 2000 
18 4 12008 14651 2460 
18 17 17340 20522 3729 
18 13 10942 12288 5516 
18 16 25790 27553 4964 
18 22 16128 18510 2034 
18 22 1617 4917 1356 
18 7 503 2033 2811 
19 23 15038 17051 2180 
19 27 23247 27341 2526 
19 1 12403 14946 2868 
19 25 26673 30464 2640 
19 22 24646 27241 1125 
19 5 3393 7290 1308 
19 28 22789 25579 1762 
19 27 1835 4206 2526 
20 7 8089 12028 1738 
20 28 6927 8402 3688 
20 0 14713 17063 3720 
20 21 21355 24241 4948 
20 5 26990 29432 2229 
20 23 1022 4430 5808 
20 8 13177 15189 4236 
20 4 27772 29860 1396 
20 1 10434 13546 4172 
20 3 24104 27204 2601 
20 1 44 2899 2086 
20 7 26861 30882 1738 
20 10 13058 15896 2670 
20 5 11238 13129 1486 
20 2 2390 5744 3006 
21 9 6838 9304 4062 
21 19 5521 8899 3616 
21 3 8260 10379 1416 
21 11 4111 5704 4084 
21 17 23243 26459 2620 
21 12 8329 10225 1800 
21 13 1417 2960 2410 
21 7 13156 14837 2781 
21 25 251 3714 4148 
21 3 16151 18786 1416 
21 19 16373 18881 2712 
21 8 6877 9255 3051 
22 26 25525 28100 2428 
22 24 5315 7656 1416 
22 29 10847 14824 1584 
22 6 1412 5478 1008 
22 7 15160 19163 1046 
22 0 25209 27117 822 
22 29 520 2802 1056 
22 18 7797 10353 2712 
22 17 24311 26232 4256 
22 19 23417 25224 750 
22 14 14226 18106 3616 
22 15 3601 5623 3808 
23 5 707 5017 4100 
23 28 21631 24795 5656 
23 14 2672 5893 5556 
23 5 13305 17409 2050 
23 12 3703 7598 3042 
23 27 2090 3720 5660 
23 4 12034 14216 3462 
23 14 17514 20201 2778 
23 17 6821 9970 6008 
23 17 1068 4197 6008 
23 28 26850 29165 5656 
23 9 25443 27440 6160 
23 10 14327 17174 2312 
24 8 26976 29522 1636 
24 8 16119 19408 1636 
24 4 19812 23109 2080 
24 15 17879 20090 3684 
24 15 20789 24773 3684 
24 25 3192 5918 2619 
24 15 16824 19677 2456 
24 9 14837 18575 2166 
24 17 21745 23181 2080 
24 17 3672 6274 4160 
24 15 2343 5318 2456 
24 27 7513 11232 1624 
25 1 13303 14677 3477 
25 21 3767 6225 4148 
25 18 7956 10363 3402 
25 6 17899 21241 3900 
25 19 6101 8714 2640 
25 8 11762 14066 5024 
25 23 17419 18807 4137 
25 4 403 2159 2859 
25 3 21542 23897 1328 
25 5 532 3364 1604 
25 27 7085 10661 4512 
25 16 8410 12722 5188 
25 14 24981 29525 4760 
25 2 20447 25039 2294 
26 24 22850 25692 1744 
26 3 18281 20052 4148 
26 20 25157 27454 2894 
26 21 2028 5464 5440 
26 27 11213 13635 4392 
26 1 16688 19157 6156 
26 28 2477 5979 2360 
26 11 13564 16831 3819 
26 8 26698 29110 5568 
26 2 17159 18399 2864 
26 7 21895 24246 2158 
26 20 4703 7585 2894 
26 3 2324 5175 4148 
26 0 11508 14676 2300 
27 28 15220 17458 3177 
27 16 19987 23633 4056 
27 9 10448 13097 4140 
27 20 27175 30351 3072 
27 14 4409 6410 4196 
27 1 22082 24111 3582 
27 9 15799 18513 2760 
27 26 13987 16770 4392 
27 7 1762 3687 1462 
27 21 3565 6935 1766 
27 2 10790 13010 3141 
27 23 4601 7168 5660 
27 22 1557 4320 1442 
27 2 6478 10024 3141 
28 12 22959 26702 1640 
28 11 18030 20132 4544 
28 29 3152 6374 2780 
28 0 15383 17932 3072 
28 7 13698 15607 2334 
28 22 10913 12843 3012 
28 14 4384 6747 2448 
28 3 13238 16159 1666 
28 9 11210 13631 4116 
28 19 8185 12306 1762 
28 1 21746 23809 3639 
28 2 27436 30452 2292 
29 26 20927 23604 1648 
29 1 22725 25106 1764 
29 21 19844 23176 1888 
29 23 13776 15991 4004 
29 15 1075 3591 3465 
29 2 17920 19769 1604 
29 19 15718 18429 1276 
29 7 11664 13865 1544 
29 17 3022 4867 3684 
29 15 10202 13353 3465 

0 1 0 0
0 1 1 0
0 1 2 0
0 1 3 0
0 1 4 0
0 2 0 4359
0 2 1 4359
0 2 2 0
0 2 3 0
0 2 4 0
0 3 0 0
0 3 1 0
0 3 2 0
0 3 3 0
0 3 4 0
0 4 0 4315
0 4 1 4315
0 4 2 4315
0 4 3 0
0 4 4 0
0 5 0 4836
0 5 1 4836
0 5 2 4836
0 5 3 0
0 5 4 0
0 6 0 0
0 6 1 0
0 6 2 0
0 6 3 0
0 6 4 0
0 7 0 0
0 7 1 0
0 7 2 0
0 7 3 0
0 7 4 0
0 8 0 0
0 8 1 0
0 8 2 0
0 8 3 0
0 8 4 0
0 9 0 0
0 9 1 0
0 9 2 0
0 9 3 0
0 9 4 0
0 10 0 4289
0 10 1 4289
0 10 2 4289
0 10 3 0
0 10 4 0
0 11 0 0
0 11 1 0
0 11 2 0
0 11 3 0
0 11 4 0
0 12 0 4286
0 12 1 4286
0 12 2 0
0 12 3 0
0 12 4 0
0 13 0 3840
0 13 1 3840
0 13 2 3840
0 13 3 0
0 13 4 0
0 14 0 3056
0 14 1 3056
0 14 2 0
0 14 3 0
0 14 4 0
0 15 0 0
0 15 1 0
0 15 2 0
0 15 3 0
0 15 4 0
0 16 0 0
0 16 1 0
0 16 2 0
0 16 3 0
0 16 4 0
0 17 0 0
0 17 1 0
0 17 2 0
0 17 3 0
0 17 4 0
0 18 0 0
0 18 1 0
0 18 2 0
0 18 3 0
0 18 4 0
0 19 0 0
0 19 1 0
0 19 2 0
0 19 3 0
0 19 4 0
0 20 0 0
0 20 1 0
0 20 2 0
0 20 3 0
0 20 4 0
0 21 0 0
0 21 1 0
0 21 2 0
0 21 3 0
0 21 4 0
0 22 0 0
0 22 1 0
0 22 2 0
0 22 3 0
0 22 4 0
0 23 0 3498
0 23 1 3498
0 23 2 3498
0 23 3 0
0 23 4 0
0 24 0 4209
0 24 1 4209
0 24 2 0
0 24 3 0
0 24 4 0
0 25 0 3625
0 25 1 3625
0 25 2 0
0 25 3 0
0 25 4 0
0 26 0 0
0 26 1 0
0 26 2 0
0 26 3 0
0 26 4 0
0 27 0 0
0 27 1 0
0 27 2 0
0 27 3 0
0 27 4 0
0 28 0 0
0 28 1 0
0 28 2 0
0 28 3 0
0 28 4 0
0 29 0 0
0 29 1 0
0 29 2 0
0 29 3 0
0 29 4 0
1 0 0 0
1 0 1 0
1 0 2 0
1 0 3 0
1 0 4 0
1 2 0 3901
1 2 1 3901
1 2 2 0
1 2 3 0
1 2 4 0
1 3 0 0
1 3 1 0
1 3 2 0
1 3 3 0
1 3 4 0
1 4 0 4020
1 4 1 4020
1 4 2 4020
1 4 3 0
1 4 4 0
1 5 0 0
1 5 1 0
1 5 2 0
1 5 3 0
1 5 4 0
1 6 0 0
1 6 1 0
1 6 2 0
1 6 3 0
1 6 4 0
1 7 0 4623
1 7 1 4623
1 7 2 4623
1 7 3 0
1 7 4 0
1 8 0 3032
1 8 1 3032
1 8 2 3032
1 8 3 0
1 8 4 0
1 9 0 3520
1 9 1 3520
1 9 2 0
1 9 3 0
1 9 4 0
1 10 0 0
1 10 1 0
1 10 2 0
1 10 3 0
1 10 4 0
1 11 0 3198
1 11 1 3198
1 11 2 0
1 11 3 0
1 11 4 0
1 12 0 0
1 12 1 0
1 12 2 0
1 12 3 0
1 12 4 0
1 13 0 0
1 13 1 0
1 13 2 0
1 13 3 0
1 13 4 0
1 14 0 0
1 14 1 0
1 14 2 0
1 14 3 0
1 14 4 0
1 15 0 0
1 15 1 0
1 15 2 0
1 15 3 0
1 15 4 0
1 16 0 0
1 16 1 0
1 16 2 0
1 16 3 0
1 16 4 0
1 17 0 0
1 17 1 0
1 17 2 0
1 17 3 0
1 17 4 0
1 18 0 0
1 18 1 0
1 18 2 0
1 18 3 0
1 18 4 0
1 19 0 4807
1 19 1 4807
1 19 2 0
1 19 3 0
1 19 4 0
1 20 0 3417
1 20 1 3417
1 20 2 0
1 20 3 0
1 20 4 0
1 21 0 0
1 21 1 0
1 21 2 0
1 21 3 0
1 21 4 0
1 22 0 0
1 22 1 0
1 22 2 0
1 22 3 0
1 22 4 0
1 23 0 3217
1 23 1 3217
1 23 2 0
1 23 3 0
1 23 4 0
1 24 0 3136
1 24 1 3136
1 24 2 3136
1 24 3 0
1 24 4 0
1 25 0 0
1 25 1 0
1 25 2 0
1 25 3 0
1 25 4 0
1 26 0 3989
1 26 1 3989
1 26 2 3989
1 26 3 0
1 26 4 0
1 27 0 0
1 27 1 0
1 27 2 0
1 27 3 0
1 27 4 0
1 28 0 0
1 28 1 0
1 28 2 0
1 28 3 0
1 28 4 0
1 29 0 4953
1 29 1 4953
1 29 2 4953
1 29 3 0
1 29 4 0
2 0 0 4359
2 0 1 4359
2 0 2 0
2 0 3 0
2 0 4 0
2 1 0 3901
2 1 1 3901
2 1 2 0
2 1 3 0
2 1 4 0
2 3 0 0
2 3 1 0
2 3 2 0
2 3 3 0
2 3 4 0
2 4 0 4068
2 4 1 4068
2 4 2 4068
2 4 3 0
2 4 4 0
2 5 0 0
2 5 1 0
2 5 2 0
2 5 3 0
2 5 4 0
2 6 0 0
2 6 1 0
2 6 2 0
2 6 3 0
2 6 4 0
2 7 0 0
2 7 1 0
2 7 2 0
2 7 3 0
2 7 4 0
2 8 0 0
2 8 1 0
2 8 2 0
2 8 3 0
2 8 4 0
2 9 0 0
2 9 1 0
2 9 2 0
2 9 3 0
2 9 4 0
2 10 0 0
2 10 1 0
2 10 2 0
2 10 3 0
2 10 4 0
2 11 0 3468
2 11 1 3468
2 11 2 3468
2 11 3 0
2 11 4 0
2 12 0 0
2 12 1 0
2 12 2 0
2 12 3 0
2 12 4 0
2 13 0 3664
2 13 1 3664
2 13 2 0
2 13 3 0
2 13 4 0
2 14 0 3493
2 14 1 3493
2 14 2 0
2 14 3 0
2 14 4 0
2 15 0 0
2 15 1 0
2 15 2 0
2 15 3 0
2 15 4 0
2 16 0 0
2 16 1 0
2 16 2 0
2 16 3 0
2 16 4 0
2 17 0 3999
2 17 1 3999
2 17 2 3999
2 17 3 0
2 17 4 0
2 18 0 0
2 18 1 0
2 18 2 0
2 18 3 0
2 18 4 0
2 19 0 4134
2 19 1 4134
2 19 2 0
2 19 3 0
2 19 4 0
2 20 0 0
2 20 1 0
2 20 2 0
2 20 3 0
2 20 4 0
2 21 0 0
2 21 1 0
2 21 2 0
2 21 3 0
2 21 4 0
2 22 0 0
2 22 1 0
2 22 2 0
2 22 3 0
2 22 4 0
2 23 0 0
2 23 1 0
2 23 2 0
2 23 3 0
2 23 4 0
2 24 0 0
2 24 1 0
2 24 2 0
2 24 3 0
2 24 4 0
2 25 0 0
2 25 1 0
2 25 2 0
2 25 3 0
2 25 4 0
2 26 0 3749
2 26 1 3749
2 26 2 0
2 26 3 0
2 26 4 0
2 27 0 3850
2 27 1 3850
2 27 2 3850
2 27 3 0
2 27 4 0
2 28 0 0
2 28 1 0
2 28 2 0
2 28 3 0
2 28 4 0
2 29 0 4501
2 29 1 4501
2 29 2 0
2 29 3 0
2 29 4 0
3 0 0 0
3 0 1 0
3 0 2 0
3 0 3 0
3 0 4 0
3 1 0 0
3 1 1 0
3 1 2 0
3 1 3 0
3 1 4 0
3 2 0 0
3 2 1 0
3 2 2 0
3 2 3 0
3 2 4 0
3 4 0 0
3 4 1 0
3 4 2 0
3 4 3 0
3 4 4 0
3 5 0 5961
3 5 1 5961
3 5 2 5961
3 5 3 0
3 5 4 0
3 6 0 0
3 6 1 0
3 6 2 0
3 6 3 0
3 6 4 0
3 7 0 0
3 7 1 0
3 7 2 0
3 7 3 0
3 7 4 0
3 8 0 4490
3 8 1 4490
3 8 2 4490
3 8 3 0
3 8 4 0
3 9 0 3336
3 9 1 3336
3 9 2 0
3 9 3 0
3 9 4 0
3 10 0 6376
3 10 1 6376
3 10 2 6376
3 10 3 0
3 10 4 0
3 11 0 0
3 11 1 0
3 11 2 0
3 11 3 0
3 11 4 0
3 12 0 4236
3 12 1 4236
3 12 2 4236
3 12 3 0
3 12 4 0
3 13 0 0
3 13 1 0
3 13 2 0
3 13 3 0
3 13 4 0
3 14 0 0
3 14 1 0
3 14 2 0
3 14 3 0
3 14 4 0
3 15 0 3245
3 15 1 3245
3 15 2 0
3 15 3 0
3 15 4 0
3 16 0 0
3 16 1 0
3 16 2 0
3 16 3 0
3 16 4 0
3 17 0 0
3 17 1 0
3 17 2 0
3 17 3 0
3 17 4 0
3 18 0 4580
3 18 1 4580
3 18 2 0
3 18 3 0
3 18 4 0
3 19 0 0
3 19 1 0
3 19 2 0
3 19 3 0
3 19 4 0
3 20 0 0
3 20 1 0
3 20 2 0
3 20 3 0
3 20 4 0
3 21 0 4094
3 21 1 4094
3 21 2 0
3 21 3 0
3 21 4 0
3 22 0 0
3 22 1 0
3 22 2 0
3 22 3 0
3 22 4 0
3 23 0 3571
3 23 1 3571
3 23 2 3571
3 23 3 0
3 23 4 0
3 24 0 4142
3 24 1 4142
3 24 2 4142
3 24 3 0
3 24 4 0
3 25 0 0
3 25 1 0
3 25 2 0
3 25 3 0
3 25 4 0
3 26 0 3241
3 26 1 3241
3 26 2 0
3 26 3 0
3 26 4 0
3 27 0 0
3 27 1 0
3 27 2 0
3 27 3 0
3 27 4 0
3 28 0 4310
3 28 1 4310
3 28 2 0
3 28 3 0
3 28 4 0
3 29 0 4410
3 29 1 4410
3 29 2 0
3 29 3 0
3 29 4 0
4 0 0 4315
4 0 1 4315
4 0 2 4315
4 0 3 0
4 0 4 0
4 1 0 4020
4 1 1 4020
4 1 2 4020
4 1 3 0
4 1 4 0
4 2 0 4068
4 2 1 4068
4 2 2 4068
4 2 3 0
4 2 4 0
4 3 0 0
4 3 1 0
4 3 2 0
4 3 3 0
4 3 4 0
4 5 0 0
4 5 1 0
4 5 2 0
4 5 3 0
4 5 4 0
4 6 0 0
4 6 1 0
4 6 2 0
4 6 3 0
4 6 4 0
4 7 0 0
4 7 1 0
4 7 2 0
4 7 3 0
4 7 4 0
4 8 0 4769
4 8 1 4769
4 8 2 0
4 8 3 0
4 8 4 0
4 9 0 3287
4 9 1 3287
4 9 2 0
4 9 3 0
4 9 4 0
4 10 0 0
4 10 1 0
4 10 2 0
4 10 3 0
4 10 4 0
4 11 0 0
4 11 1 0
4 11 2 0
4 11 3 0
4 11 4 0
4 12 0 5748
4 12 1 5748
4 12 2 0
4 12 3 0
4 12 4 0
4 13 0 0
4 13 1 0
4 13 2 0
4 13 3 0
4 13 4 0
4 14 0 0
4 14 1 0
4 14 2 0
4 14 3 0
4 14 4 0
4 15 0 3683
4 15 1 3683
4 15 2 3683
4 15 3 0
4 15 4 0
4 16 0 0
4 16 1 0
4 16 2 0
4 16 3 0
4 16 4 0
4 17 0 0
4 17 1 0
4 17 2 0
4 17 3 0
4 17 4 0
4 18 0 4478
4 18 1 4478
4 18 2 0
4 18 3 0
4 18 4 0
4 19 0 4653
4 19 1 4653
4 19 2 4653
4 19 3 0
4 19 4 0
4 20 0 0
4 20 1 0
4 20 2 0
4 20 3 0
4 20 4 0
4 21 0 0
4 21 1 0
4 21 2 0
4 21 3 0
4 21 4 0
4 22 0 0
4 22 1 0
4 22 2 0
4 22 3 0
4 22 4 0
4 23 0 0
4 23 1 0
4 23 2 0
4 23 3 0
4 23 4 0
4 24 0 4616
4 24 1 4616
4 24 2 4616
4 24 3 0
4 24 4 0
4 25 0 0
4 25 1 0
4 25 2 0
4 25 3 0
4 25 4 0
4 26 0 0
4 26 1 0
4 26 2 0
4 26 3 0
4 26 4 0
4 27 0 4216
4 27 1 4216
4 27 2 4216
4 27 3 0
4 27 4 0
4 28 0 0
4 28 1 0
4 28 2 0
4 28 3 0
4 28 4 0
4 29 0 0
4 29 1 0
4 29 2 0
4 29 3 0
4 29 4 0
5 0 0 4836
5 0 1 4836
5 0 2 4836
5 0 3 0
5 0 4 0
5 1 0 0
5 1 1 0
5 1 2 0
5 1 3 0
5 1 4 0
5 2 0 0
5 2 1 0
5 2 2 0
5 2 3 0
5 2 4 0
5 3 0 5961
5 3 1 5961
5 3 2 5961
5 3 3 0
5 3 4 0
5 4 0 0
5 4 1 0
5 4 2 0
5 4 3 0
5 4 4 0
5 6 0 4478
5 6 1 4478
5 6 2 0
5 6 3 0
5 6 4 0
5 7 0 0
5 7 1 0
5 7 2 0
5 7 3 0
5 7 4 0
5 8 0 0
5 8 1 0
5 8 2 0
5 8 3 0
5 8 4 0
5 9 0 0
5 9 1 0
5 9 2 0
5 9 3 0
5 9 4 0
5 10 0 0
5 10 1 0
5 10 2 0
5 10 3 0
5 10 4 0
5 11 0 0
5 11 1 0
5 11 2 0
5 11 3 0
5 11 4 0
5 12 0 0
5 12 1 0
5 12 2 0
5 12 3 0
5 12 4 0
5 13 0 3885
5 13 1 3885
5 13 2 3885
5 13 3 0
5 13 4 0
5 14 0 4767
5 14 1 4767
5 14 2 4767
5 14 3 0
5 14 4 0
5 15 0 0
5 15 1 0
5 15 2 0
5 15 3 0
5 15 4 0
5 16 0 3807
5 16 1 3807
5 16 2 0
5 16 3 0
5 16 4 0
5 17 0 3535
5 17 1 3535
5 17 2 0
5 17 3 0
5 17 4 0
5 18 0 0
5 18 1 0
5 18 2 0
5 18 3 0
5 18 4 0
5 19 0 0
5 19 1 0
5 19 2 0
5 19 3 0
5 19 4 0
5 20 0 0
5 20 1 0
5 20 2 0
5 20 3 0
5 20 4 0
5 21 0 4951
5 21 1 4951
5 21 2 0
5 21 3 0
5 21 4 0
5 22 0 0
5 22 1 0
5 22 2 0
5 22 3 0
5 22 4 0
5 23 0 3799
5 23 1 3799
5 23 2 0
5 23 3 0
5 23 4 0
5 24 0 0
5 24 1 0
5 24 2 0
5 24 3 0
5 24 4 0
5 25 0 4651
5 25 1 4651
5 25 2 4651
5 25 3 0
5 25 4 0
5 26 0 3981
5 26 1 3981
5 26 2 0
5 26 3 0
5 26 4 0
5 27 0 3797
5 27 1 3797
5 27 2 3797
5 27 3 0
5 27 4 0
5 28 0 3796
5 28 1 3796
5 28 2 3796
5 28 3 0
5 28 4 0
5 29 0 0
5 29 1 0
5 29 2 0
5 29 3 0
5 29 4 0
6 0 0 0
6 0 1 0
6 0 2 0
6 0 3 0
6 0 4 0
6 1 0 0
6 1 1 0
6 1 2 0
6 1 3 0
6 1 4 0
6 2 0 0
6 2 1 0
6 2 2 0
6 2 3 0
6 2 4 0
6 3 0 0
6 3 1 0
6 3 2 0
6 3 3 0
6 3 4 0
6 4 0 0
6 4 1 0
6 4 2 0
6 4 3 0
6 4 4 0
6 5 0 4478
6 5 1 4478
6 5 2 0
6 5 3 0
6 5 4 0
6 7 0 5777
6 7 1 5777
6 7 2 5777
6 7 3 0
6 7 4 0
6 8 0 4256
6 8 1 4256
6 8 2 0
6 8 3 0
6 8 4 0
6 9 0 0
6 9 1 0
6 9 2 0
6 9 3 0
6 9 4 0
6 10 0 0
6 10 1 0
6 10 2 0
6 10 3 0
6 10 4 0
6 11 0 4617
6 11 1 4617
6 11 2 0
6 11 3 0
6 11 4 0
6 12 0 0
6 12 1 0
6 12 2 0
6 12 3 0
6 12 4 0
6 13 0 0
6 13 1 0
6 13 2 0
6 13 3 0
6 13 4 0
6 14 0 4528
6 14 1 4528
6 14 2 4528
6 14 3 0
6 14 4 0
6 15 0 0
6 15 1 0
6 15 2 0
6 15 3 0
6 15 4 0
6 16 0 0
6 16 1 0
6 16 2 0
6 16 3 0
6 16 4 0
6 17 0 0
6 17 1 0
6 17 2 0
6 17 3 0
6 17 4 0
6 18 0 0
6 18 1 0
6 18 2 0
6 18 3 0
6 18 4 0
6 19 0 0
6 19 1 0
6 19 2 0
6 19 3 0
6 19 4 0
6 20 0 0
6 20 1 0
6 20 2 0
6 20 3 0
6 20 4 0
6 21 0 0
6 21 1 0
6 21 2 0
6 21 3 0
6 21 4 0
6 22 0 0
6 22 1 0
6 22 2 0
6 22 3 0
6 22 4 0
6 23 0 3102
6 23 1 3102
6 23 2 3102
6 23 3 0
6 23 4 0
6 24 0 0
6 24 1 0
6 24 2 0
6 24 3 0
6 24 4 0
6 25 0 0
6 25 1 0
6 25 2 0
6 25 3 0
6 25 4 0
6 26 0 0
6 26 1 0
6 26 2 0
6 26 3 0
6 26 4 0
6 27 0 0
6 27 1 0
6 27 2 0
6 27 3 0
6 27 4 0
6 28 0 4122
6 28 1 4122
6 28 2 4122
6 28 3 0
6 28 4 0
6 29 0 4926
6 29 1 4926
6 29 2 0
6 29 3 0
6 29 4 0
7 0 0 0
7 0 1 0
7 0 2 0
7 0 3 0
7 0 4 0
7 1 0 4623
7 1 1 4623
7 1 2 4623
7 1 3 0
7 1 4 0
7 2 0 0
7 2 1 0
7 2 2 0
7 2 3 0
7 2 4 0
7 3 0 0
7 3 1 0
7 3 2 0
7 3 3 0
7 3 4 0
7 4 0 0
7 4 1 0
7 4 2 0
7 4 3 0
7 4 4 0
7 5 0 0
7 5 1 0
7 5 2 0
7 5 3 0
7 5 4 0
7 6 0 5777
7 6 1 5777
7 6 2 5777
7 6 3 0
7 6 4 0
7 8 0 0
7 8 1 0
7 8 2 0
7 8 3 0
7 8 4 0
7 9 0 3312
7 9 1 3312
7 9 2 0
7 9 3 0
7 9 4 0
7 10 0 0
7 10 1 0
7 10 2 0
7 10 3 0
7 10 4 0
7 11 0 4494
7 11 1 4494
7 11 2 0
7 11 3 0
7 11 4 0
7 12 0 4783
7 12 1 4783
7 12 2 0
7 12 3 0
7 12 4 0
7 13 0 0
7 13 1 0
7 13 2 0
7 13 3 0
7 13 4 0
7 14 0 4105
7 14 1 4105
7 14 2 0
7 14 3 0
7 14 4 0
7 15 0 0
7 15 1 0
7 15 2 0
7 15 3 0
7 15 4 0
7 16 0 0
7 16 1 0
7 16 2 0
7 16 3 0
7 16 4 0
7 17 0 0
7 17 1 0
7 17 2 0
7 17 3 0
7 17 4 0
7 18 0 0
7 18 1 0
7 18 2 0
7 18 3 0
7 18 4 0
7 19 0 0
7 19 1 0
7 19 2 0
7 19 3 0
7 19 4 0
7 20 0 4195
7 20 1 4195
7 20 2 0
7 20 3 0
7 20 4 0
7 21 0 3470
7 21 1 3470
7 21 2 3470
7 21 3 0
7 21 4 0
7 22 0 4770
7 22 1 4770
7 22 2 0
7 22 3 0
7 22 4 0
7 23 0 0
7 23 1 0
7 23 2 0
7 23 3 0
7 23 4 0
7 24 0 4537
7 24 1 4537
7 24 2 0
7 24 3 0
7 24 4 0
7 25 0 0
7 25 1 0
7 25 2 0
7 25 3 0
7 25 4 0
7 26 0 3372
7 26 1 3372
7 26 2 3372
7 26 3 0
7 26 4 0
7 27 0 0
7 27 1 0
7 27 2 0
7 27 3 0
7 27 4 0
7 28 0 4645
7 28 1 4645
7 28 2 4645
7 28 3 0
7 28 4 0
7 29 0 0
7 29 1 0
7 29 2 0
7 29 3 0
7 29 4 0
8 0 0 0
8 0 1 0
8 0 2 0
8 0 3 0
8 0 4 0
8 1 0 3032
8 1 1 3032
8 1 2 3032
8 1 3 0
8 1 4 0
8 2 0 0
8 2 1 0
8 2 2 0
8 2 3 0
8 2 4 0
8 3 0 4490
8 3 1 4490
8 3 2 4490
8 3 3 0
8 3 4 0
8 4 0 4769
8 4 1 4769
8 4 2 0
8 4 3 0
8 4 4 0
8 5 0 0
8 5 1 0
8 5 2 0
8 5 3 0
8 5 4 0
8 6 0 4256
8 6 1 4256
8 6 2 0
8 6 3 0
8 6 4 0
8 7 0 0
8 7 1 0
8 7 2 0
8 7 3 0
8 7 4 0
8 9 0 3208
8 9 1 3208
8 9 2 3208
8 9 3 0
8 9 4 0
8 10 0 0
8 10 1 0
8 10 2 0
8 10 3 0
8 10 4 0
8 11 0 0
8 11 1 0
8 11 2 0
8 11 3 0
8 11 4 0
8 12 0 4668
8 12 1 4668
8 12 2 4668
8 12 3 0
8 12 4 0
8 13 0 3860
8 13 1 3860
8 13 2 0
8 13 3 0
8 13 4 0
8 14 0 0
8 14 1 0
8 14 2 0
8 14 3 0
8 14 4 0
8 15 0 0
8 15 1 0
8 15 2 0
8 15 3 0
8 15 4 0
8 16 0 0
8 16 1 0
8 16 2 0
8 16 3 0
8 16 4 0
8 17 0 0
8 17 1 0
8 17 2 0
8 17 3 0
8 17 4 0
8 18 0 0
8 18 1 0
8 18 2 0
8 18 3 0
8 18 4 0
8 19 0 0
8 19 1 0
8 19 2 0
8 19 3 0
8 19 4 0
8 20 0 0
8 20 1 0
8 20 2 0
8 20 3 0
8 20 4 0
8 21 0 0
8 21 1 0
8 21 2 0
8 21 3 0
8 21 4 0
8 22 0 0
8 22 1 0
8 22 2 0
8 22 3 0
8 22 4 0
8 23 0 3054
8 23 1 3054
8 23 2 3054
8 23 3 0
8 23 4 0
8 24 0 4713
8 24 1 4713
8 24 2 4713
8 24 3 0
8 24 4 0
8 25 0 0
8 25 1 0
8 25 2 0
8 25 3 0
8 25 4 0
8 26 0 0
8 26 1 0
8 26 2 0
8 26 3 0
8 26 4 0
8 27 0 0
8 27 1 0
8 27 2 0
8 27 3 0
8 27 4 0
8 28 0 0
8 28 1 0
8 28 2 0
8 28 3 0
8 28 4 0
8 29 0 3714
8 29 1 3714
8 29 2 0
8 29 3 0
8 29 4 0
9 0 0 0
9 0 1 0
9 0 2 0
9 0 3 0
9 0 4 0
9 1 0 3520
9 1 1 3520
9 1 2 0
9 1 3 0
9 1 4 0
9 2 0 0
9 2 1 0
9 2 2 0
9 2 3 0
9 2 4 0
9 3 0 3336
9 3 1 3336
9 3 2 0
9 3 3 0
9 3 4 0
9 4 0 3287
9 4 1 3287
9 4 2 0
9 4 3 0
9 4 4 0
9 5 0 0
9 5 1 0
9 5 2 0
9 5 3 0
9 5 4 0
9 6 0 0
9 6 1 0
9 6 2 0
9 6 3 0
9 6 4 0
9 7 0 3312
9 7 1 3312
9 7 2 0
9 7 3 0
9 7 4 0
9 8 0 3208
9 8 1 3208
9 8 2 3208
9 8 3 0
9 8 4 0
9 10 0 0
9 10 1 0
9 10 2 0
9 10 3 0
9 10 4 0
9 11 0 0
9 11 1 0
9 11 2 0
9 11 3 0
9 11 4 0
9 12 0 0
9 12 1 0
9 12 2 0
9 12 3 0
9 12 4 0
9 13 0 0
9 13 1 0
9 13 2 0
9 13 3 0
9 13 4 0
9 14 0 3542
9 14 1 3542
9 14 2 0
9 14 3 0
9 14 4 0
9 15 0 3509
9 15 1 3509
9 15 2 3509
9 15 3 0
9 15 4 0
9 16 0 0
9 16 1 0
9 16 2 0
9 16 3 0
9 16 4 0
9 17 0 0
9 17 1 0
9 17 2 0
9 17 3 0
9 17 4 0
9 18 0 0
9 18 1 0
9 18 2 0
9 18 3 0
9 18 4 0
9 19 0 0
9 19 1 0
9 19 2 0
9 19 3 0
9 19 4 0
9 20 0 0
9 20 1 0
9 20 2 0
9 20 3 0
9 20 4 0
9 21 0 0
9 21 1 0
9 21 2 0
9 21 3 0
9 21 4 0
9 22 0 0
9 22 1 0
9 22 2 0
9 22 3 0
9 22 4 0
9 23 0 3523
9 23 1 3523
9 23 2 0
9 23 3 0
9 23 4 0
9 24 0 3272
9 24 1 3272
9 24 2 0
9 24 3 0
9 24 4 0
9 25 0 3247
9 25 1 3247
9 25 2 3247
9 25 3 0
9 25 4 0
9 26 0 0
9 26 1 0
9 26 2 0
9 26 3 0
9 26 4 0
9 27 0 0
9 27 1 0
9 27 2 0
9 27 3 0
9 27 4 0
9 28 0 0
9 28 1 0
9 28 2 0
9 28 3 0
9 28 4 0
9 29 0 3295
9 29 1 3295
9 29 2 3295
9 29 3 0
9 29 4 0
10 0 0 4289
10 0 1 4289
10 0 2 4289
10 0 3 0
10 0 4 0
10 1 0 0
10 1 1 0
10 1 2 0
10 1 3 0
10 1 4 0
10 2 0 0
10 2 1 0
10 2 2 0
10 2 3 0
10 2 4 0
10 3 0 6376
10 3 1 6376
10 3 2 6376
10 3 3 0
10 3 4 0
10 4 0 0
10 4 1 0
10 4 2 0
10 4 3 0
10 4 4 0
10 5 0 0
10 5 1 0
10 5 2 0
10 5 3 0
10 5 4 0
10 6 0 0
10 6 1 0
10 6 2 0
10 6 3 0
10 6 4 0
10 7 0 0
10 7 1 0
10 7 2 0
10 7 3 0
10 7 4 0
10 8 0 0
10 8 1 0
10 8 2 0
10 8 3 0
10 8 4 0
10 9 0 0
10 9 1 0
10 9 2 0
10 9 3 0
10 9 4 0
10 11 0 0
10 11 1 0
10 11 2 0
10 11 3 0
10 11 4 0
10 12 0 5843
10 12 1 5843
10 12 2 0
10 12 3 0
10 12 4 0
10 13 0 0
10 13 1 0
10 13 2 0
10 13 3 0
10 13 4 0
10 14 0 4029
10 14 1 4029
10 14 2 0
10 14 3 0
10 14 4 0
10 15 0 0
10 15 1 0
10 15 2 0
10 15 3 0
10 15 4 0
10 16 0 3270
10 16 1 3270
10 16 2 0
10 16 3 0
10 16 4 0
10 17 0 0
10 17 1 0
10 17 2 0
10 17 3 0
10 17 4 0
10 18 0 4495
10 18 1 4495
10 18 2 4495
10 18 3 0
10 18 4 0
10 19 0 0
10 19 1 0
10 19 2 0
10 19 3 0
10 19 4 0
10 20 0 4169
10 20 1 4169
10 20 2 4169
10 20 3 0
10 20 4 0
10 21 0 0
10 21 1 0
10 21 2 0
10 21 3 0
10 21 4 0
10 22 0 0
10 22 1 0
10 22 2 0
10 22 3 0
10 22 4 0
10 23 0 3705
10 23 1 3705
10 23 2 3705
10 23 3 0
10 23 4 0
10 24 0 4572
10 24 1 4572
10 24 2 0
10 24 3 0
10 24 4 0
10 25 0 0
10 25 1 0
10 25 2 0
10 25 3 0
10 25 4 0
10 26 0 0
10 26 1 0
10 26 2 0
10 26 3 0
10 26 4 0
10 27 0 0
10 27 1 0
10 27 2 0
10 27 3 0
10 27 4 0
10 28 0 3346
10 28 1 3346
10 28 2 3346
10 28 3 0
10 28 4 0
10 29 0 0
10 29 1 0
10 29 2 0
10 29 3 0
10 29 4 0
11 0 0 0
11 0 1 0
11 0 2 0
11 0 3 0
11 0 4 0
11 1 0 3198
11 1 1 3198
11 1 2 0
11 1 3 0
11 1 4 0
11 2 0 3468
11 2 1 3468
11 2 2 3468
11 2 3 0
11 2 4 0
11 3 0 0
11 3 1 0
11 3 2 0
11 3 3 0
11 3 4 0
11 4 0 0
11 4 1 0
11 4 2 0
11 4 3 0
11 4 4 0
11 5 0 0
11 5 1 0
11 5 2 0
11 5 3 0
11 5 4 0
11 6 0 4617
11 6 1 4617
11 6 2 0
11 6 3 0
11 6 4 0
11 7 0 4494
11 7 1 4494
11 7 2 0
11 7 3 0
11 7 4 0
11 8 0 0
11 8 1 0
11 8 2 0
11 8 3 0
11 8 4 0
11 9 0 0
11 9 1 0
11 9 2 0
11 9 3 0
11 9 4 0
11 10 0 0
11 10 1 0
11 10 2 0
11 10 3 0
11 10 4 0
11 12 0 3330
11 12 1 3330
11 12 2 0
11 12 3 0
11 12 4 0
11 13 0 3163
11 13 1 3163
11 13 2 0
11 13 3 0
11 13 4 0
11 14 0 0
11 14 1 0
11 14 2 0
11 14 3 0
11 14 4 0
11 15 0 0
11 15 1 0
11 15 2 0
11 15 3 0
11 15 4 0
11 16 0 3073
11 16 1 3073
11 16 2 3073
11 16 3 0
11 16 4 0
11 17 0 0
11 17 1 0
11 17 2 0
11 17 3 0
11 17 4 0
11 18 0 0
11 18 1 0
11 18 2 0
11 18 3 0
11 18 4 0
11 19 0 0
11 19 1 0
11 19 2 0
11 19 3 0
11 19 4 0
11 20 0 3572
11 20 1 3572
11 20 2 3572
11 20 3 0
11 20 4 0
11 21 0 0
11 21 1 0
11 21 2 0
11 21 3 0
11 21 4 0
11 22 0 4571
11 22 1 4571
11 22 2 0
11 22 3 0
11 22 4 0
11 23 0 3254
11 23 1 3254
11 23 2 0
11 23 3 0
11 23 4 0
11 24 0 4095
11 24 1 4095
11 24 2 0
11 24 3 0
11 24 4 0
11 25 0 0
11 25 1 0
11 25 2 0
11 25 3 0
11 25 4 0
11 26 0 3242
11 26 1 3242
11 26 2 0
11 26 3 0
11 26 4 0
11 27 0 3914
11 27 1 3914
11 27 2 3914
11 27 3 0
11 27 4 0
11 28 0 0
11 28 1 0
11 28 2 0
11 28 3 0
11 28 4 0
11 29 0 0
11 29 1 0
11 29 2 0
11 29 3 0
11 29 4 0
12 0 0 4286
12 0 1 4286
12 0 2 0
12 0 3 0
12 0 4 0
12 1 0 0
12 1 1 0
12 1 2 0
12 1 3 0
12 1 4 0
12 2 0 0
12 2 1 0
12 2 2 0
12 2 3 0
12 2 4 0
12 3 0 4236
12 3 1 4236
12 3 2 4236
12 3 3 0
12 3 4 0
12 4 0 5748
12 4 1 5748
12 4 2 0
12 4 3 0
12 4 4 0
12 5 0 0
12 5 1 0
12 5 2 0
12 5 3 0
12 5 4 0
12 6 0 0
12 6 1 0
12 6 2 0
12 6 3 0
12 6 4 0
12 7 0 4783
12 7 1 4783
12 7 2 0
12 7 3 0
12 7 4 0
12 8 0 4668
12 8 1 4668
12 8 2 4668
12 8 3 0
12 8 4 0
12 9 0 0
12 9 1 0
12 9 2 0
12 9 3 0
12 9 4 0
12 10 0 5843
12 10 1 5843
12 10 2 0
12 10 3 0
12 10 4 0
12 11 0 3330
12 11 1 3330
12 11 2 0
12 11 3 0
12 11 4 0
12 13 0 0
12 13 1 0
12 13 2 0
12 13 3 0
12 13 4 0
12 14 0 4460
12 14 1 4460
12 14 2 4460
12 14 3 0
12 14 4 0
12 15 0 0
12 15 1 0
12 15 2 0
12 15 3 0
12 15 4 0
12 16 0 0
12 16 1 0
12 16 2 0
12 16 3 0
12 16 4 0
12 17 0 0
12 17 1 0
12 17 2 0
12 17 3 0
12 17 4 0
12 18 0 0
12 18 1 0
12 18 2 0
12 18 3 0
12 18 4 0
12 19 0 0
12 19 1 0
12 19 2 0
12 19 3 0
12 19 4 0
12 20 0 4828
12 20 1 4828
12 20 2 0
12 20 3 0
12 20 4 0
12 21 0 3302
12 21 1 3302
12 21 2 3302
12 21 3 0
12 21 4 0
12 22 0 0
12 22 1 0
12 22 2 0
12 22 3 0
12 22 4 0
12 23 0 0
12 23 1 0
12 23 2 0
12 23 3 0
12 23 4 0
12 24 0 0
12 24 1 0
12 24 2 0
12 24 3 0
12 24 4 0
12 25 0 4942
12 25 1 4942
12 25 2 4942
12 25 3 0
12 25 4 0
12 26 0 0
12 26 1 0
12 26 2 0
12 26 3 0
12 26 4 0
12 27 0 0
12 27 1 0
12 27 2 0
12 27 3 0
12 27 4 0
12 28 0 4987
12 28 1 4987
12 28 2 0
12 28 3 0
12 28 4 0
12 29 0 0
12 29 1 0
12 29 2 0
12 29 3 0
12 29 4 0
13 0 0 3840
13 0 1 3840
13 0 2 3840
13 0 3 0
13 0 4 0
13 1 0 0
13 1 1 0
13 1 2 0
13 1 3 0
13 1 4 0
13 2 0 3664
13 2 1 3664
13 2 2 0
13 2 3 0
13 2 4 0
13 3 0 0
13 3 1 0
13 3 2 0
13 3 3 0
13 3 4 0
13 4 0 0
13 4 1 0
13 4 2 0
13 4 3 0
13 4 4 0
13 5 0 3885
13 5 1 3885
13 5 2 3885
13 5 3 0
13 5 4 0
13 6 0 0
13 6 1 0
13 6 2 0
13 6 3 0
13 6 4 0
13 7 0 0
13 7 1 0
13 7 2 0
13 7 3 0
13 7 4 0
13 8 0 3860
13 8 1 3860
13 8 2 0
13 8 3 0
13 8 4 0
13 9 0 0
13 9 1 0
13 9 2 0
13 9 3 0
13 9 4 0
13 10 0 0
13 10 1 0
13 10 2 0
13 10 3 0
13 10 4 0
13 11 0 3163
13 11 1 3163
13 11 2 0
13 11 3 0
13 11 4 0
13 12 0 0
13 12 1 0
13 12 2 0
13 12 3 0
13 12 4 0
13 14 0 3155
13 14 1 3155
13 14 2 0
13 14 3 0
13 14 4 0
13 15 0 3984
13 15 1 3984
13 15 2 3984
13 15 3 0
13 15 4 0
13 16 0 3484
13 16 1 3484
13 16 2 3484
13 16 3 0
13 16 4 0
13 17 0 3565
13 17 1 3565
13 17 2 3565
13 17 3 0
13 17 4 0
13 18 0 0
13 18 1 0
13 18 2 0
13 18 3 0
13 18 4 0
13 19 0 0
13 19 1 0
13 19 2 0
13 19 3 0
13 19 4 0
13 20 0 3360
13 20 1 3360
13 20 2 3360
13 20 3 0
13 20 4 0
13 21 0 3989
13 21 1 3989
13 21 2 0
13 21 3 0
13 21 4 0
13 22 0 0
13 22 1 0
13 22 2 0
13 22 3 0
13 22 4 0
13 23 0 3734
13 23 1 3734
13 23 2 0
13 23 3 0
13 23 4 0
13 24 0 0
13 24 1 0
13 24 2 0
13 24 3 0
13 24 4 0
13 25 0 0
13 25 1 0
13 25 2 0
13 25 3 0
13 25 4 0
13 26 0 0
13 26 1 0
13 26 2 0
13 26 3 0
13 26 4 0
13 27 0 3110
13 27 1 3110
13 27 2 0
13 27 3 0
13 27 4 0
13 28 0 3977
13 28 1 3977
13 28 2 0
13 28 3 0
13 28 4 0
13 29 0 0
13 29 1 0
13 29 2 0
13 29 3 0
13 29 4 0
14 0 0 3056
14 0 1 3056
14 0 2 0
14 0 3 0
14 0 4 0
14 1 0 0
14 1 1 0
14 1 2 0
14 1 3 0
14 1 4 0
14 2 0 3493
14 2 1 3493
14 2 2 0
14 2 3 0
14 2 4 0
14 3 0 0
14 3 1 0
14 3 2 0
14 3 3 0
14 3 4 0
14 4 0 0
14 4 1 0
14 4 2 0
14 4 3 0
14 4 4 0
14 5 0 4767
14 5 1 4767
14 5 2 4767
14 5 3 0
14 5 4 0
14 6 0 4528
14 6 1 4528
14 6 2 4528
14 6 3 0
14 6 4 0
14 7 0 4105
14 7 1 4105
14 7 2 0
14 7 3 0
14 7 4 0
14 8 0 0
14 8 1 0
14 8 2 0
14 8 3 0
14 8 4 0
14 9 0 3542
14 9 1 3542
14 9 2 0
14 9 3 0
14 9 4 0
14 10 0 4029
14 10 1 4029
14 10 2 0
14 10 3 0
14 10 4 0
14 11 0 0
14 11 1 0
14 11 2 0
14 11 3 0
14 11 4 0
14 12 0 4460
14 12 1 4460
14 12 2 4460
14 12 3 0
14 12 4 0
14 13 0 3155
14 13 1 3155
14 13 2 0
14 13 3 0
14 13 4 0
14 15 0 3516
14 15 1 3516
14 15 2 0
14 15 3 0
14 15 4 0
14 16 0 3202
14 16 1 3202
14 16 2 3202
14 16 3 0
14 16 4 0
14 17 0 0
14 17 1 0
14 17 2 0
14 17 3 0
14 17 4 0
14 18 0 0
14 18 1 0
14 18 2 0
14 18 3 0
14 18 4 0
14 19 0 0
14 19 1 0
14 19 2 0
14 19 3 0
14 19 4 0
14 20 0 0
14 20 1 0
14 20 2 0
14 20 3 0
14 20 4 0
14 21 0 0
14 21 1 0
14 21 2 0
14 21 3 0
14 21 4 0
14 22 0 0
14 22 1 0
14 22 2 0
14 22 3 0
14 22 4 0
14 23 0 3033
14 23 1 3033
14 23 2 0
14 23 3 0
14 23 4 0
14 24 0 3203
14 24 1 3203
14 24 2 3203
14 24 3 0
14 24 4 0
14 25 0 3076
14 25 1 3076
14 25 2 3076
14 25 3 0
14 25 4 0
14 26 0 0
14 26 1 0
14 26 2 0
14 26 3 0
14 26 4 0
14 27 0 3846
14 27 1 3846
14 27 2 0
14 27 3 0
14 27 4 0
14 28 0 0
14 28 1 0
14 28 2 0
14 28 3 0
14 28 4 0
14 29 0 4260
14 29 1 4260
14 29 2 4260
14 29 3 0
14 29 4 0
15 0 0 0
15 0 1 0
15 0 2 0
15 0 3 0
15 0 4 0
15 1 0 0
15 1 1 0
15 1 2 0
15 1 3 0
15 1 4 0
15 2 0 0
15 2 1 0
15 2 2 0
15 2 3 0
15 2 4 0
15 3 0 3245
15 3 1 3245
15 3 2 0
15 3 3 0
15 3 4 0
15 4 0 3683
15 4 1 3683
15 4 2 3683
15 4 3 0
15 4 4 0
15 5 0 0
15 5 1 0
15 5 2 0
15 5 3 0
15 5 4 0
15 6 0 0
15 6 1 0
15 6 2 0
15 6 3 0
15 6 4 0
15 7 0 0
15 7 1 0
15 7 2 0
15 7 3 0
15 7 4 0
15 8 0 0
15 8 1 0
15 8 2 0
15 8 3 0
15 8 4 0
15 9 0 3509
15 9 1 3509
15 9 2 3509
15 9 3 0
15 9 4 0
15 10 0 0
15 10 1 0
15 10 2 0
15 10 3 0
15 10 4 0
15 11 0 0
15 11 1 0
15 11 2 0
15 11 3 0
15 11 4 0
15 12 0 0
15 12 1 0
15 12 2 0
15 12 3 0
15 12 4 0
15 13 0 3984
15 13 1 3984
15 13 2 3984
15 13 3 0
15 13 4 0
15 14 0 3516
15 14 1 3516
15 14 2 0
15 14 3 0
15 14 4 0
15 16 0 0
15 16 1 0
15 16 2 0
15 16 3 0
15 16 4 0
15 17 0 0
15 17 1 0
15 17 2 0
15 17 3 0
15 17 4 0
15 18 0 3456
15 18 1 3456
15 18 2 0
15 18 3 0
15 18 4 0
15 19 0 0
15 19 1 0
15 19 2 0
15 19 3 0
15 19 4 0
15 20 0 0
15 20 1 0
15 20 2 0
15 20 3 0
15 20 4 0
15 21 0 0
15 21 1 0
15 21 2 0
15 21 3 0
15 21 4 0
15 22 0 3815
15 22 1 3815
15 22 2 3815
15 22 3 0
15 22 4 0
15 23 0 0
15 23 1 0
15 23 2 0
15 23 3 0
15 23 4 0
15 24 0 0
15 24 1 0
15 24 2 0
15 24 3 0
15 24 4 0
15 25 0 0
15 25 1 0
15 25 2 0
15 25 3 0
15 25 4 0
15 26 0 3924
15 26 1 3924
15 26 2 3924
15 26 3 0
15 26 4 0
15 27 0 3137
15 27 1 3137
15 27 2 3137
15 27 3 0
15 27 4 0
15 28 0 0
15 28 1 0
15 28 2 0
15 28 3 0
15 28 4 0
15 29 0 0
15 29 1 0
15 29 2 0
15 29 3 0
15 29 4 0
16 0 0 0
16 0 1 0
16 0 2 0
16 0 3 0
16 0 4 0
16 1 0 0
16 1 1 0
16 1 2 0
16 1 3 0
16 1 4 0
16 2 0 0
16 2 1 0
16 2 2 0
16 2 3 0
16 2 4 0
16 3 0 0
16 3 1 0
16 3 2 0
16 3 3 0
16 3 4 0
16 4 0 0
16 4 1 0
16 4 2 0
16 4 3 0
16 4 4 0
16 5 0 3807
16 5 1 3807
16 5 2 0
16 5 3 0
16 5 4 0
16 6 0 0
16 6 1 0
16 6 2 0
16 6 3 0
16 6 4 0
16 7 0 0
16 7 1 0
16 7 2 0
16 7 3 0
16 7 4 0
16 8 0 0
16 8 1 0
16 8 2 0
16 8 3 0
16 8 4 0
16 9 0 0
16 9 1 0
16 9 2 0
16 9 3 0
16 9 4 0
16 10 0 3270
16 10 1 3270
16 10 2 0
16 10 3 0
16 10 4 0
16 11 0 3073
16 11 1 3073
16 11 2 3073
16 11 3 0
16 11 4 0
16 12 0 0
16 12 1 0
16 12 2 0
16 12 3 0
16 12 4 0
16 13 0 3484
16 13 1 3484
16 13 2 3484
16 13 3 0
16 13 4 0
16 14 0 3202
16 14 1 3202
16 14 2 3202
16 14 3 0
16 14 4 0
16 15 0 0
16 15 1 0
16 15 2 0
16 15 3 0
16 15 4 0
16 17 0 3715
16 17 1 3715
16 17 2 0
16 17 3 0
16 17 4 0
16 18 0 3045
16 18 1 3045
16 18 2 0
16 18 3 0
16 18 4 0
16 19 0 3392
16 19 1 3392
16 19 2 3392
16 19 3 0
16 19 4 0
16 20 0 0
16 20 1 0
16 20 2 0
16 20 3 0
16 20 4 0
16 21 0 0
16 21 1 0
16 21 2 0
16 21 3 0
16 21 4 0
16 22 0 3272
16 22 1 3272
16 22 2 3272
16 22 3 0
16 22 4 0
16 23 0 3694
16 23 1 3694
16 23 2 3694
16 23 3 0
16 23 4 0
16 24 0 3434
16 24 1 3434
16 24 2 3434
16 24 3 0
16 24 4 0
16 25 0 3083
16 25 1 3083
16 25 2 0
16 25 3 0
16 25 4 0
16 26 0 0
16 26 1 0
16 26 2 0
16 26 3 0
16 26 4 0
16 27 0 0
16 27 1 0
16 27 2 0
16 27 3 0
16 27 4 0
16 28 0 0
16 28 1 0
16 28 2 0
16 28 3 0
16 28 4 0
16 29 0 3436
16 29 1 3436
16 29 2 0
16 29 3 0
16 29 4 0
17 0 0 0
17 0 1 0
17 0 2 0
17 0 3 0
17 0 4 0
17 1 0 0
17 1 1 0
17 1 2 0
17 1 3 0
17 1 4 0
17 2 0 3999
17 2 1 3999
17 2 2 3999
17 2 3 0
17 2 4 0
17 3 0 0
17 3 1 0
17 3 2 0
17 3 3 0
17 3 4 0
17 4 0 0
17 4 1 0
17 4 2 0
17 4 3 0
17 4 4 0
17 5 0 3535
17 5 1 3535
17 5 2 0
17 5 3 0
17 5 4 0
17 6 0 0
17 6 1 0
17 6 2 0
17 6 3 0
17 6 4 0
17 7 0 0
17 7 1 0
17 7 2 0
17 7 3 0
17 7 4 0
17 8 0 0
17 8 1 0
17 8 2 0
17 8 3 0
17 8 4 0
17 9 0 0
17 9 1 0
17 9 2 0
17 9 3 0
17 9 4 0
17 10 0 0
17 10 1 0
17 10 2 0
17 10 3 0
17 10 4 0
17 11 0 0
17 11 1 0
17 11 2 0
17 11 3 0
17 11 4 0
17 12 0 0
17 12 1 0
17 12 2 0
17 12 3 0
17 12 4 0
17 13 0 3565
17 13 1 3565
17 13 2 3565
17 13 3 0
17 13 4 0
17 14 0 0
17 14 1 0
17 14 2 0
17 14 3 0
17 14 4 0
17 15 0 0
17 15 1 0
17 15 2 0
17 15 3 0
17 15 4 0
17 16 0 3715
17 16 1 3715
17 16 2 0
17 16 3 0
17 16 4 0
17 18 0 0
17 18 1 0
17 18 2 0
17 18 3 0
17 18 4 0
17 19 0 0
17 19 1 0
17 19 2 0
17 19 3 0
17 19 4 0
17 20 0 0
17 20 1 0
17 20 2 0
17 20 3 0
17 20 4 0
17 21 0 0
17 21 1 0
17 21 2 0
17 21 3 0
17 21 4 0
17 22 0 0
17 22 1 0
17 22 2 0
17 22 3 0
17 22 4 0
17 23 0 3130
17 23 1 3130
17 23 2 0
17 23 3 0
17 23 4 0
17 24 0 0
17 24 1 0
17 24 2 0
17 24 3 0
17 24 4 0
17 25 0 0
17 25 1 0
17 25 2 0
17 25 3 0
17 25 4 0
17 26 0 0
17 26 1 0
17 26 2 0
17 26 3 0
17 26 4 0
17 27 0 3801
17 27 1 3801
17 27 2 0
17 27 3 0
17 27 4 0
17 28 0 0
17 28 1 0
17 28 2 0
17 28 3 0
17 28 4 0
17 29 0 3519
17 29 1 3519
17 29 2 0
17 29 3 0
17 29 4 0
18 0 0 0
18 0 1 0
18 0 2 0
18 0 3 0
18 0 4 0
18 1 0 0
18 1 1 0
18 1 2 0
18 1 3 0
18 1 4 0
18 2 0 0
18 2 1 0
18 2 2 0
18 2 3 0
18 2 4 0
18 3 0 4580
18 3 1 4580
18 3 2 0
18 3 3 0
18 3 4 0
18 4 0 4478
18 4 1 4478
18 4 2 0
18 4 3 0
18 4 4 0
18 5 0 0
18 5 1 0
18 5 2 0
18 5 3 0
18 5 4 0
18 6 0 0
18 6 1 0
18 6 2 0
18 6 3 0
18 6 4 0
18 7 0 0
18 7 1 0
18 7 2 0
18 7 3 0
18 7 4 0
18 8 0 0
18 8 1 0
18 8 2 0
18 8 3 0
18 8 4 0
18 9 0 0
18 9 1 0
18 9 2 0
18 9 3 0
18 9 4 0
18 10 0 4495
18 10 1 4495
18 10 2 4495
18 10 3 0
18 10 4 0
18 11 0 0
18 11 1 0
18 11 2 0
18 11 3 0
18 11 4 0
18 12 0 0
18 12 1 0
18 12 2 0
18 12 3 0
18 12 4 0
18 13 0 0
18 13 1 0
18 13 2 0
18 13 3 0
18 13 4 0
18 14 0 0
18 14 1 0
18 14 2 0
18 14 3 0
18 14 4 0
18 15 0 3456
18 15 1 3456
18 15 2 0
18 15 3 0
18 15 4 0
18 16 0 3045
18 16 1 3045
18 16 2 0
18 16 3 0
18 16 4 0
18 17 0 0
18 17 1 0
18 17 2 0
18 17 3 0
18 17 4 0
18 19 0 0
18 19 1 0
18 19 2 0
18 19 3 0
18 19 4 0
18 20 0 0
18 20 1 0
18 20 2 0
18 20 3 0
18 20 4 0
18 21 0 0
18 21 1 0
18 21 2 0
18 21 3 0
18 21 4 0
18 22 0 0
18 22 1 0
18 22 2 0
18 22 3 0
18 22 4 0
18 23 0 0
18 23 1 0
18 23 2 0
18 23 3 0
18 23 4 0
18 24 0 4927
18 24 1 4927
18 24 2 4927
18 24 3 0
18 24 4 0
18 25 0 3211
18 25 1 3211
18 25 2 3211
18 25 3 0
18 25 4 0
18 26 0 0
18 26 1 0
18 26 2 0
18 26 3 0
18 26 4 0
18 27 0 0
18 27 1 0
18 27 2 0
18 27 3 0
18 27 4 0
18 28 0 4892
18 28 1 4892
18 28 2 4892
18 28 3 0
18 28 4 0
18 29 0 3121
18 29 1 3121
18 29 2 0
18 29 3 0
18 29 4 0
19 0 0 0
19 0 1 0
19 0 2 0
19 0 3 0
19 0 4 0
19 1 0 4807
19 1 1 4807
19 1 2 0
19 1 3 0
19 1 4 0
19 2 0 4134
19 2 1 4134
19 2 2 0
19 2 3 0
19 2 4 0
19 3 0 0
19 3 1 0
19 3 2 0
19 3 3 0
19 3 4 0
19 4 0 4653
19 4 1 4653
19 4 2 4653
19 4 3 0
19 4 4 0
19 5 0 0
19 5 1 0
19 5 2 0
19 5 3 0
19 5 4 0
19 6 0 0
19 6 1 0
19 6 2 0
19 6 3 0
19 6 4 0
19 7 0 0
19 7 1 0
19 7 2 0
19 7 3 0
19 7 4 0
19 8 0 0
19 8 1 0
19 8 2 0
19 8 3 0
19 8 4 0
19 9 0 0
19 9 1 0
19 9 2 0
19 9 3 0
19 9 4 0
19 10 0 0
19 10 1 0
19 10 2 0
19 10 3 0
19 10 4 0
19 11 0 0
19 11 1 0
19 11 2 0
19 11 3 0
19 11 4 0
19 12 0 0
19 12 1 0
19 12 2 0
19 12 3 0
19 12 4 0
19 13 0 0
19 13 1 0
19 13 2 0
19 13 3 0
19 13 4 0
19 14 0 0
19 14 1 0
19 14 2 0
19 14 3 0
19 14 4 0
19 15 0 0
19 15 1 0
19 15 2 0
19 15 3 0
19 15 4 0
19 16 0 3392
19 16 1 3392
19 16 2 3392
19 16 3 0
19 16 4 0
19 17 0 0
19 17 1 0
19 17 2 0
19 17 3 0
19 17 4 0
19 18 0 0
19 18 1 0
19 18 2 0
19 18 3 0
19 18 4 0
19 20 0 4697
19 20 1 4697
19 20 2 0
19 20 3 0
19 20 4 0
19 21 0 0
19 21 1 0
19 21 2 0
19 21 3 0
19 21 4 0
19 22 0 5941
19 22 1 5941
19 22 2 0
19 22 3 0
19 22 4 0
19 23 0 3683
19 23 1 3683
19 23 2 0
19 23 3 0
19 23 4 0
19 24 0 0
19 24 1 0
19 24 2 0
19 24 3 0
19 24 4 0
19 25 0 0
19 25 1 0
19 25 2 0
19 25 3 0
19 25 4 0
19 26 0 3268
19 26 1 3268
19 26 2 3268
19 26 3 0
19 26 4 0
19 27 0 4968
19 27 1 4968
19 27 2 4968
19 27 3 0
19 27 4 0
19 28 0 0
19 28 1 0
19 28 2 0
19 28 3 0
19 28 4 0
19 29 0 0
19 29 1 0
19 29 2 0
19 29 3 0
19 29 4 0
20 0 0 0
20 0 1 0
20 0 2 0
20 0 3 0
20 0 4 0
20 1 0 3417
20 1 1 3417
20 1 2 0
20 1 3 0
20 1 4 0
20 2 0 0
20 2 1 0
20 2 2 0
20 2 3 0
20 2 4 0
20 3 0 0
20 3 1 0
20 3 2 0
20 3 3 0
20 3 4 0
20 4 0 0
20 4 1 0
20 4 2 0
20 4 3 0
20 4 4 0
20 5 0 0
20 5 1 0
20 5 2 0
20 5 3 0
20 5 4 0
20 6 0 0
20 6 1 0
20 6 2 0
20 6 3 0
20 6 4 0
20 7 0 4195
20 7 1 4195
20 7 2 0
20 7 3 0
20 7 4 0
20 8 0 0
20 8 1 0
20 8 2 0
20 8 3 0
20 8 4 0
20 9 0 0
20 9 1 0
20 9 2 0
20 9 3 0
20 9 4 0
20 10 0 4169
20 10 1 4169
20 10 2 4169
20 10 3 0
20 10 4 0
20 11 0 3572
20 11 1 3572
20 11 2 3572
20 11 3 0
20 11 4 0
20 12 0 4828
20 12 1 4828
20 12 2 0
20 12 3 0
20 12 4 0
20 13 0 3360
20 13 1 3360
20 13 2 3360
20 13 3 0
20 13 4 0
20 14 0 0
20 14 1 0
20 14 2 0
20 14 3 0
20 14 4 0
20 15 0 0
20 15 1 0
20 15 2 0
20 15 3 0
20 15 4 0
20 16 0 0
20 16 1 0
20 16 2 0
20 16 3 0
20 16 4 0
20 17 0 0
20 17 1 0
20 17 2 0
20 17 3 0
20 17 4 0
20 18 0 0
20 18 1 0
20 18 2 0
20 18 3 0
20 18 4 0
20 19 0 4697
20 19 1 4697
20 19 2 0
20 19 3 0
20 19 4 0
20 21 0 0
20 21 1 0
20 21 2 0
20 21 3 0
20 21 4 0
20 22 0 0
20 22 1 0
20 22 2 0
20 22 3 0
20 22 4 0
20 23 0 3243
20 23 1 3243
20 23 2 3243
20 23 3 0
20 23 4 0
20 24 0 0
20 24 1 0
20 24 2 0
20 24 3 0
20 24 4 0
20 25 0 0
20 25 1 0
20 25 2 0
20 25 3 0
20 25 4 0
20 26 0 3246
20 26 1 3246
20 26 2 3246
20 26 3 0
20 26 4 0
20 27 0 3309
20 27 1 3309
20 27 2 3309
20 27 3 0
20 27 4 0
20 28 0 0
20 28 1 0
20 28 2 0
20 28 3 0
20 28 4 0
20 29 0 0
20 29 1 0
20 29 2 0
20 29 3 0
20 29 4 0
21 0 0 0
21 0 1 0
21 0 2 0
21 0 3 0
21 0 4 0
21 1 0 0
21 1 1 0
21 1 2 0
21 1 3 0
21 1 4 0
21 2 0 0
21 2 1 0
21 2 2 0
21 2 3 0
21 2 4 0
21 3 0 4094
21 3 1 4094
21 3 2 0
21 3 3 0
21 3 4 0
21 4 0 0
21 4 1 0
21 4 2 0
21 4 3 0
21 4 4 0
21 5 0 4951
21 5 1 4951
21 5 2 0
21 5 3 0
21 5 4 0
21 6 0 0
21 6 1 0
21 6 2 0
21 6 3 0
21 6 4 0
21 7 0 3470
21 7 1 3470
21 7 2 3470
21 7 3 0
21 7 4 0
21 8 0 0
21 8 1 0
21 8 2 0
21 8 3 0
21 8 4 0
21 9 0 0
21 9 1 0
21 9 2 0
21 9 3 0
21 9 4 0
21 10 0 0
21 10 1 0
21 10 2 0
21 10 3 0
21 10 4 0
21 11 0 0
21 11 1 0
21 11 2 0
21 11 3 0
21 11 4 0
21 12 0 3302
21 12 1 3302
21 12 2 3302
21 12 3 0
21 12 4 0
21 13 0 3989
21 13 1 3989
21 13 2 0
21 13 3 0
21 13 4 0
21 14 0 0
21 14 1 0
21 14 2 0
21 14 3 0
21 14 4 0
21 15 0 0
21 15 1 0
21 15 2 0
21 15 3 0
21 15 4 0
21 16 0 0
21 16 1 0
21 16 2 0
21 16 3 0
21 16 4 0
21 17 0 0
21 17 1 0
21 17 2 0
21 17 3 0
21 17 4 0
21 18 0 0
21 18 1 0
21 18 2 0
21 18 3 0
21 18 4 0
21 19 0 0
21 19 1 0
21 19 2 0
21 19 3 0
21 19 4 0
21 20 0 0
21 20 1 0
21 20 2 0
21 20 3 0
21 20 4 0
21 22 0 0
21 22 1 0
21 22 2 0
21 22 3 0
21 22 4 0
21 23 0 3246
21 23 1 3246
21 23 2 0
21 23 3 0
21 23 4 0
21 24 0 3221
21 24 1 3221
21 24 2 3221
21 24 3 0
21 24 4 0
21 25 0 0
21 25 1 0
21 25 2 0
21 25 3 0
21 25 4 0
21 26 0 0
21 26 1 0
21 26 2 0
21 26 3 0
21 26 4 0
21 27 0 0
21 27 1 0
21 27 2 0
21 27 3 0
21 27 4 0
21 28 0 0
21 28 1 0
21 28 2 0
21 28 3 0
21 28 4 0
21 29 0 0
21 29 1 0
21 29 2 0
21 29 3 0
21 29 4 0
22 0 0 0
22 0 1 0
22 0 2 0
22 0 3 0
22 0 4 0
22 1 0 0
22 1 1 0
22 1 2 0
22 1 3 0
22 1 4 0
22 2 0 0
22 2 1 0
22 2 2 0
22 2 3 0
22 2 4 0
22 3 0 0
22 3 1 0
22 3 2 0
22 3 3 0
22 3 4 0
22 4 0 0
22 4 1 0
22 4 2 0
22 4 3 0
22 4 4 0
22 5 0 0
22 5 1 0
22 5 2 0
22 5 3 0
22 5 4 0
22 6 0 0
22 6 1 0
22 6 2 0
22 6 3 0
22 6 4 0
22 7 0 4770
22 7 1 4770
22 7 2 0
22 7 3 0
22 7 4 0
22 8 0 0
22 8 1 0
22 8 2 0
22 8 3 0
22 8 4 0
22 9 0 0
22 9 1 0
22 9 2 0
22 9 3 0
22 9 4 0
22 10 0 0
22 10 1 0
22 10 2 0
22 10 3 0
22 10 4 0
22 11 0 4571
22 11 1 4571
22 11 2 0
22 11 3 0
22 11 4 0
22 12 0 0
22 12 1 0
22 12 2 0
22 12 3 0
22 12 4 0
22 13 0 0
22 13 1 0
22 13 2 0
22 13 3 0
22 13 4 0
22 14 0 0
22 14 1 0
22 14 2 0
22 14 3 0
22 14 4 0
22 15 0 3815
22 15 1 3815
22 15 2 3815
22 15 3 0
22 15 4 0
22 16 0 3272
22 16 1 3272
22 16 2 3272
22 16 3 0
22 16 4 0
22 17 0 0
22 17 1 0
22 17 2 0
22 17 3 0
22 17 4 0
22 18 0 0
22 18 1 0
22 18 2 0
22 18 3 0
22 18 4 0
22 19 0 5941
22 19 1 5941
22 19 2 0
22 19 3 0
22 19 4 0
22 20 0 0
22 20 1 0
22 20 2 0
22 20 3 0
22 20 4 0
22 21 0 0
22 21 1 0
22 21 2 0
22 21 3 0
22 21 4 0
22 23 0 0
22 23 1 0
22 23 2 0
22 23 3 0
22 23 4 0
22 24 0 0
22 24 1 0
22 24 2 0
22 24 3 0
22 24 4 0
22 25 0 4266
22 25 1 4266
22 25 2 4266
22 25 3 0
22 25 4 0
22 26 0 0
22 26 1 0
22 26 2 0
22 26 3 0
22 26 4 0
22 27 0 0
22 27 1 0
22 27 2 0
22 27 3 0
22 27 4 0
22 28 0 0
22 28 1 0
22 28 2 0
22 28 3 0
22 28 4 0
22 29 0 0
22 29 1 0
22 29 2 0
22 29 3 0
22 29 4 0
23 0 0 3498
23 0 1 3498
23 0 2 3498
23 0 3 0
23 0 4 0
23 1 0 3217
23 1 1 3217
23 1 2 0
23 1 3 0
23 1 4 0
23 2 0 0
23 2 1 0
23 2 2 0
23 2 3 0
23 2 4 0
23 3 0 3571
23 3 1 3571
23 3 2 3571
23 3 3 0
23 3 4 0
23 4 0 0
23 4 1 0
23 4 2 0
23 4 3 0
23 4 4 0
23 5 0 3799
23 5 1 3799
23 5 2 0
23 5 3 0
23 5 4 0
23 6 0 3102
23 6 1 3102
23 6 2 3102
23 6 3 0
23 6 4 0
23 7 0 0
23 7 1 0
23 7 2 0
23 7 3 0
23 7 4 0
23 8 0 3054
23 8 1 3054
23 8 2 3054
23 8 3 0
23 8 4 0
23 9 0 3523
23 9 1 3523
23 9 2 0
23 9 3 0
23 9 4 0
23 10 0 3705
23 10 1 3705
23 10 2 3705
23 10 3 0
23 10 4 0
23 11 0 3254
23 11 1 3254
23 11 2 0
23 11 3 0
23 11 4 0
23 12 0 0
23 12 1 0
23 12 2 0
23 12 3 0
23 12 4 0
23 13 0 3734
23 13 1 3734
23 13 2 0
23 13 3 0
23 13 4 0
23 14 0 3033
23 14 1 3033
23 14 2 0
23 14 3 0
23 14 4 0
23 15 0 0
23 15 1 0
23 15 2 0
23 15 3 0
23 15 4 0
23 16 0 3694
23 16 1 3694
23 16 2 3694
23 16 3 0
23 16 4 0
23 17 0 3130
23 17 1 3130
23 17 2 0
23 17 3 0
23 17 4 0
23 18 0 0
23 18 1 0
23 18 2 0
23 18 3 0
23 18 4 0
23 19 0 3683
23 19 1 3683
23 19 2 0
23 19 3 0
23 19 4 0
23 20 0 3243
23 20 1 3243
23 20 2 3243
23 20 3 0
23 20 4 0
23 21 0 3246
23 21 1 3246
23 21 2 0
23 21 3 0
23 21 4 0
23 22 0 0
23 22 1 0
23 22 2 0
23 22 3 0
23 22 4 0
23 24 0 0
23 24 1 0
23 24 2 0
23 24 3 0
23 24 4 0
23 25 0 0
23 25 1 0
23 25 2 0
23 25 3 0
23 25 4 0
23 26 0 3963
23 26 1 3963
23 26 2 0
23 26 3 0
23 26 4 0
23 27 0 3656
23 27 1 3656
23 27 2 0
23 27 3 0
23 27 4 0
23 28 0 0
23 28 1 0
23 28 2 0
23 28 3 0
23 28 4 0
23 29 0 3433
23 29 1 3433
23 29 2 0
23 29 3 0
23 29 4 0
24 0 0 4209
24 0 1 4209
24 0 2 0
24 0 3 0
24 0 4 0
24 1 0 3136
24 1 1 3136
24 1 2 3136
24 1 3 0
24 1 4 0
24 2 0 0
24 2 1 0
24 2 2 0
24 2 3 0
24 2 4 0
24 3 0 4142
24 3 1 4142
24 3 2 4142
24 3 3 0
24 3 4 0
24 4 0 4616
24 4 1 4616
24 4 2 4616
24 4 3 0
24 4 4 0
24 5 0 0
24 5 1 0
24 5 2 0
24 5 3 0
24 5 4 0
24 6 0 0
24 6 1 0
24 6 2 0
24 6 3 0
24 6 4 0
24 7 0 4537
24 7 1 4537
24 7 2 0
24 7 3 0
24 7 4 0
24 8 0 4713
24 8 1 4713
24 8 2 4713
24 8 3 0
24 8 4 0
24 9 0 3272
24 9 1 3272
24 9 2 0
24 9 3 0
24 9 4 0
24 10 0 4572
24 10 1 4572
24 10 2 0
24 10 3 0
24 10 4 0
24 11 0 4095
24 11 1 4095
24 11 2 0
24 11 3 0
24 11 4 0
24 12 0 0
24 12 1 0
24 12 2 0
24 12 3 0
24 12 4 0
24 13 0 0
24 13 1 0
24 13 2 0
24 13 3 0
24 13 4 0
24 14 0 3203
24 14 1 3203
24 14 2 3203
24 14 3 0
24 14 4 0
24 15 0 0
24 15 1 0
24 15 2 0
24 15 3 0
24 15 4 0
24 16 0 3434
24 16 1 3434
24 16 2 3434
24 16 3 0
24 16 4 0
24 17 0 0
24 17 1 0
24 17 2 0
24 17 3 0
24 17 4 0
24 18 0 4927
24 18 1 4927
24 18 2 4927
24 18 3 0
24 18 4 0
24 19 0 0
24 19 1 0
24 19 2 0
24 19 3 0
24 19 4 0
24 20 0 0
24 20 1 0
24 20 2 0
24 20 3 0
24 20 4 0
24 21 0 3221
24 21 1 3221
24 21 2 3221
24 21 3 0
24 21 4 0
24 22 0 0
24 22 1 0
24 22 2 0
24 22 3 0
24 22 4 0
24 23 0 0
24 23 1 0
24 23 2 0
24 23 3 0
24 23 4 0
24 25 0 4747
24 25 1 4747
24 25 2 4747
24 25 3 0
24 25 4 0
24 26 0 0
24 26 1 0
24 26 2 0
24 26 3 0
24 26 4 0
24 27 0 0
24 27 1 0
24 27 2 0
24 27 3 0
24 27 4 0
24 28 0 4275
24 28 1 4275
24 28 2 0
24 28 3 0
24 28 4 0
24 29 0 4046
24 29 1 4046
24 29 2 0
24 29 3 0
24 29 4 0
25 0 0 3625
25 0 1 3625
25 0 2 0
25 0 3 0
25 0 4 0
25 1 0 0
25 1 1 0
25 1 2 0
25 1 3 0
25 1 4 0
25 2 0 0
25 2 1 0
25 2 2 0
25 2 3 0
25 2 4 0
25 3 0 0
25 3 1 0
25 3 2 0
25 3 3 0
25 3 4 0
25 4 0 0
25 4 1 0
25 4 2 0
25 4 3 0
25 4 4 0
25 5 0 4651
25 5 1 4651
25 5 2 4651
25 5 3 0
25 5 4 0
25 6 0 0
25 6 1 0
25 6 2 0
25 6 3 0
25 6 4 0
25 7 0 0
25 7 1 0
25 7 2 0
25 7 3 0
25 7 4 0
25 8 0 0
25 8 1 0
25 8 2 0
25 8 3 0
25 8 4 0
25 9 0 3247
25 9 1 3247
25 9 2 3247
25 9 3 0
25 9 4 0
25 10 0 0
25 10 1 0
25 10 2 0
25 10 3 0
25 10 4 0
25 11 0 0
25 11 1 0
25 11 2 0
25 11 3 0
25 11 4 0
25 12 0 4942
25 12 1 4942
25 12 2 4942
25 12 3 0
25 12 4 0
25 13 0 0
25 13 1 0
25 13 2 0
25 13 3 0
25 13 4 0
25 14 0 3076
25 14 1 3076
25 14 2 3076
25 14 3 0
25 14 4 0
25 15 0 0
25 15 1 0
25 15 2 0
25 15 3 0
25 15 4 0
25 16 0 3083
25 16 1 3083
25 16 2 0
25 16 3 0
25 16 4 0
25 17 0 0
25 17 1 0
25 17 2 0
25 17 3 0
25 17 4 0
25 18 0 3211
25 18 1 3211
25 18 2 3211
25 18 3 0
25 18 4 0
25 19 0 0
25 19 1 0
25 19 2 0
25 19 3 0
25 19 4 0
25 20 0 0
25 20 1 0
25 20 2 0
25 20 3 0
25 20 4 0
25 21 0 0
25 21 1 0
25 21 2 0
25 21 3 0
25 21 4 0
25 22 0 4266
25 22 1 4266
25 22 2 4266
25 22 3 0
25 22 4 0
25 23 0 0
25 23 1 0
25 23 2 0
25 23 3 0
25 23 4 0
25 24 0 4747
25 24 1 4747
25 24 2 4747
25 24 3 0
25 24 4 0
25 26 0 3145
25 26 1 3145
25 26 2 0
25 26 3 0
25 26 4 0
25 27 0 0
25 27 1 0
25 27 2 0
25 27 3 0
25 27 4 0
25 28 0 3847
25 28 1 3847
25 28 2 3847
25 28 3 0
25 28 4 0
25 29 0 0
25 29 1 0
25 29 2 0
25 29 3 0
25 29 4 0
26 0 0 0
26 0 1 0
26 0 2 0
26 0 3 0
26 0 4 0
26 1 0 3989
26 1 1 3989
26 1 2 3989
26 1 3 0
26 1 4 0
26 2 0 3749
26 2 1 3749
26 2 2 0
26 2 3 0
26 2 4 0
26 3 0 3241
26 3 1 3241
26 3 2 0
26 3 3 0
26 3 4 0
26 4 0 0
26 4 1 0
26 4 2 0
26 4 3 0
26 4 4 0
26 5 0 3981
26 5 1 3981
26 5 2 0
26 5 3 0
26 5 4 0
26 6 0 0
26 6 1 0
26 6 2 0
26 6 3 0
26 6 4 0
26 7 0 3372
26 7 1 3372
26 7 2 3372
26 7 3 0
26 7 4 0
26 8 0 0
26 8 1 0
26 8 2 0
26 8 3 0
26 8 4 0
26 9 0 0
26 9 1 0
26 9 2 0
26 9 3 0
26 9 4 0
26 10 0 0
26 10 1 0
26 10 2 0
26 10 3 0
26 10 4 0
26 11 0 3242
26 11 1 3242
26 11 2 0
26 11 3 0
26 11 4 0
26 12 0 0
26 12 1 0
26 12 2 0
26 12 3 0
26 12 4 0
26 13 0 0
26 13 1 0
26 13 2 0
26 13 3 0
26 13 4 0
26 14 0 0
26 14 1 0
26 14 2 0
26 14 3 0
26 14 4 0
26 15 0 3924
26 15 1 3924
26 15 2 3924
26 15 3 0
26 15 4 0
26 16 0 0
26 16 1 0
26 16 2 0
26 16 3 0
26 16 4 0
26 17 0 0
26 17 1 0
26 17 2 0
26 17 3 0
26 17 4 0
26 18 0 0
26 18 1 0
26 18 2 0
26 18 3 0
26 18 4 0
26 19 0 3268
26 19 1 3268
26 19 2 3268
26 19 3 0
26 19 4 0
26 20 0 3246
26 20 1 3246
26 20 2 3246
26 20 3 0
26 20 4 0
26 21 0 0
26 21 1 0
26 21 2 0
26 21 3 0
26 21 4 0
26 22 0 0
26 22 1 0
26 22 2 0
26 22 3 0
26 22 4 0
26 23 0 3963
26 23 1 3963
26 23 2 0
26 23 3 0
26 23 4 0
26 24 0 0
26 24 1 0
26 24 2 0
26 24 3 0
26 24 4 0
26 25 0 3145
26 25 1 3145
26 25 2 0
26 25 3 0
26 25 4 0
26 27 0 3979
26 27 1 3979
26 27 2 3979
26 27 3 0
26 27 4 0
26 28 0 3165
26 28 1 3165
26 28 2 3165
26 28 3 0
26 28 4 0
26 29 0 0
26 29 1 0
26 29 2 0
26 29 3 0
26 29 4 0
27 0 0 0
27 0 1 0
27 0 2 0
27 0 3 0
27 0 4 0
27 1 0 0
27 1 1 0
27 1 2 0
27 1 3 0
27 1 4 0
27 2 0 3850
27 2 1 3850
27 2 2 3850
27 2 3 0
27 2 4 0
27 3 0 0
27 3 1 0
27 3 2 0
27 3 3 0
27 3 4 0
27 4 0 4216
27 4 1 4216
27 4 2 4216
27 4 3 0
27 4 4 0
27 5 0 3797
27 5 1 3797
27 5 2 3797
27 5 3 0
27 5 4 0
27 6 0 0
27 6 1 0
27 6 2 0
27 6 3 0
27 6 4 0
27 7 0 0
27 7 1 0
27 7 2 0
27 7 3 0
27 7 4 0
27 8 0 0
27 8 1 0
27 8 2 0
27 8 3 0
27 8 4 0
27 9 0 0
27 9 1 0
27 9 2 0
27 9 3 0
27 9 4 0
27 10 0 0
27 10 1 0
27 10 2 0
27 10 3 0
27 10 4 0
27 11 0 3914
27 11 1 3914
27 11 2 3914
27 11 3 0
27 11 4 0
27 12 0 0
27 12 1 0
27 12 2 0
27 12 3 0
27 12 4 0
27 13 0 3110
27 13 1 3110
27 13 2 0
27 13 3 0
27 13 4 0
27 14 0 3846
27 14 1 3846
27 14 2 0
27 14 3 0
27 14 4 0
27 15 0 3137
27 15 1 3137
27 15 2 3137
27 15 3 0
27 15 4 0
27 16 0 0
27 16 1 0
27 16 2 0
27 16 3 0
27 16 4 0
27 17 0 3801
27 17 1 3801
27 17 2 0
27 17 3 0
27 17 4 0
27 18 0 0
27 18 1 0
27 18 2 0
27 18 3 0
27 18 4 0
27 19 0 4968
27 19 1 4968
27 19 2 4968
27 19 3 0
27 19 4 0
27 20 0 3309
27 20 1 3309
27 20 2 3309
27 20 3 0
27 20 4 0
27 21 0 0
27 21 1 0
27 21 2 0
27 21 3 0
27 21 4 0
27 22 0 0
27 22 1 0
27 22 2 0
27 22 3 0
27 22 4 0
27 23 0 3656
27 23 1 3656
27 23 2 0
27 23 3 0
27 23 4 0
27 24 0 0
27 24 1 0
27 24 2 0
27 24 3 0
27 24 4 0
27 25 0 0
27 25 1 0
27 25 2 0
27 25 3 0
27 25 4 0
27 26 0 3979
27 26 1 3979
27 26 2 3979
27 26 3 0
27 26 4 0
27 28 0 0
27 28 1 0
27 28 2 0
27 28 3 0
27 28 4 0
27 29 0 4463
27 29 1 4463
27 29 2 0
27 29 3 0
27 29 4 0
28 0 0 0
28 0 1 0
28 0 2 0
28 0 3 0
28 0 4 0
28 1 0 0
28 1 1 0
28 1 2 0
28 1 3 0
28 1 4 0
28 2 0 0
28 2 1 0
28 2 2 0
28 2 3 0
28 2 4 0
28 3 0 4310
28 3 1 4310
28 3 2 0
28 3 3 0
28 3 4 0
28 4 0 0
28 4 1 0
28 4 2 0
28 4 3 0
28 4 4 0
28 5 0 3796
28 5 1 3796
28 5 2 3796
28 5 3 0
28 5 4 0
28 6 0 4122
28 6 1 4122
28 6 2 4122
28 6 3 0
28 6 4 0
28 7 0 4645
28 7 1 4645
28 7 2 4645
28 7 3 0
28 7 4 0
28 8 0 0
28 8 1 0
28 8 2 0
28 8 3 0
28 8 4 0
28 9 0 0
28 9 1 0
28 9 2 0
28 9 3 0
28 9 4 0
28 10 0 3346
28 10 1 3346
28 10 2 3346
28 10 3 0
28 10 4 0
28 11 0 0
28 11 1 0
28 11 2 0
28 11 3 0
28 11 4 0
28 12 0 4987
28 12 1 4987
28 12 2 0
28 12 3 0
28 12 4 0
28 13 0 3977
28 13 1 3977
28 13 2 0
28 13 3 0
28 13 4 0
28 14 0 0
28 14 1 0
28 14 2 0
28 14 3 0
28 14 4 0
28 15 0 0
28 15 1 0
28 15 2 0
28 15 3 0
28 15 4 0
28 16 0 0
28 16 1 0
28 16 2 0
28 16 3 0
28 16 4 0
28 17 0 0
28 17 1 0
28 17 2 0
28 17 3 0
28 17 4 0
28 18 0 4892
28 18 1 4892
28 18 2 4892
28 18 3 0
28 18 4 0
28 19 0 0
28 19 1 0
28 19 2 0
28 19 3 0
28 19 4 0
28 20 0 0
28 20 1 0
28 20 2 0
28 20 3 0
28 20 4 0
28 21 0 0
28 21 1 0
28 21 2 0
28 21 3 0
28 21 4 0
28 22 0 0
28 22 1 0
28 22 2 0
28 22 3 0
28 22 4 0
28 23 0 0
28 23 1 0
28 23 2 0
28 23 3 0
28 23 4 0
28 24 0 4275
28 24 1 4275
28 24 2 0
28 24 3 0
28 24 4 0
28 25 0 3847
28 25 1 3847
28 25 2 3847
28 25 3 0
28 25 4 0
28 26 0 3165
28 26 1 3165
28 26 2 3165
28 26 3 0
28 26 4 0
28 27 0 0
28 27 1 0
28 27 2 0
28 27 3 0
28 27 4 0
28 29 0 0
28 29 1 0
28 29 2 0
28 29 3 0
28 29 4 0
29 0 0 0
29 0 1 0
29 0 2 0
29 0 3 0
29 0 4 0
29 1 0 4953
29 1 1 4953
29 1 2 4953
29 1 3 0
29 1 4 0
29 2 0 4501
29 2 1 4501
29 2 2 0
29 2 3 0
29 2 4 0
29 3 0 4410
29 3 1 4410
29 3 2 0
29 3 3 0
29 3 4 0
29 4 0 0
29 4 1 0
29 4 2 0
29 4 3 0
29 4 4 0
29 5 0 0
29 5 1 0
29 5 2 0
29 5 3 0
29 5 4 0
29 6 0 4926
29 6 1 4926
29 6 2 0
29 6 3 0
29 6 4 0
29 7 0 0
29 7 1 0
29 7 2 0
29 7 3 0
29 7 4 0
29 8 0 3714
29 8 1 3714
29 8 2 0
29 8 3 0
29 8 4 0
29 9 0 3295
29 9 1 3295
29 9 2 3295
29 9 3 0
29 9 4 0
29 10 0 0
29 10 1 0
29 10 2 0
29 10 3 0
29 10 4 0
29 11 0 0
29 11 1 0
29 11 2 0
29 11 3 0
29 11 4 0
29 12 0 0
29 12 1 0
29 12 2 0
29 12 3 0
29 12 4 0
29 13 0 0
29 13 1 0
29 13 2 0
29 13 3 0
29 13 4 0
29 14 0 4260
29 14 1 4260
29 14 2 4260
29 14 3 0
29 14 4 0
29 15 0 0
29 15 1 0
29 15 2 0
29 15 3 0
29 15 4 0
29 16 0 3436
29 16 1 3436
29 16 2 0
29 16 3 0
29 16 4 0
29 17 0 3519
29 17 1 3519
29 17 2 0
29 17 3 0
29 17 4 0
29 18 0 3121
29 18 1 3121
29 18 2 0
29 18 3 0
29 18 4 0
29 19 0 0
29 19 1 0
29 19 2 0
29 19 3 0
29 19 4 0
29 20 0 0
29 20 1 0
29 20 2 0
29 20 3 0
29 20 4 0
29 21 0 0
29 21 1 0
29 21 2 0
29 21 3 0
29 21 4 0
29 22 0 0
29 22 1 0
29 22 2 0
29 22 3 0
29 22 4 0
29 23 0 3433
29 23 1 3433
29 23 2 0
29 23 3 0
29 23 4 0
29 24 0 4046
29 24 1 4046
29 24 2 0
29 24 3 0
29 24 4 0
29 25 0 0
29 25 1 0
29 25 2 0
29 25 3 0
29 25 4 0
29 26 0 0
29 26 1 0
29 26 2 0
29 26 3 0
29 26 4 0
29 27 0 4463
29 27 1 4463
29 27 2 0
29 27 3 0
29 27 4 0
29 28 0 0
29 28 1 0
29 28 2 0
29 28 3 0
29 28 4 0

