10 4 24 166

   0 1160  952 1109  905 1019 1104 1000 1037 1023 
 969    0  917 1153 1173 1145  986 1182  892 1107 
1133  957    0 1042 1025 1129 1074 1077 1070 1100 
1089  912  918    0 1062  957 1156 1155 1024 1054 
1060 1170 1040 1186    0  908 1003 1048 1080 1068 
 905 1061 1015 1186  925    0 1185 1151 1040 1061 
1147 1098 1141 1153  963 1177    0  892 1159 1158 
 933  997  976  965  902 1164  936    0 1071 1174 
 932  956  959 1092  989  894 1020 1037    0  914 
1008  935  922 1007 1146 1164  900 1017 1159    0 

   0  780  970  808  892 1092  635 1121  694  767 
 776    0  759  977 1145  751  791  915 1193  835 
 732  999    0  869 1161 1007 1102  974  848 1154 
 799  852 1005    0  943  676  630 1116  747  684 
 841  617  638 1048    0 1074  620 1069  717 1073 
 897  660  818  601 1013    0 1002  732  670 1123 
 656  625  935  613  844  625    0  832  836  805 
1185  748  655  640  928  943 1046    0  778  943 
 889  706 1106  924  920 1029 1041 1149    0  611 
1197 1187  984  700 1139  890  862  818  702    0 

0 265 725
1 273 934
2 501 772
3 594 842
4 233 1018
5 577 787
6 585 1046
7 597 1016
8 579 874
9 247 1017

0 7 3826 6751 2000 
0 1 4560 7290 2320 
0 8 6823 9536 3111 
0 1 2517 4841 2320 
0 6 7763 10029 2208 
0 4 4183 6653 1810 
0 7 1274 4154 3000 
0 3 8127 10793 2218 
0 9 3989 5960 4092 
0 2 2381 4660 2856 
0 9 8757 11081 4092 
1 2 255 2585 1834 
1 3 7367 10131 2306 
1 3 8278 11580 4612 
1 8 2229 6977 2676 
1 8 1861 4807 3568 
1 3 6702 9955 4612 
1 2 560 2366 1834 
1 6 7553 10669 1972 
1 7 3390 5604 3546 
1 4 7999 12510 3519 
1 6 4255 6991 3944 
1 8 3793 7956 2676 
1 3 2522 5189 4612 
1 4 2258 6380 3519 
1 3 7542 9730 2306 
1 0 6995 9555 1938 
1 0 4018 6943 1938 
1 0 1247 4343 2907 
1 5 6630 8267 3435 
1 6 2093 4220 2958 
2 7 2311 5700 2154 
2 6 3957 7009 4296 
2 5 682 4025 2258 
2 9 5410 8041 3300 
2 8 6694 8483 3210 
2 8 219 2754 2140 
2 0 8464 10030 4532 
2 4 5139 8308 2050 
3 7 5943 8721 4620 
3 6 3500 5301 2312 
3 2 7287 10804 2754 
3 7 7180 10438 3465 
3 4 8006 11570 4248 
3 2 2356 4587 1836 
3 4 8173 10615 3186 
3 9 5894 7433 2108 
3 5 343 2073 1914 
3 1 5693 8138 1824 
3 5 3831 6399 3828 
3 1 6671 9431 3648 
3 7 4774 8077 4620 
4 9 4361 7944 3204 
4 9 1282 5112 3204 
4 9 5184 8918 4272 
4 5 1219 5472 2724 
4 1 8217 10283 2340 
4 8 2295 4610 3240 
4 9 3508 7231 3204 
4 5 3618 6442 3632 
4 8 1725 3603 4320 
4 1 3230 4729 3510 
4 3 4196 7958 2372 
4 2 2050 4136 3120 
4 9 2057 4299 2136 
4 6 4099 5711 4012 
4 8 4042 6608 2160 
4 8 8700 11395 2160 
5 7 3921 5794 2302 
5 3 8466 10815 2372 
5 3 8194 10165 3558 
5 0 7796 10522 1810 
5 1 7212 9667 4244 
5 3 7960 9877 2372 
5 3 2222 3688 2372 
5 6 7181 9866 4740 
5 1 3900 5992 4244 
5 3 4630 6457 3558 
5 0 4190 7464 3620 
5 3 1074 3201 3558 
6 1 5541 7534 4392 
6 1 8026 10057 3294 
6 9 5406 7426 3474 
6 3 1438 2713 4612 
6 7 43 3096 3568 
6 2 8919 11808 2282 
6 4 5341 7822 2889 
6 5 5817 7592 4708 
6 0 7765 9923 2294 
6 9 1677 4438 3474 
6 2 9072 11147 3423 
6 8 8929 11244 3477 
6 9 318 2153 2316 
6 9 8290 10230 3474 
6 5 8495 10057 3531 
6 9 1146 2908 3474 
6 1 2384 4384 4392 
6 4 4951 6689 1926 
6 1 4344 6325 3294 
7 0 207 4141 2799 
7 6 395 3083 2808 
7 4 8205 11861 3608 
7 6 4937 7635 1872 
7 9 2716 6214 2348 
7 1 3345 4878 3988 
7 2 9020 11581 1952 
7 1 5777 8080 1994 
7 1 3988 6217 2991 
7 1 8355 10995 2991 
7 0 7732 10493 3732 
7 2 4096 5484 1952 
7 4 9063 12543 2706 
7 5 4203 7654 2328 
7 6 5067 7326 2808 
7 2 1561 3964 3904 
7 9 5940 8844 3522 
7 3 7657 10172 1930 
7 9 9142 11235 2348 
7 6 3737 7554 1872 
7 2 1983 4354 2928 
8 4 2672 5321 2967 
8 6 1753 4490 3060 
8 9 8701 10527 2742 
8 4 652 2860 1978 
8 7 78 3145 4148 
8 4 4547 6957 1978 
8 0 1929 3778 3728 
8 5 611 3872 3576 
8 6 1016 5023 4080 
8 9 1025 2375 2742 
8 9 8557 10261 3656 
8 7 4812 8477 3111 
8 2 3801 7683 3836 
8 7 5160 9664 4148 
8 4 5159 8618 3956 
8 4 1969 4480 2967 
8 2 4322 7009 2877 
8 5 3552 6073 2682 
8 1 5138 7171 3824 
8 6 7187 10820 4080 
8 1 958 3386 3824 
8 2 5015 7448 3836 
9 0 2493 5222 2016 
9 2 4552 6903 1844 
9 4 8122 10502 4584 
9 7 5776 7853 4068 
9 3 5218 7240 4028 
9 0 4758 9210 3024 
9 1 4827 8720 3740 
9 7 5859 7724 2034 
9 5 4808 7620 4656 
9 3 8701 11354 3021 
9 4 5707 9670 2292 
9 2 8847 11090 3688 
9 3 2022 4451 4028 
9 7 934 3257 3051 
9 6 7892 11021 2700 
9 6 839 3580 3600 
9 1 5789 8590 2805 
9 4 7368 11468 3438 
9 2 2551 4814 3688 
9 1 2138 5888 1870 
9 3 1499 3340 3021 
9 1 6740 10051 3740 
9 5 8133 10527 3492 
9 0 3244 6260 2016 

0 1 0 0
0 1 1 0
0 1 2 0
0 1 3 0
0 1 4 0
0 2 0 3426
0 2 1 3426
0 2 2 3426
0 2 3 0
0 2 4 0
0 3 0 0
0 3 1 0
0 3 2 0
0 3 3 0
0 3 4 0
0 4 0 3501
0 4 1 3501
0 4 2 3501
0 4 3 0
0 4 4 0
0 5 0 3450
0 5 1 3450
0 5 2 0
0 5 3 0
0 5 4 0
0 6 0 0
0 6 1 0
0 6 2 0
0 6 3 0
0 6 4 0
0 7 0 3583
0 7 1 3583
0 7 2 0
0 7 3 0
0 7 4 0
0 8 0 0
0 8 1 0
0 8 2 0
0 8 3 0
0 8 4 0
0 9 0 3361
0 9 1 3361
0 9 2 0
0 9 3 0
0 9 4 0
1 0 0 0
1 0 1 0
1 0 2 0
1 0 3 0
1 0 4 0
1 2 0 3917
1 2 1 3917
1 2 2 3917
1 2 3 0
1 2 4 0
1 3 0 0
1 3 1 0
1 3 2 0
1 3 3 0
1 3 4 0
1 4 0 0
1 4 1 0
1 4 2 0
1 4 3 0
1 4 4 0
1 5 0 0
1 5 1 0
1 5 2 0
1 5 3 0
1 5 4 0
1 6 0 0
1 6 1 0
1 6 2 0
1 6 3 0
1 6 4 0
1 7 0 0
1 7 1 0
1 7 2 0
1 7 3 0
1 7 4 0
1 8 0 3692
1 8 1 3692
1 8 2 0
1 8 3 0
1 8 4 0
1 9 0 0
1 9 1 0
1 9 2 0
1 9 3 0
1 9 4 0
2 0 0 0
2 0 1 0
2 0 2 0
2 0 3 0
2 0 4 0
2 1 0 3020
2 1 1 3020
2 1 2 3020
2 1 3 0
2 1 4 0
2 3 0 3381
2 3 1 3381
2 3 2 0
2 3 3 0
2 3 4 0
2 4 0 0
2 4 1 0
2 4 2 0
2 4 3 0
2 4 4 0
2 5 0 0
2 5 1 0
2 5 2 0
2 5 3 0
2 5 4 0
2 6 0 3147
2 6 1 3147
2 6 2 0
2 6 3 0
2 6 4 0
2 7 0 0
2 7 1 0
2 7 2 0
2 7 3 0
2 7 4 0
2 8 0 0
2 8 1 0
2 8 2 0
2 8 3 0
2 8 4 0
2 9 0 0
2 9 1 0
2 9 2 0
2 9 3 0
2 9 4 0
3 0 0 3625
3 0 1 3625
3 0 2 0
3 0 3 0
3 0 4 0
3 1 0 0
3 1 1 0
3 1 2 0
3 1 3 0
3 1 4 0
3 2 0 3698
3 2 1 3698
3 2 2 0
3 2 3 0
3 2 4 0
3 4 0 0
3 4 1 0
3 4 2 0
3 4 3 0
3 4 4 0
3 5 0 0
3 5 1 0
3 5 2 0
3 5 3 0
3 5 4 0
3 6 0 0
3 6 1 0
3 6 2 0
3 6 3 0
3 6 4 0
3 7 0 0
3 7 1 0
3 7 2 0
3 7 3 0
3 7 4 0
3 8 0 0
3 8 1 0
3 8 2 0
3 8 3 0
3 8 4 0
3 9 0 0
3 9 1 0
3 9 2 0
3 9 3 0
3 9 4 0
4 0 0 0
4 0 1 0
4 0 2 0
4 0 3 0
4 0 4 0
4 1 0 0
4 1 1 0
4 1 2 0
4 1 3 0
4 1 4 0
4 2 0 0
4 2 1 0
4 2 2 0
4 2 3 0
4 2 4 0
4 3 0 0
4 3 1 0
4 3 2 0
4 3 3 0
4 3 4 0
4 5 0 0
4 5 1 0
4 5 2 0
4 5 3 0
4 5 4 0
4 6 0 0
4 6 1 0
4 6 2 0
4 6 3 0
4 6 4 0
4 7 0 0
4 7 1 0
4 7 2 0
4 7 3 0
4 7 4 0
4 8 0 3468
4 8 1 3468
4 8 2 3468
4 8 3 0
4 8 4 0
4 9 0 3324
4 9 1 3324
4 9 2 3324
4 9 3 0
4 9 4 0
5 0 0 0
5 0 1 0
5 0 2 0
5 0 3 0
5 0 4 0
5 1 0 3712
5 1 1 3712
5 1 2 3712
5 1 3 0
5 1 4 0
5 2 0 0
5 2 1 0
5 2 2 0
5 2 3 0
5 2 4 0
5 3 0 3913
5 3 1 3913
5 3 2 3913
5 3 3 0
5 3 4 0
5 4 0 3512
5 4 1 3512
5 4 2 0
5 4 3 0
5 4 4 0
5 6 0 0
5 6 1 0
5 6 2 0
5 6 3 0
5 6 4 0
5 7 0 0
5 7 1 0
5 7 2 0
5 7 3 0
5 7 4 0
5 8 0 3320
5 8 1 3320
5 8 2 0
5 8 3 0
5 8 4 0
5 9 0 0
5 9 1 0
5 9 2 0
5 9 3 0
5 9 4 0
6 0 0 0
6 0 1 0
6 0 2 0
6 0 3 0
6 0 4 0
6 1 0 0
6 1 1 0
6 1 2 0
6 1 3 0
6 1 4 0
6 2 0 3657
6 2 1 3657
6 2 2 3657
6 2 3 0
6 2 4 0
6 3 0 0
6 3 1 0
6 3 2 0
6 3 3 0
6 3 4 0
6 4 0 0
6 4 1 0
6 4 2 0
6 4 3 0
6 4 4 0
6 5 0 0
6 5 1 0
6 5 2 0
6 5 3 0
6 5 4 0
6 7 0 0
6 7 1 0
6 7 2 0
6 7 3 0
6 7 4 0
6 8 0 0
6 8 1 0
6 8 2 0
6 8 3 0
6 8 4 0
6 9 0 0
6 9 1 0
6 9 2 0
6 9 3 0
6 9 4 0
7 0 0 0
7 0 1 0
7 0 2 0
7 0 3 0
7 0 4 0
7 1 0 0
7 1 1 0
7 1 2 0
7 1 3 0
7 1 4 0
7 2 0 3894
7 2 1 3894
7 2 2 0
7 2 3 0
7 2 4 0
7 3 0 0
7 3 1 0
7 3 2 0
7 3 3 0
7 3 4 0
7 4 0 0
7 4 1 0
7 4 2 0
7 4 3 0
7 4 4 0
7 5 0 3775
7 5 1 3775
7 5 2 0
7 5 3 0
7 5 4 0
7 6 0 0
7 6 1 0
7 6 2 0
7 6 3 0
7 6 4 0
7 8 0 3841
7 8 1 3841
7 8 2 3841
7 8 3 0
7 8 4 0
7 9 0 0
7 9 1 0
7 9 2 0
7 9 3 0
7 9 4 0
8 0 0 0
8 0 1 0
8 0 2 0
8 0 3 0
8 0 4 0
8 1 0 0
8 1 1 0
8 1 2 0
8 1 3 0
8 1 4 0
8 2 0 0
8 2 1 0
8 2 2 0
8 2 3 0
8 2 4 0
8 3 0 0
8 3 1 0
8 3 2 0
8 3 3 0
8 3 4 0
8 4 0 3051
8 4 1 3051
8 4 2 0
8 4 3 0
8 4 4 0
8 5 0 3096
8 5 1 3096
8 5 2 0
8 5 3 0
8 5 4 0
8 6 0 0
8 6 1 0
8 6 2 0
8 6 3 0
8 6 4 0
8 7 0 0
8 7 1 0
8 7 2 0
8 7 3 0
8 7 4 0
8 9 0 0
8 9 1 0
8 9 2 0
8 9 3 0
8 9 4 0
9 0 0 0
9 0 1 0
9 0 2 0
9 0 3 0
9 0 4 0
9 1 0 0
9 1 1 0
9 1 2 0
9 1 3 0
9 1 4 0
9 2 0 0
9 2 1 0
9 2 2 0
9 2 3 0
9 2 4 0
9 3 0 3014
9 3 1 3014
9 3 2 0
9 3 3 0
9 3 4 0
9 4 0 0
9 4 1 0
9 4 2 0
9 4 3 0
9 4 4 0
9 5 0 0
9 5 1 0
9 5 2 0
9 5 3 0
9 5 4 0
9 6 0 0
9 6 1 0
9 6 2 0
9 6 3 0
9 6 4 0
9 7 0 0
9 7 1 0
9 7 2 0
9 7 3 0
9 7 4 0
9 8 0 0
9 8 1 0
9 8 2 0
9 8 3 0
9 8 4 0

