20 4 24 322

   0 1130  924 1011  888 1121  972 1081  912 1069 1172 1043  993 1130 1074 1106  905  970 1174  997 
1042    0  931  930  947 1080  989 1035  889 1155  937  916  954 1160 1067  937 1080 1002 1123 1098 
1002  989    0 1170 1181  935 1045 1036  923 1036  981 1003 1056 1152 1134 1027  937  915 1090 1119 
 970 1183 1006    0 1081  922 1022 1114 1155  947  957 1130  916 1110 1062 1148  965 1069 1019  909 
 937  903 1123 1134    0 1106  889 1094 1179  899  925 1044  993 1170 1100 1028 1061 1090  945  994 
1050  958 1085  957 1077    0  892  919 1111 1041 1079 1072 1159 1102 1016 1133 1159  928 1066  996 
 902 1185  968 1023 1052 1014    0  957  958  904 1010 1002 1149 1046  893 1167 1142 1005  974 1116 
1174 1162 1162 1000  963  908 1184    0  910  961 1018 1110  894 1063  987  928 1028 1151 1122  930 
1005 1023  901 1047  915  927 1132  927    0 1116  996 1094 1185  932 1107 1006 1000 1164 1027  972 
 945  915 1113 1035 1080  914 1076 1066  895    0 1049 1143  995 1186 1160  918 1140  997 1021 1134 
 943  992 1009 1129 1050 1116 1078 1153 1074 1184    0  911 1083 1106 1107 1038  983 1025  899 1167 
1068  971 1040 1156 1006 1096 1133  934 1127 1130  972    0  926  910 1059  908  891 1082 1149 1186 
 926 1154  921 1078  968 1079 1136  911 1044 1004  922 1005    0 1063  992  924 1041 1133 1184 1026 
1009 1109  977 1152  975  894 1074 1112 1033 1079 1042 1158 1059    0 1108  948 1179 1188 1086  965 
1059  997 1137 1177 1125  995 1138  967  996 1069  913 1046  889 1028    0 1008  960 1000  994 1163 
1113 1020  980 1088 1157  912 1030 1026  984 1043 1097  942 1173 1121 1127    0 1109 1037  908  963 
 914  995 1091  981 1173 1082 1171  961  962 1009  896 1124  946  951 1002 1025    0 1002 1061 1142 
 899 1123 1149 1127 1145 1001 1097 1082 1088  894  935  910  901 1040 1118 1139 1124    0  918 1011 
 976 1158 1187 1063 1093 1012  894 1024 1093  918 1094  948  985 1137 1173 1035 1087 1051    0  970 
 958 1171  903 1081 1053  948 1122 1025 1083 1067  888 1115 1026  988 1005  963 1060  975  890    0 

   0 1193  693 1016 1164 1191  757  851  843  845 1110  982 1095 1168  743  701 1194  801  865 1057 
 869    0 1074  722  800  836  871 1178  691  784  618  743  767  880  751  917  957  735 1046  936 
 629  872    0  903  665  935 1076  703  665 1025  774  950 1062 1197 1149 1095  630  963  799  647 
1011  915  815    0  656 1147  858  737  746 1099 1120  819  901  862  662  824  763 1057  648 1148 
 885  717 1120 1107    0  776 1163  750 1153 1022  615 1122 1146  794 1196  729  629  639 1118  835 
1044 1158 1070 1158  715    0  912 1076  890  900 1039 1088 1148 1065 1032 1185 1138  931  700  777 
 611  864  654 1083 1087 1078    0  745  781 1046  848 1198  627  828  612 1099 1159 1175  805  808 
 624  653 1101  610 1200 1142 1113    0  974 1147  875  619  667 1183  665 1114  880  952  906  798 
 632 1031  797  822  737 1182  920  747    0  667  880 1072 1168  860  957 1048  607  807 1105  700 
1198  745  912 1016  919 1186 1127  853  865    0  984  913  608  864 1178  678  851 1040  606  973 
1174 1040  862  871  881  851 1172  859  721 1090    0 1198  956  891  873 1154 1097  998  867  774 
 968  677 1130  741  794 1114 1057  773 1036 1013 1007    0 1124  618  716  832  956 1010 1063  689 
 875  887 1041  704  798  800 1116  824  832 1090 1153 1051    0  656  703  949  709 1041  734 1182 
1199 1170  832 1168 1074  698  733 1081  811  863  701  981 1135    0 1128  765  897  675  780 1102 
 884 1070  988  647 1163  975  639 1003  816 1108 1173 1187 1064  652    0  847 1118  738  955  938 
1071  726 1098 1142 1076  737  746  837  758  702 1141 1132  729 1043  676    0  631  694  715 1119 
 834  972  734  681  884 1085  990 1192 1045  930 1109 1128  677 1041  804  703    0  910  960  857 
 757  621  872 1079 1103  714 1056 1063 1015 1085  980  911 1166 1137 1044  669  799    0  781 1191 
1143  847  642 1028  719  885  701 1021  643 1158 1101  879  773  821  703 1137  883  852    0  858 
 975  805 1017 1130  653  798  836 1171 1179  748  623  699  776  799  998  653 1100  886  911    0 

0 311 890
1 364 1035
2 326 945
3 637 834
4 440 702
5 379 1016
6 652 966
7 322 972
8 598 764
9 275 783
10 492 702
11 556 998
12 375 918
13 591 1031
14 491 834
15 531 913
16 297 853
17 478 809
18 216 770
19 371 880

0 7 14675 18010 3243 
0 5 1599 5136 2242 
0 5 8379 12476 3363 
0 19 904 4476 3988 
0 6 7505 9026 2916 
0 2 8742 10620 2772 
0 15 6165 8772 3318 
0 13 12646 15566 4520 
0 8 14223 16397 1824 
0 4 13605 16386 1776 
0 16 13312 16691 3620 
0 3 5239 8165 4044 
0 15 17329 18850 4424 
0 6 7314 9017 3888 
0 5 4438 8582 3363 
0 3 1945 4911 2022 
0 18 8663 12105 3522 
0 17 14123 16526 2910 
0 6 7659 10664 2916 
0 9 13794 17072 4276 
0 13 8861 12575 2260 
0 18 2088 5539 2348 
0 3 12914 15657 3033 
1 18 3227 7275 4492 
1 16 9987 13422 2160 
1 13 9831 13078 2320 
1 6 3217 6657 1978 
1 4 15884 18812 1894 
1 8 4231 5834 1778 
1 7 13211 16568 4140 
1 16 261 3849 3240 
2 12 16835 19914 4224 
2 13 8720 12035 3456 
2 6 16902 19774 2090 
2 7 10906 12586 3108 
2 15 16709 20651 3081 
2 15 16512 19238 2054 
2 10 844 3344 3924 
2 0 1138 3559 2004 
2 13 439 3850 4608 
2 3 9368 12374 4680 
2 11 10813 14176 3009 
2 8 7642 9843 2769 
2 11 16892 19457 4012 
2 12 12711 14835 4224 
2 14 6685 10442 4536 
3 15 16932 19296 3444 
3 8 15935 18419 3465 
3 15 8596 10433 3444 
3 17 12337 15254 2138 
3 11 4827 7218 3390 
3 8 2017 3829 4620 
3 1 6352 8895 3549 
3 13 9541 12971 2220 
3 5 7933 11167 2766 
3 18 10794 13288 2038 
3 17 13262 16728 3207 
3 5 5154 9592 1844 
3 17 6656 9446 4276 
3 6 17000 20311 3066 
3 5 13194 15568 1844 
3 7 8669 11373 2228 
3 2 7951 9841 4024 
3 9 4412 7730 2841 
4 5 17538 19920 3318 
4 10 12343 14489 2775 
4 11 11174 15605 3132 
4 18 3042 5714 1890 
4 6 12567 16149 1778 
4 19 7897 9859 2982 
4 14 12652 15235 4400 
4 14 15379 19553 3300 
4 7 2838 5395 4376 
4 16 14060 15594 3183 
4 1 2216 3843 1806 
4 17 13061 15610 3270 
4 9 3340 5394 3596 
4 13 16350 18120 3510 
4 18 4929 8674 2835 
4 14 4440 7274 2200 
5 6 819 3226 2676 
5 0 6662 9919 2100 
5 10 11313 14294 2158 
5 14 13150 15399 3048 
5 7 7739 10515 1838 
5 2 7793 10275 2170 
5 17 4863 6929 2784 
5 3 0 3149 3828 
5 11 12503 16049 2144 
5 7 10457 14448 3676 
5 12 4256 7309 3477 
5 13 3080 7158 4408 
5 2 3651 7374 4340 
5 17 10236 13205 1856 
5 4 14201 15723 2154 
5 17 16296 19535 1856 
5 4 9747 11992 4308 
5 18 17549 20104 3198 
5 0 1845 4131 2100 
5 3 7705 10993 2871 
5 13 13211 16501 3306 
6 12 14610 16334 4596 
6 9 10369 12670 2712 
6 14 13904 16046 3572 
6 5 973 4465 2028 
6 13 13759 16284 3138 
6 16 7333 10103 3426 
6 12 397 1663 3447 
6 7 360 3220 2871 
6 12 16030 17309 3447 
6 5 4478 7453 2028 
6 2 4681 6355 1936 
6 8 12471 15438 3832 
6 14 16839 18944 3572 
6 14 5193 7188 3572 
6 12 1305 3480 3447 
6 11 4062 7344 3006 
6 1 8474 11221 4740 
6 0 7335 8941 1804 
6 0 5158 7547 1804 
6 15 17184 21206 4668 
6 3 847 5114 2046 
7 5 742 4796 1816 
7 12 7604 9851 3576 
7 13 8688 11527 2126 
7 9 7234 11535 2883 
7 1 3466 5235 2324 
7 10 13107 15110 4072 
7 15 13094 17160 2784 
7 4 9982 14602 1926 
7 10 8856 10754 2036 
8 12 10784 14252 2370 
8 19 15813 18144 3888 
8 5 7038 10749 3708 
8 0 16348 17624 4020 
8 0 15917 17484 3015 
8 3 2881 4664 3141 
8 4 14883 17735 1830 
8 7 397 2331 2781 
8 9 4937 6671 2232 
8 0 7832 9171 2010 
8 17 15180 18093 3492 
8 13 3372 6511 2796 
8 14 3501 5931 3321 
8 18 2323 4997 4108 
8 0 4684 6813 4020 
8 18 14514 18083 3081 
8 2 10455 12136 2703 
8 3 8368 10118 4188 
8 9 13806 15213 2232 
8 17 8414 10060 4656 
8 4 5083 7375 1830 
8 16 15080 16385 2000 
8 15 9838 12793 4024 
8 4 7303 8872 1830 
9 12 11375 13077 2985 
9 13 4854 7212 2372 
9 18 13998 15767 4084 
9 12 17179 19015 1990 
9 17 6842 10284 3988 
9 7 13341 15464 2132 
9 19 3666 6390 2268 
9 15 4021 6055 1836 
9 17 4862 8429 3988 
9 8 8119 11380 3580 
9 3 6389 8837 4140 
9 3 15251 17293 4140 
9 12 15712 17639 2985 
9 11 7782 10521 4572 
9 10 14477 17891 4196 
10 18 67 2832 3596 
10 6 7969 12645 3234 
10 2 9486 12278 4036 
10 5 4834 7361 2232 
10 2 9699 11845 3027 
10 11 8041 11059 3644 
10 0 9642 14232 1886 
10 12 15552 18018 3249 
10 11 14469 17991 1822 
10 9 10303 14019 4736 
10 18 14903 16680 3596 
10 18 190 2955 3596 
10 8 10123 12805 3222 
10 18 13339 16122 2697 
11 1 6819 8186 3884 
11 6 12397 15102 4532 
11 16 9508 12337 1782 
11 10 8447 10481 1944 
11 14 14278 16676 2118 
11 14 7753 9607 3177 
11 15 3120 6231 3632 
11 5 1887 4304 2192 
11 17 1988 4644 2164 
11 1 7785 9477 2913 
11 3 1505 3401 4624 
11 4 6284 8570 2012 
11 7 16882 18590 2802 
11 5 10483 13702 4384 
11 5 14994 18324 2192 
12 7 17550 19511 1822 
12 16 1194 3696 3123 
12 8 6325 8454 4176 
12 16 7542 9137 2082 
12 3 15473 17732 2156 
12 4 14022 15665 1936 
12 8 2563 4385 2088 
12 5 14930 17314 3237 
12 15 1294 3571 2772 
12 7 1305 4098 2733 
12 14 16707 18218 2976 
12 7 7874 10065 3644 
12 11 8231 10711 2010 
12 1 10747 13257 2308 
12 9 9219 13295 4016 
12 17 5238 8496 4532 
12 11 2308 5345 4020 
12 16 12966 15015 3123 
12 13 3196 5478 4252 
12 19 6288 9455 3078 
12 16 16487 18323 2082 
12 4 10541 12775 3872 
12 4 15336 16963 2904 
13 2 10691 13935 3908 
13 3 9963 12567 4608 
13 14 8901 12081 3324 
13 14 15663 18889 2216 
13 0 1212 5156 4036 
13 2 6594 8374 2931 
13 3 8097 10631 3456 
13 17 1530 4135 2376 
13 6 1513 3147 4296 
13 19 7270 10950 1930 
13 7 1910 4709 4448 
13 11 7745 10305 4632 
13 6 14277 16263 3222 
13 3 17204 20824 2304 
13 8 1940 3797 2066 
13 18 8017 9584 2172 
13 3 6461 8995 3456 
13 8 16737 19170 2066 
13 7 6692 9124 2224 
14 16 9008 12306 3840 
14 16 5256 8296 3840 
14 0 13005 15886 3177 
14 4 6910 10375 3375 
14 5 17503 19472 3980 
14 11 7219 10934 2092 
14 6 8467 10249 2276 
14 3 14357 16013 2354 
15 16 15629 17585 3327 
15 13 1173 3530 3363 
15 12 4231 6695 2346 
15 16 13121 14483 3327 
15 14 7514 9170 4508 
15 16 14871 16801 2218 
15 5 10447 13269 1824 
15 13 15468 18763 2242 
15 19 3703 7272 3852 
15 0 13856 18107 3339 
15 10 588 3474 2194 
15 17 10946 12340 3111 
15 1 3760 5778 3060 
15 9 242 2144 3129 
15 2 11158 15077 2940 
15 3 14281 16964 4352 
15 16 1564 3728 2218 
15 17 13724 15910 4148 
16 6 8365 12028 3513 
16 17 6351 9645 3006 
16 4 2387 4163 3519 
16 11 1487 4013 2248 
16 7 6229 9709 2883 
16 9 13312 16669 3027 
16 12 14424 17091 3784 
16 8 1920 4386 1924 
16 19 9505 11690 3426 
16 14 13401 15547 2004 
16 0 14890 17392 3656 
16 14 9948 13059 4008 
16 15 8371 10093 4100 
16 4 8751 10740 4692 
17 19 2050 5337 3033 
17 13 2727 6308 3120 
17 15 10321 12160 4556 
17 7 10736 13648 2164 
17 15 1723 3341 3417 
17 8 16447 19177 2176 
17 8 8205 11838 4352 
17 5 7618 9717 4004 
17 14 9736 13129 2236 
17 4 16738 20455 2290 
17 14 5032 8331 2236 
17 9 16899 20034 3576 
17 3 10009 13709 4508 
17 5 6881 8780 2002 
17 19 14259 18248 2022 
18 16 15362 17216 3261 
18 3 7212 9946 2126 
18 1 3418 5925 4632 
18 1 869 3782 4632 
18 2 9868 12307 4748 
18 1 7277 10360 3474 
18 19 4987 8204 3880 
18 14 17510 20104 3519 
18 14 4222 6113 4692 
18 11 1341 3907 3792 
18 16 2856 6078 3261 
19 2 1251 3518 2709 
19 12 6365 9399 2052 
19 1 7400 9984 4684 
19 2 2856 6425 3612 
19 11 4499 6176 3345 
19 8 4408 7744 2166 
19 8 9987 13217 3249 
19 8 7353 11668 2166 
19 4 14842 17107 4212 
19 0 8132 10754 3832 
19 10 4482 6942 3552 
19 17 5187 7694 1950 
19 2 16536 19414 3612 
19 9 2767 5467 4268 
19 18 8013 11228 2670 

0 1 0 0
0 1 1 0
0 1 2 0
0 1 3 0
0 1 4 0
0 2 0 3116
0 2 1 3116
0 2 2 0
0 2 3 0
0 2 4 0
0 3 0 0
0 3 1 0
0 3 2 0
0 3 3 0
0 3 4 0
0 4 0 3065
0 4 1 3065
0 4 2 3065
0 4 3 0
0 4 4 0
0 5 0 0
0 5 1 0
0 5 2 0
0 5 3 0
0 5 4 0
0 6 0 0
0 6 1 0
0 6 2 0
0 6 3 0
0 6 4 0
0 7 0 0
0 7 1 0
0 7 2 0
0 7 3 0
0 7 4 0
0 8 0 0
0 8 1 0
0 8 2 0
0 8 3 0
0 8 4 0
0 9 0 0
0 9 1 0
0 9 2 0
0 9 3 0
0 9 4 0
0 10 0 0
0 10 1 0
0 10 2 0
0 10 3 0
0 10 4 0
0 11 0 0
0 11 1 0
0 11 2 0
0 11 3 0
0 11 4 0
0 12 0 0
0 12 1 0
0 12 2 0
0 12 3 0
0 12 4 0
0 13 0 0
0 13 1 0
0 13 2 0
0 13 3 0
0 13 4 0
0 14 0 0
0 14 1 0
0 14 2 0
0 14 3 0
0 14 4 0
0 15 0 0
0 15 1 0
0 15 2 0
0 15 3 0
0 15 4 0
0 16 0 0
0 16 1 0
0 16 2 0
0 16 3 0
0 16 4 0
0 17 0 0
0 17 1 0
0 17 2 0
0 17 3 0
0 17 4 0
0 18 0 0
0 18 1 0
0 18 2 0
0 18 3 0
0 18 4 0
0 19 0 0
0 19 1 0
0 19 2 0
0 19 3 0
0 19 4 0
1 0 0 0
1 0 1 0
1 0 2 0
1 0 3 0
1 0 4 0
1 2 0 0
1 2 1 0
1 2 2 0
1 2 3 0
1 2 4 0
1 3 0 3631
1 3 1 3631
1 3 2 0
1 3 3 0
1 3 4 0
1 4 0 0
1 4 1 0
1 4 2 0
1 4 3 0
1 4 4 0
1 5 0 0
1 5 1 0
1 5 2 0
1 5 3 0
1 5 4 0
1 6 0 0
1 6 1 0
1 6 2 0
1 6 3 0
1 6 4 0
1 7 0 0
1 7 1 0
1 7 2 0
1 7 3 0
1 7 4 0
1 8 0 0
1 8 1 0
1 8 2 0
1 8 3 0
1 8 4 0
1 9 0 0
1 9 1 0
1 9 2 0
1 9 3 0
1 9 4 0
1 10 0 3197
1 10 1 3197
1 10 2 3197
1 10 3 0
1 10 4 0
1 11 0 3228
1 11 1 3228
1 11 2 3228
1 11 3 0
1 11 4 0
1 12 0 0
1 12 1 0
1 12 2 0
1 12 3 0
1 12 4 0
1 13 0 0
1 13 1 0
1 13 2 0
1 13 3 0
1 13 4 0
1 14 0 0
1 14 1 0
1 14 2 0
1 14 3 0
1 14 4 0
1 15 0 0
1 15 1 0
1 15 2 0
1 15 3 0
1 15 4 0
1 16 0 0
1 16 1 0
1 16 2 0
1 16 3 0
1 16 4 0
1 17 0 3794
1 17 1 3794
1 17 2 0
1 17 3 0
1 17 4 0
1 18 0 0
1 18 1 0
1 18 2 0
1 18 3 0
1 18 4 0
1 19 0 0
1 19 1 0
1 19 2 0
1 19 3 0
1 19 4 0
2 0 0 3454
2 0 1 3454
2 0 2 3454
2 0 3 0
2 0 4 0
2 1 0 0
2 1 1 0
2 1 2 0
2 1 3 0
2 1 4 0
2 3 0 3062
2 3 1 3062
2 3 2 3062
2 3 3 0
2 3 4 0
2 4 0 3272
2 4 1 3272
2 4 2 0
2 4 3 0
2 4 4 0
2 5 0 0
2 5 1 0
2 5 2 0
2 5 3 0
2 5 4 0
2 6 0 0
2 6 1 0
2 6 2 0
2 6 3 0
2 6 4 0
2 7 0 0
2 7 1 0
2 7 2 0
2 7 3 0
2 7 4 0
2 8 0 0
2 8 1 0
2 8 2 0
2 8 3 0
2 8 4 0
2 9 0 0
2 9 1 0
2 9 2 0
2 9 3 0
2 9 4 0
2 10 0 3748
2 10 1 3748
2 10 2 0
2 10 3 0
2 10 4 0
2 11 0 0
2 11 1 0
2 11 2 0
2 11 3 0
2 11 4 0
2 12 0 0
2 12 1 0
2 12 2 0
2 12 3 0
2 12 4 0
2 13 0 3201
2 13 1 3201
2 13 2 3201
2 13 3 0
2 13 4 0
2 14 0 0
2 14 1 0
2 14 2 0
2 14 3 0
2 14 4 0
2 15 0 3424
2 15 1 3424
2 15 2 3424
2 15 3 0
2 15 4 0
2 16 0 0
2 16 1 0
2 16 2 0
2 16 3 0
2 16 4 0
2 17 0 3713
2 17 1 3713
2 17 2 0
2 17 3 0
2 17 4 0
2 18 0 0
2 18 1 0
2 18 2 0
2 18 3 0
2 18 4 0
2 19 0 0
2 19 1 0
2 19 2 0
2 19 3 0
2 19 4 0
3 0 0 0
3 0 1 0
3 0 2 0
3 0 3 0
3 0 4 0
3 1 0 3254
3 1 1 3254
3 1 2 0
3 1 3 0
3 1 4 0
3 2 0 3084
3 2 1 3084
3 2 2 3084
3 2 3 0
3 2 4 0
3 4 0 0
3 4 1 0
3 4 2 0
3 4 3 0
3 4 4 0
3 5 0 0
3 5 1 0
3 5 2 0
3 5 3 0
3 5 4 0
3 6 0 3310
3 6 1 3310
3 6 2 0
3 6 3 0
3 6 4 0
3 7 0 0
3 7 1 0
3 7 2 0
3 7 3 0
3 7 4 0
3 8 0 0
3 8 1 0
3 8 2 0
3 8 3 0
3 8 4 0
3 9 0 0
3 9 1 0
3 9 2 0
3 9 3 0
3 9 4 0
3 10 0 3739
3 10 1 3739
3 10 2 0
3 10 3 0
3 10 4 0
3 11 0 0
3 11 1 0
3 11 2 0
3 11 3 0
3 11 4 0
3 12 0 0
3 12 1 0
3 12 2 0
3 12 3 0
3 12 4 0
3 13 0 0
3 13 1 0
3 13 2 0
3 13 3 0
3 13 4 0
3 14 0 0
3 14 1 0
3 14 2 0
3 14 3 0
3 14 4 0
3 15 0 3723
3 15 1 3723
3 15 2 3723
3 15 3 0
3 15 4 0
3 16 0 0
3 16 1 0
3 16 2 0
3 16 3 0
3 16 4 0
3 17 0 0
3 17 1 0
3 17 2 0
3 17 3 0
3 17 4 0
3 18 0 0
3 18 1 0
3 18 2 0
3 18 3 0
3 18 4 0
3 19 0 0
3 19 1 0
3 19 2 0
3 19 3 0
3 19 4 0
4 0 0 0
4 0 1 0
4 0 2 0
4 0 3 0
4 0 4 0
4 1 0 0
4 1 1 0
4 1 2 0
4 1 3 0
4 1 4 0
4 2 0 0
4 2 1 0
4 2 2 0
4 2 3 0
4 2 4 0
4 3 0 0
4 3 1 0
4 3 2 0
4 3 3 0
4 3 4 0
4 5 0 0
4 5 1 0
4 5 2 0
4 5 3 0
4 5 4 0
4 6 0 3986
4 6 1 3986
4 6 2 0
4 6 3 0
4 6 4 0
4 7 0 3675
4 7 1 3675
4 7 2 3675
4 7 3 0
4 7 4 0
4 8 0 3151
4 8 1 3151
4 8 2 0
4 8 3 0
4 8 4 0
4 9 0 0
4 9 1 0
4 9 2 0
4 9 3 0
4 9 4 0
4 10 0 0
4 10 1 0
4 10 2 0
4 10 3 0
4 10 4 0
4 11 0 0
4 11 1 0
4 11 2 0
4 11 3 0
4 11 4 0
4 12 0 0
4 12 1 0
4 12 2 0
4 12 3 0
4 12 4 0
4 13 0 0
4 13 1 0
4 13 2 0
4 13 3 0
4 13 4 0
4 14 0 0
4 14 1 0
4 14 2 0
4 14 3 0
4 14 4 0
4 15 0 0
4 15 1 0
4 15 2 0
4 15 3 0
4 15 4 0
4 16 0 0
4 16 1 0
4 16 2 0
4 16 3 0
4 16 4 0
4 17 0 0
4 17 1 0
4 17 2 0
4 17 3 0
4 17 4 0
4 18 0 3920
4 18 1 3920
4 18 2 0
4 18 3 0
4 18 4 0
4 19 0 0
4 19 1 0
4 19 2 0
4 19 3 0
4 19 4 0
5 0 0 0
5 0 1 0
5 0 2 0
5 0 3 0
5 0 4 0
5 1 0 0
5 1 1 0
5 1 2 0
5 1 3 0
5 1 4 0
5 2 0 0
5 2 1 0
5 2 2 0
5 2 3 0
5 2 4 0
5 3 0 0
5 3 1 0
5 3 2 0
5 3 3 0
5 3 4 0
5 4 0 0
5 4 1 0
5 4 2 0
5 4 3 0
5 4 4 0
5 6 0 0
5 6 1 0
5 6 2 0
5 6 3 0
5 6 4 0
5 7 0 3859
5 7 1 3859
5 7 2 3859
5 7 3 0
5 7 4 0
5 8 0 3579
5 8 1 3579
5 8 2 0
5 8 3 0
5 8 4 0
5 9 0 3104
5 9 1 3104
5 9 2 3104
5 9 3 0
5 9 4 0
5 10 0 0
5 10 1 0
5 10 2 0
5 10 3 0
5 10 4 0
5 11 0 0
5 11 1 0
5 11 2 0
5 11 3 0
5 11 4 0
5 12 0 0
5 12 1 0
5 12 2 0
5 12 3 0
5 12 4 0
5 13 0 0
5 13 1 0
5 13 2 0
5 13 3 0
5 13 4 0
5 14 0 0
5 14 1 0
5 14 2 0
5 14 3 0
5 14 4 0
5 15 0 0
5 15 1 0
5 15 2 0
5 15 3 0
5 15 4 0
5 16 0 0
5 16 1 0
5 16 2 0
5 16 3 0
5 16 4 0
5 17 0 0
5 17 1 0
5 17 2 0
5 17 3 0
5 17 4 0
5 18 0 0
5 18 1 0
5 18 2 0
5 18 3 0
5 18 4 0
5 19 0 0
5 19 1 0
5 19 2 0
5 19 3 0
5 19 4 0
6 0 0 0
6 0 1 0
6 0 2 0
6 0 3 0
6 0 4 0
6 1 0 0
6 1 1 0
6 1 2 0
6 1 3 0
6 1 4 0
6 2 0 3124
6 2 1 3124
6 2 2 3124
6 2 3 0
6 2 4 0
6 3 0 0
6 3 1 0
6 3 2 0
6 3 3 0
6 3 4 0
6 4 0 0
6 4 1 0
6 4 2 0
6 4 3 0
6 4 4 0
6 5 0 0
6 5 1 0
6 5 2 0
6 5 3 0
6 5 4 0
6 7 0 0
6 7 1 0
6 7 2 0
6 7 3 0
6 7 4 0
6 8 0 3589
6 8 1 3589
6 8 2 0
6 8 3 0
6 8 4 0
6 9 0 0
6 9 1 0
6 9 2 0
6 9 3 0
6 9 4 0
6 10 0 3403
6 10 1 3403
6 10 2 0
6 10 3 0
6 10 4 0
6 11 0 0
6 11 1 0
6 11 2 0
6 11 3 0
6 11 4 0
6 12 0 3944
6 12 1 3944
6 12 2 3944
6 12 3 0
6 12 4 0
6 13 0 0
6 13 1 0
6 13 2 0
6 13 3 0
6 13 4 0
6 14 0 0
6 14 1 0
6 14 2 0
6 14 3 0
6 14 4 0
6 15 0 0
6 15 1 0
6 15 2 0
6 15 3 0
6 15 4 0
6 16 0 3470
6 16 1 3470
6 16 2 0
6 16 3 0
6 16 4 0
6 17 0 0
6 17 1 0
6 17 2 0
6 17 3 0
6 17 4 0
6 18 0 0
6 18 1 0
6 18 2 0
6 18 3 0
6 18 4 0
6 19 0 0
6 19 1 0
6 19 2 0
6 19 3 0
6 19 4 0
7 0 0 0
7 0 1 0
7 0 2 0
7 0 3 0
7 0 4 0
7 1 0 0
7 1 1 0
7 1 2 0
7 1 3 0
7 1 4 0
7 2 0 3797
7 2 1 3797
7 2 2 0
7 2 3 0
7 2 4 0
7 3 0 3963
7 3 1 3963
7 3 2 0
7 3 3 0
7 3 4 0
7 4 0 0
7 4 1 0
7 4 2 0
7 4 3 0
7 4 4 0
7 5 0 0
7 5 1 0
7 5 2 0
7 5 3 0
7 5 4 0
7 6 0 3132
7 6 1 3132
7 6 2 0
7 6 3 0
7 6 4 0
7 8 0 0
7 8 1 0
7 8 2 0
7 8 3 0
7 8 4 0
7 9 0 0
7 9 1 0
7 9 2 0
7 9 3 0
7 9 4 0
7 10 0 0
7 10 1 0
7 10 2 0
7 10 3 0
7 10 4 0
7 11 0 0
7 11 1 0
7 11 2 0
7 11 3 0
7 11 4 0
7 12 0 3801
7 12 1 3801
7 12 2 0
7 12 3 0
7 12 4 0
7 13 0 0
7 13 1 0
7 13 2 0
7 13 3 0
7 13 4 0
7 14 0 3629
7 14 1 3629
7 14 2 3629
7 14 3 0
7 14 4 0
7 15 0 0
7 15 1 0
7 15 2 0
7 15 3 0
7 15 4 0
7 16 0 0
7 16 1 0
7 16 2 0
7 16 3 0
7 16 4 0
7 17 0 0
7 17 1 0
7 17 2 0
7 17 3 0
7 17 4 0
7 18 0 0
7 18 1 0
7 18 2 0
7 18 3 0
7 18 4 0
7 19 0 0
7 19 1 0
7 19 2 0
7 19 3 0
7 19 4 0
8 0 0 3314
8 0 1 3314
8 0 2 0
8 0 3 0
8 0 4 0
8 1 0 0
8 1 1 0
8 1 2 0
8 1 3 0
8 1 4 0
8 2 0 0
8 2 1 0
8 2 2 0
8 2 3 0
8 2 4 0
8 3 0 0
8 3 1 0
8 3 2 0
8 3 3 0
8 3 4 0
8 4 0 0
8 4 1 0
8 4 2 0
8 4 3 0
8 4 4 0
8 5 0 0
8 5 1 0
8 5 2 0
8 5 3 0
8 5 4 0
8 6 0 0
8 6 1 0
8 6 2 0
8 6 3 0
8 6 4 0
8 7 0 0
8 7 1 0
8 7 2 0
8 7 3 0
8 7 4 0
8 9 0 0
8 9 1 0
8 9 2 0
8 9 3 0
8 9 4 0
8 10 0 0
8 10 1 0
8 10 2 0
8 10 3 0
8 10 4 0
8 11 0 0
8 11 1 0
8 11 2 0
8 11 3 0
8 11 4 0
8 12 0 0
8 12 1 0
8 12 2 0
8 12 3 0
8 12 4 0
8 13 0 3270
8 13 1 3270
8 13 2 0
8 13 3 0
8 13 4 0
8 14 0 0
8 14 1 0
8 14 2 0
8 14 3 0
8 14 4 0
8 15 0 0
8 15 1 0
8 15 2 0
8 15 3 0
8 15 4 0
8 16 0 0
8 16 1 0
8 16 2 0
8 16 3 0
8 16 4 0
8 17 0 3256
8 17 1 3256
8 17 2 3256
8 17 3 0
8 17 4 0
8 18 0 0
8 18 1 0
8 18 2 0
8 18 3 0
8 18 4 0
8 19 0 0
8 19 1 0
8 19 2 0
8 19 3 0
8 19 4 0
9 0 0 0
9 0 1 0
9 0 2 0
9 0 3 0
9 0 4 0
9 1 0 3176
9 1 1 3176
9 1 2 3176
9 1 3 0
9 1 4 0
9 2 0 0
9 2 1 0
9 2 2 0
9 2 3 0
9 2 4 0
9 3 0 0
9 3 1 0
9 3 2 0
9 3 3 0
9 3 4 0
9 4 0 0
9 4 1 0
9 4 2 0
9 4 3 0
9 4 4 0
9 5 0 0
9 5 1 0
9 5 2 0
9 5 3 0
9 5 4 0
9 6 0 3728
9 6 1 3728
9 6 2 0
9 6 3 0
9 6 4 0
9 7 0 3551
9 7 1 3551
9 7 2 0
9 7 3 0
9 7 4 0
9 8 0 3361
9 8 1 3361
9 8 2 0
9 8 3 0
9 8 4 0
9 10 0 3791
9 10 1 3791
9 10 2 3791
9 10 3 0
9 10 4 0
9 11 0 0
9 11 1 0
9 11 2 0
9 11 3 0
9 11 4 0
9 12 0 3093
9 12 1 3093
9 12 2 3093
9 12 3 0
9 12 4 0
9 13 0 0
9 13 1 0
9 13 2 0
9 13 3 0
9 13 4 0
9 14 0 0
9 14 1 0
9 14 2 0
9 14 3 0
9 14 4 0
9 15 0 0
9 15 1 0
9 15 2 0
9 15 3 0
9 15 4 0
9 16 0 0
9 16 1 0
9 16 2 0
9 16 3 0
9 16 4 0
9 17 0 3895
9 17 1 3895
9 17 2 0
9 17 3 0
9 17 4 0
9 18 0 3548
9 18 1 3548
9 18 2 0
9 18 3 0
9 18 4 0
9 19 0 3325
9 19 1 3325
9 19 2 3325
9 19 3 0
9 19 4 0
10 0 0 0
10 0 1 0
10 0 2 0
10 0 3 0
10 0 4 0
10 1 0 0
10 1 1 0
10 1 2 0
10 1 3 0
10 1 4 0
10 2 0 0
10 2 1 0
10 2 2 0
10 2 3 0
10 2 4 0
10 3 0 3630
10 3 1 3630
10 3 2 3630
10 3 3 0
10 3 4 0
10 4 0 0
10 4 1 0
10 4 2 0
10 4 3 0
10 4 4 0
10 5 0 0
10 5 1 0
10 5 2 0
10 5 3 0
10 5 4 0
10 6 0 0
10 6 1 0
10 6 2 0
10 6 3 0
10 6 4 0
10 7 0 3608
10 7 1 3608
10 7 2 3608
10 7 3 0
10 7 4 0
10 8 0 0
10 8 1 0
10 8 2 0
10 8 3 0
10 8 4 0
10 9 0 3150
10 9 1 3150
10 9 2 0
10 9 3 0
10 9 4 0
10 11 0 3605
10 11 1 3605
10 11 2 0
10 11 3 0
10 11 4 0
10 12 0 3178
10 12 1 3178
10 12 2 0
10 12 3 0
10 12 4 0
10 13 0 0
10 13 1 0
10 13 2 0
10 13 3 0
10 13 4 0
10 14 0 3082
10 14 1 3082
10 14 2 0
10 14 3 0
10 14 4 0
10 15 0 0
10 15 1 0
10 15 2 0
10 15 3 0
10 15 4 0
10 16 0 0
10 16 1 0
10 16 2 0
10 16 3 0
10 16 4 0
10 17 0 0
10 17 1 0
10 17 2 0
10 17 3 0
10 17 4 0
10 18 0 0
10 18 1 0
10 18 2 0
10 18 3 0
10 18 4 0
10 19 0 0
10 19 1 0
10 19 2 0
10 19 3 0
10 19 4 0
11 0 0 0
11 0 1 0
11 0 2 0
11 0 3 0
11 0 4 0
11 1 0 0
11 1 1 0
11 1 2 0
11 1 3 0
11 1 4 0
11 2 0 0
11 2 1 0
11 2 2 0
11 2 3 0
11 2 4 0
11 3 0 0
11 3 1 0
11 3 2 0
11 3 3 0
11 3 4 0
11 4 0 0
11 4 1 0
11 4 2 0
11 4 3 0
11 4 4 0
11 5 0 0
11 5 1 0
11 5 2 0
11 5 3 0
11 5 4 0
11 6 0 3639
11 6 1 3639
11 6 2 3639
11 6 3 0
11 6 4 0
11 7 0 0
11 7 1 0
11 7 2 0
11 7 3 0
11 7 4 0
11 8 0 0
11 8 1 0
11 8 2 0
11 8 3 0
11 8 4 0
11 9 0 0
11 9 1 0
11 9 2 0
11 9 3 0
11 9 4 0
11 10 0 0
11 10 1 0
11 10 2 0
11 10 3 0
11 10 4 0
11 12 0 3931
11 12 1 3931
11 12 2 3931
11 12 3 0
11 12 4 0
11 13 0 0
11 13 1 0
11 13 2 0
11 13 3 0
11 13 4 0
11 14 0 0
11 14 1 0
11 14 2 0
11 14 3 0
11 14 4 0
11 15 0 0
11 15 1 0
11 15 2 0
11 15 3 0
11 15 4 0
11 16 0 3863
11 16 1 3863
11 16 2 3863
11 16 3 0
11 16 4 0
11 17 0 0
11 17 1 0
11 17 2 0
11 17 3 0
11 17 4 0
11 18 0 0
11 18 1 0
11 18 2 0
11 18 3 0
11 18 4 0
11 19 0 3372
11 19 1 3372
11 19 2 0
11 19 3 0
11 19 4 0
12 0 0 3702
12 0 1 3702
12 0 2 3702
12 0 3 0
12 0 4 0
12 1 0 0
12 1 1 0
12 1 2 0
12 1 3 0
12 1 4 0
12 2 0 0
12 2 1 0
12 2 2 0
12 2 3 0
12 2 4 0
12 3 0 3645
12 3 1 3645
12 3 2 0
12 3 3 0
12 3 4 0
12 4 0 0
12 4 1 0
12 4 2 0
12 4 3 0
12 4 4 0
12 5 0 3389
12 5 1 3389
12 5 2 0
12 5 3 0
12 5 4 0
12 6 0 0
12 6 1 0
12 6 2 0
12 6 3 0
12 6 4 0
12 7 0 0
12 7 1 0
12 7 2 0
12 7 3 0
12 7 4 0
12 8 0 0
12 8 1 0
12 8 2 0
12 8 3 0
12 8 4 0
12 9 0 0
12 9 1 0
12 9 2 0
12 9 3 0
12 9 4 0
12 10 0 0
12 10 1 0
12 10 2 0
12 10 3 0
12 10 4 0
12 11 0 3304
12 11 1 3304
12 11 2 0
12 11 3 0
12 11 4 0
12 13 0 3688
12 13 1 3688
12 13 2 0
12 13 3 0
12 13 4 0
12 14 0 0
12 14 1 0
12 14 2 0
12 14 3 0
12 14 4 0
12 15 0 0
12 15 1 0
12 15 2 0
12 15 3 0
12 15 4 0
12 16 0 0
12 16 1 0
12 16 2 0
12 16 3 0
12 16 4 0
12 17 0 3835
12 17 1 3835
12 17 2 0
12 17 3 0
12 17 4 0
12 18 0 0
12 18 1 0
12 18 2 0
12 18 3 0
12 18 4 0
12 19 0 3250
12 19 1 3250
12 19 2 0
12 19 3 0
12 19 4 0
13 0 0 0
13 0 1 0
13 0 2 0
13 0 3 0
13 0 4 0
13 1 0 0
13 1 1 0
13 1 2 0
13 1 3 0
13 1 4 0
13 2 0 0
13 2 1 0
13 2 2 0
13 2 3 0
13 2 4 0
13 3 0 0
13 3 1 0
13 3 2 0
13 3 3 0
13 3 4 0
13 4 0 0
13 4 1 0
13 4 2 0
13 4 3 0
13 4 4 0
13 5 0 3223
13 5 1 3223
13 5 2 3223
13 5 3 0
13 5 4 0
13 6 0 0
13 6 1 0
13 6 2 0
13 6 3 0
13 6 4 0
13 7 0 0
13 7 1 0
13 7 2 0
13 7 3 0
13 7 4 0
13 8 0 3966
13 8 1 3966
13 8 2 3966
13 8 3 0
13 8 4 0
13 9 0 0
13 9 1 0
13 9 2 0
13 9 3 0
13 9 4 0
13 10 0 0
13 10 1 0
13 10 2 0
13 10 3 0
13 10 4 0
13 11 0 0
13 11 1 0
13 11 2 0
13 11 3 0
13 11 4 0
13 12 0 3797
13 12 1 3797
13 12 2 3797
13 12 3 0
13 12 4 0
13 14 0 3537
13 14 1 3537
13 14 2 0
13 14 3 0
13 14 4 0
13 15 0 0
13 15 1 0
13 15 2 0
13 15 3 0
13 15 4 0
13 16 0 0
13 16 1 0
13 16 2 0
13 16 3 0
13 16 4 0
13 17 0 3674
13 17 1 3674
13 17 2 0
13 17 3 0
13 17 4 0
13 18 0 0
13 18 1 0
13 18 2 0
13 18 3 0
13 18 4 0
13 19 0 0
13 19 1 0
13 19 2 0
13 19 3 0
13 19 4 0
14 0 0 0
14 0 1 0
14 0 2 0
14 0 3 0
14 0 4 0
14 1 0 0
14 1 1 0
14 1 2 0
14 1 3 0
14 1 4 0
14 2 0 0
14 2 1 0
14 2 2 0
14 2 3 0
14 2 4 0
14 3 0 0
14 3 1 0
14 3 2 0
14 3 3 0
14 3 4 0
14 4 0 0
14 4 1 0
14 4 2 0
14 4 3 0
14 4 4 0
14 5 0 3184
14 5 1 3184
14 5 2 3184
14 5 3 0
14 5 4 0
14 6 0 0
14 6 1 0
14 6 2 0
14 6 3 0
14 6 4 0
14 7 0 3228
14 7 1 3228
14 7 2 3228
14 7 3 0
14 7 4 0
14 8 0 0
14 8 1 0
14 8 2 0
14 8 3 0
14 8 4 0
14 9 0 0
14 9 1 0
14 9 2 0
14 9 3 0
14 9 4 0
14 10 0 0
14 10 1 0
14 10 2 0
14 10 3 0
14 10 4 0
14 11 0 0
14 11 1 0
14 11 2 0
14 11 3 0
14 11 4 0
14 12 0 3256
14 12 1 3256
14 12 2 3256
14 12 3 0
14 12 4 0
14 13 0 0
14 13 1 0
14 13 2 0
14 13 3 0
14 13 4 0
14 15 0 0
14 15 1 0
14 15 2 0
14 15 3 0
14 15 4 0
14 16 0 3561
14 16 1 3561
14 16 2 3561
14 16 3 0
14 16 4 0
14 17 0 0
14 17 1 0
14 17 2 0
14 17 3 0
14 17 4 0
14 18 0 0
14 18 1 0
14 18 2 0
14 18 3 0
14 18 4 0
14 19 0 0
14 19 1 0
14 19 2 0
14 19 3 0
14 19 4 0
15 0 0 3296
15 0 1 3296
15 0 2 3296
15 0 3 0
15 0 4 0
15 1 0 3004
15 1 1 3004
15 1 2 3004
15 1 3 0
15 1 4 0
15 2 0 3576
15 2 1 3576
15 2 2 3576
15 2 3 0
15 2 4 0
15 3 0 0
15 3 1 0
15 3 2 0
15 3 3 0
15 3 4 0
15 4 0 3298
15 4 1 3298
15 4 2 0
15 4 3 0
15 4 4 0
15 5 0 3438
15 5 1 3438
15 5 2 0
15 5 3 0
15 5 4 0
15 6 0 0
15 6 1 0
15 6 2 0
15 6 3 0
15 6 4 0
15 7 0 0
15 7 1 0
15 7 2 0
15 7 3 0
15 7 4 0
15 8 0 0
15 8 1 0
15 8 2 0
15 8 3 0
15 8 4 0
15 9 0 0
15 9 1 0
15 9 2 0
15 9 3 0
15 9 4 0
15 10 0 0
15 10 1 0
15 10 2 0
15 10 3 0
15 10 4 0
15 11 0 0
15 11 1 0
15 11 2 0
15 11 3 0
15 11 4 0
15 12 0 0
15 12 1 0
15 12 2 0
15 12 3 0
15 12 4 0
15 13 0 0
15 13 1 0
15 13 2 0
15 13 3 0
15 13 4 0
15 14 0 3673
15 14 1 3673
15 14 2 0
15 14 3 0
15 14 4 0
15 16 0 0
15 16 1 0
15 16 2 0
15 16 3 0
15 16 4 0
15 17 0 3389
15 17 1 3389
15 17 2 0
15 17 3 0
15 17 4 0
15 18 0 0
15 18 1 0
15 18 2 0
15 18 3 0
15 18 4 0
15 19 0 0
15 19 1 0
15 19 2 0
15 19 3 0
15 19 4 0
16 0 0 3968
16 0 1 3968
16 0 2 3968
16 0 3 0
16 0 4 0
16 1 0 3582
16 1 1 3582
16 1 2 0
16 1 3 0
16 1 4 0
16 2 0 0
16 2 1 0
16 2 2 0
16 2 3 0
16 2 4 0
16 3 0 0
16 3 1 0
16 3 2 0
16 3 3 0
16 3 4 0
16 4 0 3341
16 4 1 3341
16 4 2 0
16 4 3 0
16 4 4 0
16 5 0 0
16 5 1 0
16 5 2 0
16 5 3 0
16 5 4 0
16 6 0 3077
16 6 1 3077
16 6 2 3077
16 6 3 0
16 6 4 0
16 7 0 3514
16 7 1 3514
16 7 2 0
16 7 3 0
16 7 4 0
16 8 0 0
16 8 1 0
16 8 2 0
16 8 3 0
16 8 4 0
16 9 0 0
16 9 1 0
16 9 2 0
16 9 3 0
16 9 4 0
16 10 0 0
16 10 1 0
16 10 2 0
16 10 3 0
16 10 4 0
16 11 0 3283
16 11 1 3283
16 11 2 3283
16 11 3 0
16 11 4 0
16 12 0 0
16 12 1 0
16 12 2 0
16 12 3 0
16 12 4 0
16 13 0 0
16 13 1 0
16 13 2 0
16 13 3 0
16 13 4 0
16 14 0 0
16 14 1 0
16 14 2 0
16 14 3 0
16 14 4 0
16 15 0 0
16 15 1 0
16 15 2 0
16 15 3 0
16 15 4 0
16 17 0 0
16 17 1 0
16 17 2 0
16 17 3 0
16 17 4 0
16 18 0 0
16 18 1 0
16 18 2 0
16 18 3 0
16 18 4 0
16 19 0 0
16 19 1 0
16 19 2 0
16 19 3 0
16 19 4 0
17 0 0 0
17 0 1 0
17 0 2 0
17 0 3 0
17 0 4 0
17 1 0 0
17 1 1 0
17 1 2 0
17 1 3 0
17 1 4 0
17 2 0 3057
17 2 1 3057
17 2 2 0
17 2 3 0
17 2 4 0
17 3 0 0
17 3 1 0
17 3 2 0
17 3 3 0
17 3 4 0
17 4 0 3182
17 4 1 3182
17 4 2 0
17 4 3 0
17 4 4 0
17 5 0 0
17 5 1 0
17 5 2 0
17 5 3 0
17 5 4 0
17 6 0 0
17 6 1 0
17 6 2 0
17 6 3 0
17 6 4 0
17 7 0 3823
17 7 1 3823
17 7 2 0
17 7 3 0
17 7 4 0
17 8 0 3252
17 8 1 3252
17 8 2 0
17 8 3 0
17 8 4 0
17 9 0 0
17 9 1 0
17 9 2 0
17 9 3 0
17 9 4 0
17 10 0 3325
17 10 1 3325
17 10 2 3325
17 10 3 0
17 10 4 0
17 11 0 0
17 11 1 0
17 11 2 0
17 11 3 0
17 11 4 0
17 12 0 0
17 12 1 0
17 12 2 0
17 12 3 0
17 12 4 0
17 13 0 0
17 13 1 0
17 13 2 0
17 13 3 0
17 13 4 0
17 14 0 0
17 14 1 0
17 14 2 0
17 14 3 0
17 14 4 0
17 15 0 0
17 15 1 0
17 15 2 0
17 15 3 0
17 15 4 0
17 16 0 0
17 16 1 0
17 16 2 0
17 16 3 0
17 16 4 0
17 18 0 0
17 18 1 0
17 18 2 0
17 18 3 0
17 18 4 0
17 19 0 0
17 19 1 0
17 19 2 0
17 19 3 0
17 19 4 0
18 0 0 3406
18 0 1 3406
18 0 2 3406
18 0 3 0
18 0 4 0
18 1 0 0
18 1 1 0
18 1 2 0
18 1 3 0
18 1 4 0
18 2 0 3800
18 2 1 3800
18 2 2 3800
18 2 3 0
18 2 4 0
18 3 0 0
18 3 1 0
18 3 2 0
18 3 3 0
18 3 4 0
18 4 0 0
18 4 1 0
18 4 2 0
18 4 3 0
18 4 4 0
18 5 0 0
18 5 1 0
18 5 2 0
18 5 3 0
18 5 4 0
18 6 0 0
18 6 1 0
18 6 2 0
18 6 3 0
18 6 4 0
18 7 0 0
18 7 1 0
18 7 2 0
18 7 3 0
18 7 4 0
18 8 0 0
18 8 1 0
18 8 2 0
18 8 3 0
18 8 4 0
18 9 0 0
18 9 1 0
18 9 2 0
18 9 3 0
18 9 4 0
18 10 0 0
18 10 1 0
18 10 2 0
18 10 3 0
18 10 4 0
18 11 0 0
18 11 1 0
18 11 2 0
18 11 3 0
18 11 4 0
18 12 0 0
18 12 1 0
18 12 2 0
18 12 3 0
18 12 4 0
18 13 0 0
18 13 1 0
18 13 2 0
18 13 3 0
18 13 4 0
18 14 0 0
18 14 1 0
18 14 2 0
18 14 3 0
18 14 4 0
18 15 0 0
18 15 1 0
18 15 2 0
18 15 3 0
18 15 4 0
18 16 0 0
18 16 1 0
18 16 2 0
18 16 3 0
18 16 4 0
18 17 0 0
18 17 1 0
18 17 2 0
18 17 3 0
18 17 4 0
18 19 0 0
18 19 1 0
18 19 2 0
18 19 3 0
18 19 4 0
19 0 0 0
19 0 1 0
19 0 2 0
19 0 3 0
19 0 4 0
19 1 0 0
19 1 1 0
19 1 2 0
19 1 3 0
19 1 4 0
19 2 0 0
19 2 1 0
19 2 2 0
19 2 3 0
19 2 4 0
19 3 0 0
19 3 1 0
19 3 2 0
19 3 3 0
19 3 4 0
19 4 0 0
19 4 1 0
19 4 2 0
19 4 3 0
19 4 4 0
19 5 0 0
19 5 1 0
19 5 2 0
19 5 3 0
19 5 4 0
19 6 0 0
19 6 1 0
19 6 2 0
19 6 3 0
19 6 4 0
19 7 0 3433
19 7 1 3433
19 7 2 3433
19 7 3 0
19 7 4 0
19 8 0 0
19 8 1 0
19 8 2 0
19 8 3 0
19 8 4 0
19 9 0 0
19 9 1 0
19 9 2 0
19 9 3 0
19 9 4 0
19 10 0 0
19 10 1 0
19 10 2 0
19 10 3 0
19 10 4 0
19 11 0 0
19 11 1 0
19 11 2 0
19 11 3 0
19 11 4 0
19 12 0 0
19 12 1 0
19 12 2 0
19 12 3 0
19 12 4 0
19 13 0 0
19 13 1 0
19 13 2 0
19 13 3 0
19 13 4 0
19 14 0 0
19 14 1 0
19 14 2 0
19 14 3 0
19 14 4 0
19 15 0 0
19 15 1 0
19 15 2 0
19 15 3 0
19 15 4 0
19 16 0 0
19 16 1 0
19 16 2 0
19 16 3 0
19 16 4 0
19 17 0 0
19 17 1 0
19 17 2 0
19 17 3 0
19 17 4 0
19 18 0 0
19 18 1 0
19 18 2 0
19 18 3 0
19 18 4 0

