30 4 24 497

   0  927 1114  909  988  897  946  967 1164  983  997 1121 1110  906 1128  976  974 1018 1089 1178  936  967  928 1068 1063 1095  904 1039  895  998 
 972    0 1107  973 1141 1128 1169  960 1173 1161  979  927  931 1087 1043 1060 1184  993 1112  954 1051 1166  908  930 1030 1000 1156 1010  895 1007 
1048 1063    0 1122  982 1090 1073  889 1164 1107 1003 1130 1118 1086 1148 1108  966 1103  907 1038 1125 1171  965 1074  946 1073 1102 1140 1181  983 
1116 1020 1105    0  978 1186 1052  929  922 1090 1015  994  905 1156 1059  900  979 1058 1056  922 1023 1079  892 1182  956  892 1063 1116 1167 1130 
1096 1068  916 1040    0  913 1023 1076  940 1013  978 1122 1045 1104  934 1054  941 1035 1083  963 1003  904  918 1057 1144 1159  932 1096 1012 1032 
 972  969 1162 1114  889    0  941 1175  924 1127 1039 1074  963 1018 1017  910 1120 1153 1123 1004  948  985 1143 1122 1122 1079 1122 1058 1041 1112 
1164  914 1115 1079  988  962    0  975  979  977 1146  957 1117 1185  968  894 1171  936 1053 1068  980 1113 1135 1157 1057  993 1128 1014  942  898 
 998 1152  982 1176  921 1049  911    0 1155  944 1055  921 1000 1052 1125  933  979  993 1181 1162 1179  893  895 1020 1047  904 1108 1176  987  986 
1112 1109 1017 1185  936  937  982  972    0 1169 1127 1064  919 1117 1146  998 1166  973  974  893  961 1156  949  942 1104 1147 1081  915  927 1184 
 945 1056  976  922 1036  970  981  990 1017    0 1187 1053 1153 1158 1141  964  917 1114 1141 1032 1113 1054 1024 1165  957 1117  981 1111 1152 1126 
 975 1083 1073 1021 1143  987  917 1159 1118 1132    0  957 1069 1151 1067 1059  897 1012  938  980 1172  929  928 1035  930 1094  905  938 1076 1165 
 991 1137 1014  947 1171 1099  924  947 1167 1187 1070    0 1146 1090 1075 1088  991 1172 1024 1158 1173  925 1003  915 1123 1008  947 1153  970 1122 
 919 1026 1074 1079 1151 1186 1076 1037 1151  924 1085 1070    0 1161 1080 1103 1045 1010 1141  959  892 1047 1104 1103 1172  974  910 1032  994 1006 
1013 1047  998  891 1157 1032  898 1143 1118 1016 1169  892  939    0 1108 1111  952  959 1128  974  900  977 1104  954  990 1085 1107 1125 1090 1106 
 969 1004 1019  898 1003 1003  919  904 1032 1130 1062 1087 1127 1076    0 1137 1075 1184  931 1135  977 1081 1156  913 1181 1148 1051 1009 1045 1037 
1039 1158 1124  916 1068  961  957 1044  966 1017 1013 1168  962 1141 1087    0 1008  994 1107  906 1113  909 1160  957 1091  973 1169 1117 1170  930 
1168  905  968 1008 1138 1092  956 1092 1046 1114  920  982 1066 1016  943 1122    0 1049  928  913  997  998  933 1175 1036  901 1044  950  969 1175 
1165 1005 1154 1126 1130 1124  950 1120 1067 1184 1111 1187 1010  947  926 1063  893    0 1083 1147 1097 1043 1156 1069  914  949 1063 1135  953  980 
1159  955  992 1169 1143  955 1107 1136 1091 1049 1183 1052  890 1036 1118 1169  947  980    0  912  995  944 1127  939 1157 1074 1029  911 1032 1129 
1161 1172 1045  900 1141  972 1122  888  983  972  959  943  927 1139  941 1143  910 1076 1028    0 1006  945 1071  918 1061  946  906  938 1178 1126 
1075 1067 1094 1027  931 1157 1125 1001 1115 1045 1187  998  924 1097  898 1074  968  953 1005  991    0 1035  986 1140 1048 1125 1148 1122  962  895 
 889  917  968 1143 1049 1121  912 1149 1173 1129 1134 1113 1027 1070 1012 1110  902 1185 1120 1064 1161    0 1096  986 1174  957 1123 1139 1131 1077 
1172 1186 1138  895 1090 1110 1101 1082 1087 1076 1141 1187 1033 1019  948  966  995  913 1031 1048 1149  998    0 1089 1016 1108  939 1107 1177 1083 
1149  917 1106 1052  998 1128  995  999 1124  928  997 1182  926  944  931 1186  961 1074  908 1048 1021 1074  941    0 1129  907  995 1068 1172 1125 
 913 1134  989  933  903 1148 1138 1060 1123  908  953  971 1154  991 1095  904  978  938 1137 1007  894 1146 1074  930    0  983  911 1185 1127  987 
 947 1134  993 1132  980  915 1073 1037 1096 1082 1097 1118  891 1187  953 1136 1115 1129 1068 1180 1116 1007  988 1145 1002    0 1012  924 1127 1144 
1126 1041 1040 1036  893  946 1182  984  984 1128 1078 1080 1030 1092 1050 1099 1000  995 1003 1181 1083  962 1131 1011 1100  957    0 1008  944 1076 
 986 1150 1163 1122 1156  958 1185  927  959 1162 1090 1122 1043  956 1172 1048  944 1115 1064  959 1023 1000 1074  989 1073  928  928    0 1004  969 
 981 1075 1019 1105 1062 1111 1053  901  918 1050  948 1139 1072 1185 1181 1066 1014 1034 1173 1160  893 1119  993 1092  893 1086 1020 1172    0  955 
1152 1095 1126 1131 1136  907  926 1130  947  984 1089 1046 1178  985  908  994 1047  898 1149 1123  917 1118 1043  902  931 1001 1133 1088  936    0 

   0  853  873 1061 1143 1160  990  661  808 1111 1151  651 1012  785  656 1170  873 1136  745  876  798  823  698  606  651 1052  888  610 1107  692 
 955    0  850  845  634 1185 1183  607  663 1199 1001  850 1148  766 1005  759  860  645  956  828  853 1188  969  922  750 1085 1067  660  795 1124 
 738 1086    0  812 1020  718  625  695 1055 1130 1191  631 1005 1021  787  936  791  805  667  975 1146 1115 1029  947  968 1178  763  751 1147  606 
 613  893  608    0  709  996  636  820 1058  656  772 1024 1113 1151  753  837  681  751 1026 1179 1168 1090 1022  685 1011  645 1021 1005 1156  803 
 729 1152 1119  845    0  716  717  635  856 1085  972  952 1016  960  930  880  737  605 1145  833  969  784 1153  939 1111  838  764  958 1029  746 
1199 1031  800  818 1108    0 1188  894  853  893 1077  933 1141  913  688  983 1108 1024  887 1045 1163  891 1108  864 1164  977 1137  949 1005  846 
1194  876  726  692  988  760    0 1066 1020  863  649  792  762  874 1084  639  679 1081  842 1058 1141 1100 1018  890  810  801 1129  730 1100 1169 
1071 1159  681  733  803 1007  897    0  800  964  750  604  799 1001  609  965  833  867 1078  647 1151  624  777  980  731  732 1164 1088  647 1055 
1125  606  809  646  795  931  686  914    0  794  691  895  682  922  776  666 1133  766  836  639  921  866  877  780 1082  820  999  619  768 1137 
 707  815 1199 1004 1141 1172  634  814 1054    0  601 1063  849 1196  691  948  688  987 1050  913 1168  751 1030  644  988  825 1010  913  614 1182 
1083  783  786 1050  796  720  606  926  813  959    0 1113  847  946  620  750  710  888 1187  844  662 1002 1165 1136  957  762  854 1171  890 1081 
1019 1119  807  801  939  867  809  663  955  792 1028    0  778  932 1190  965 1198 1136 1061  666 1095 1123  614 1077 1016 1024  690  650  789 1129 
 973  864 1075  907  960  823  678  755 1132 1104  780  901    0  661  893  758  970 1031  942 1156  644 1135  902 1083  647 1196 1078  699  605 1042 
 700  713  637 1120  854 1054  719  609  790 1102  862  934  649    0 1178 1189  612  695 1154 1138 1138 1170  856 1135 1048  756  704 1153  985 1024 
 817  711 1099  928 1161  624  972  650 1085  739  845  766  816  619    0 1029  874  637  708 1010 1079  986 1145  695  864  656 1109 1156  663 1176 
1197  694  724 1171 1010  984  685 1065  753  717 1009 1159  690 1053  964    0 1082 1177 1145  802  633  815  853 1068  613  607 1180  753  838  673 
 683  925 1109  836  896 1163  994  971  867  756  667  621 1058  829  961  696    0  923 1147  862 1133  637 1000  793 1181  906  728 1105 1190  665 
 675 1061 1172 1042  772 1024  609  903  629  645  752  989  802  661  958 1043 1149    0  754  973  817  638 1059  902 1151  800  748  626  830  881 
 635  601  743 1070  677  750  915 1104 1003  726 1089  730 1064  865  717  689  961  625    0 1174  945  755  910 1114  714  910  778  928 1078  971 
 803  644  727 1144  972  774  883 1109  671  602 1200  611  703  854 1008  794  762  668 1042    0  960 1135  615  966  872 1189 1062 1031  935 1016 
1075 1190  710  712  958 1085 1051  763  637  890  722  720  703 1068 1063  617  661  661  706  817    0  898 1123  847  927 1131  757  677 1066 1155 
 801  614  887 1148 1148  997  957  677  892 1026 1086  695  661  871  827  978  611  967  766  911  745    0 1075  637  650  693 1148  751 1086  830 
 610  776 1043  852 1027  825 1167  931  724  690  840  989  621  867  915  682 1109  668  654 1061  896  778    0  667 1108  928  778  957  812  779 
 717  845  752 1091  669  680 1046  697  857  752  833  881 1010 1014  623 1065  796  861  832  629  929 1093 1116    0  903  816  705  684  758  709 
1121  662  853 1180  660  719  688 1159 1034  744  922  681  636 1172 1180  936 1152  657  980 1156 1186 1018  694  837    0  668 1144 1178  690 1091 
1176  779  854  828  754  791  886 1014  634  979  921  943  981  784 1131 1129  775  764  831  620  937  899  698  944  857    0 1055  970  858 1067 
 847  742  886  624  814  863  645 1153 1063  973  731 1029 1092  862  863  880  938  831  648 1158 1107  781  949  886  889  802    0 1190 1166  817 
1024 1066  647  629  620  872  729  981  711  947 1190  734  653  981  916 1021  751  662 1184  999 1081  793 1170  969  703  992  946    0  840  972 
 777  957  889 1128  713  746  784  848  800  782 1089  829  611  955  806  929  991  824 1052 1022 1144 1014  663  998  698 1149 1181 1176    0 1193 
1139 1067  650  849 1096  621 1158  808  861 1102  966  622  990  898  770  675  716  903  880 1131  702  823 1022 1090  847  678 1149  847 1170    0 

0 427 1028
1 573 961
2 586 700
3 252 1044
4 304 999
5 307 722
6 531 998
7 605 960
8 529 878
9 311 854
10 477 743
11 629 1031
12 473 1010
13 527 1077
14 601 714
15 253 855
16 547 981
17 297 1008
18 441 938
19 553 767
20 267 726
21 378 853
22 211 860
23 692 780
24 439 1084
25 569 763
26 295 807
27 315 868
28 212 932
29 314 732

0 8 8627 11487 2328 
0 22 10548 12453 1856 
0 14 19060 20391 3384 
0 3 17265 19503 3636 
0 18 21348 23076 3267 
0 16 20653 22503 1948 
0 20 8652 11181 2808 
0 20 4688 7273 2808 
0 18 13282 15941 4356 
0 14 21265 22885 2256 
1 27 17669 19404 2020 
1 22 11355 14262 2724 
1 16 8107 11323 3552 
1 16 17532 20086 2368 
1 14 16340 18882 2086 
1 4 3202 4799 3423 
1 28 15416 17967 3580 
1 15 5228 7254 2120 
1 12 15614 18943 3724 
1 20 21224 24371 2102 
1 27 2573 5186 4040 
1 11 328 3541 1854 
1 4 21623 24146 3423 
1 9 6431 9716 3483 
1 5 19149 23462 3384 
1 2 614 3852 4428 
1 22 1434 4447 3632 
2 11 16605 18580 3390 
2 12 19832 21882 4472 
2 1 21236 24439 2126 
2 20 3483 7986 2250 
2 8 15771 18218 2328 
2 13 2788 6044 4344 
2 29 17024 19375 2949 
2 5 3268 5716 3270 
2 25 3400 8064 2146 
2 16 3995 6280 1932 
2 22 2224 6165 1930 
2 1 11674 15518 4252 
2 11 3813 5926 3390 
2 24 3251 6706 3784 
2 23 11608 14515 3222 
2 19 19819 23426 2076 
2 5 3753 5971 2180 
2 21 8072 10814 3513 
2 17 375 3490 3309 
2 14 5469 7759 3444 
2 29 8652 9900 3932 
2 18 9405 11719 2721 
2 21 575 3931 4684 
3 10 21307 23785 2030 
3 16 13584 15109 3916 
3 16 7679 9510 3916 
3 13 17277 19809 4624 
3 27 18067 20519 3348 
3 23 4485 6629 3546 
3 1 5959 8673 3060 
3 27 1757 4510 4464 
3 11 1844 3912 2982 
3 16 10508 12101 3916 
3 7 20025 21951 2787 
3 26 16090 18826 4252 
3 17 10961 13289 2116 
3 24 9335 12277 1912 
3 24 9094 11581 2868 
3 17 3839 5491 2116 
3 29 6488 9418 3390 
3 9 15881 18144 4360 
3 24 2636 5183 2868 
3 16 1465 3119 2937 
4 20 19418 23264 3009 
4 14 10401 13042 3736 
4 26 15619 17269 1864 
4 29 19811 21459 4128 
4 29 16894 19385 3096 
4 17 20332 22292 4140 
4 16 9261 10808 1882 
4 0 11752 13829 3288 
4 5 3633 5544 1826 
4 9 6290 9338 4052 
4 10 5632 8207 2934 
4 22 19561 23296 2754 
4 14 2264 4319 1868 
4 3 16622 19579 2080 
4 14 8041 10263 1868 
5 16 20710 23391 3360 
5 6 9620 14015 2823 
5 16 20380 23482 3360 
5 23 12739 15106 4488 
5 2 2628 4684 3486 
5 17 9888 12058 4612 
5 16 926 4948 3360 
5 13 13540 17109 4072 
5 18 7688 11031 4492 
5 28 8693 12321 3123 
5 15 19615 21590 1820 
5 8 13419 16447 1848 
5 10 19460 21786 3117 
5 7 4829 8056 3525 
5 11 10934 14087 4296 
5 19 15907 18383 4016 
5 10 20703 24030 4156 
5 17 9317 12051 4612 
5 17 14021 17840 4612 
5 22 4565 8254 2286 
5 17 19689 21972 3459 
5 29 7625 10112 4448 
5 29 4065 6907 2224 
5 9 1980 4560 4508 
6 13 5070 7342 4740 
6 26 12554 16674 2256 
6 3 8842 10482 4316 
6 4 10990 13272 2964 
6 15 5120 6532 1788 
6 12 18767 20915 3351 
6 1 78 2513 2742 
6 22 527 3652 3405 
6 25 2032 4979 1986 
6 14 16149 19574 1936 
7 29 10608 14184 1972 
7 22 1729 3384 2685 
7 27 3210 5505 3528 
7 0 1509 4379 1996 
7 0 14052 17425 3992 
7 5 980 4152 4196 
7 22 11872 13830 1790 
7 24 4732 7115 4188 
7 22 19159 21054 2685 
7 5 10823 13602 3147 
7 20 430 4078 3537 
7 20 19655 22889 2358 
7 9 10110 13397 1888 
7 13 16996 20819 2104 
7 6 3130 6117 1822 
7 13 17403 20015 3156 
7 22 8474 11240 1790 
7 13 11476 15399 3156 
7 12 8846 11370 2000 
7 3 10744 12576 2352 
7 23 5572 8953 4080 
7 22 8440 10817 1790 
7 4 18333 21280 1842 
8 9 13040 14850 2338 
8 9 2485 5343 3507 
8 24 11813 15199 4416 
8 6 2857 4530 2946 
8 6 8366 10657 2946 
8 24 2350 4849 2208 
8 29 19376 22536 3552 
8 4 8699 11346 1872 
8 11 19285 22301 4256 
8 14 19860 22816 3438 
8 22 9511 12098 3796 
8 21 13455 15680 2312 
8 25 737 3959 3441 
8 16 17241 19552 4664 
8 15 2384 4401 1996 
8 18 2449 4447 1948 
8 2 3531 6087 4068 
8 21 707 2447 2312 
8 7 418 2885 3888 
8 14 3983 6660 3438 
8 6 21600 23637 2946 
8 28 12246 14918 3708 
8 26 17034 20100 4324 
9 2 3692 7085 3904 
9 10 17281 18591 3561 
9 4 8051 11394 4144 
9 28 19964 21824 2304 
9 19 11410 14075 4128 
9 25 16525 18942 2234 
9 28 2154 3596 3456 
9 7 13215 15420 2970 
9 26 9104 12406 1962 
9 28 7644 9971 2304 
9 4 10027 13050 4144 
9 23 6022 8533 3495 
9 25 18907 21068 2234 
9 17 3355 6098 3342 
9 10 16830 18086 2374 
10 2 17256 20234 4292 
10 4 16744 18805 3429 
10 26 3093 5296 2715 
10 23 16748 20394 2070 
10 29 6379 8897 4660 
10 12 17556 19588 4276 
10 11 17047 20274 2871 
10 29 13594 16912 3495 
10 8 17189 20205 2236 
10 9 15751 18234 2264 
10 6 17605 19144 3668 
10 16 21521 23132 1794 
10 2 13026 14794 4292 
10 14 12232 13540 4268 
10 4 20732 23518 2286 
10 9 5902 9507 3396 
10 3 19857 23406 2042 
10 20 11652 13293 4688 
10 18 5585 9668 1876 
10 15 4391 6018 3177 
10 8 11058 14155 3354 
10 25 1154 4026 3282 
11 29 13633 16139 4488 
11 6 1209 3085 2772 
11 28 15501 17347 2910 
11 21 75 2770 2775 
11 7 12621 14682 1894 
11 2 5146 8099 3042 
11 17 3375 6419 2344 
11 26 2430 4707 3788 
11 17 17493 20707 2344 
11 6 7704 9588 3696 
11 26 2617 4335 2841 
11 3 12849 15292 2841 
11 0 19023 22171 1982 
11 29 17877 20575 4488 
11 7 5053 6491 1894 
11 17 18189 22585 3516 
11 9 831 3603 2374 
11 0 16208 19203 1982 
11 15 18597 20864 2176 
11 18 8468 11184 3072 
11 21 3054 6804 2775 
11 27 13035 15030 3459 
11 24 18604 21601 3369 
12 20 12972 14536 3568 
12 27 21144 23282 4128 
12 1 9000 11289 4104 
12 16 16014 19021 2090 
12 27 19092 21580 2064 
12 5 16703 19517 3558 
12 16 12131 15351 3135 
12 2 20752 22923 4296 
12 22 5405 8985 4416 
12 6 20723 23218 3228 
12 22 13576 15650 2208 
13 21 5330 9261 1954 
13 11 11724 14955 3568 
13 10 191 3354 4676 
13 7 849 2858 2286 
13 15 423 3787 2222 
13 7 3822 6038 3429 
13 7 1126 2526 2286 
13 8 20730 22570 2236 
13 25 8732 11476 4340 
13 28 12714 15777 4360 
13 16 10484 12154 3808 
13 17 73 2463 2877 
13 3 15516 19693 2673 
13 9 9967 12556 4064 
13 14 3315 5741 4432 
13 25 20508 23169 4340 
13 27 17062 21224 3375 
13 11 1287 4481 1784 
13 23 10944 13633 2862 
13 28 8919 11824 2180 
13 24 12935 15932 1980 
13 4 16903 20122 2314 
13 20 8343 12212 2700 
13 22 19086 21037 2208 
14 9 3020 4645 3390 
14 2 15587 19609 4076 
14 18 16187 18636 3724 
14 15 4091 6838 4548 
14 13 8919 10689 2152 
14 3 20207 22397 2694 
14 1 18141 19626 4016 
14 16 4637 8080 3225 
14 13 10220 11699 3228 
14 4 8810 13140 2006 
14 7 19030 21474 2712 
14 4 13362 16508 4012 
14 12 12651 15270 2254 
14 4 21264 25339 3009 
14 10 16406 19397 2124 
14 8 4852 7347 3096 
14 25 2527 5091 4592 
15 24 17984 19455 3273 
15 22 12673 16059 3480 
15 24 13263 14580 4364 
15 0 2881 6974 3117 
15 19 6195 9202 2718 
15 26 18527 20981 2338 
15 13 6409 9252 2282 
15 5 13987 15984 1922 
15 10 5583 9175 3039 
15 14 142 2686 2174 
15 14 9021 11093 4348 
15 23 3571 7042 3828 
15 1 8587 11099 4632 
15 10 1283 3916 2026 
15 23 8234 10551 1914 
15 7 8026 10411 2088 
16 19 17197 19455 2739 
16 10 18827 21321 1840 
16 9 16415 18546 2228 
16 9 4114 5762 4456 
16 28 4498 8603 1938 
16 11 5473 7373 3928 
16 8 5280 7317 2092 
16 18 4490 7495 3712 
16 1 9869 13088 2715 
16 3 7937 10052 2016 
16 6 13850 15967 2868 
16 7 272 3845 4368 
16 20 18948 23298 2991 
16 29 20185 22505 2350 
16 20 10216 12912 2991 
16 6 9500 11637 3824 
16 1 13051 15076 1810 
16 27 20695 22927 1900 
16 12 15783 19486 3198 
16 15 18918 21145 4488 
16 19 13274 16153 3652 
16 19 13201 15614 2739 
17 28 5865 7815 3812 
17 2 8905 12092 2308 
17 21 10847 13073 2086 
17 2 11948 15381 4616 
17 24 9925 14494 1828 
17 10 10705 13006 4444 
17 27 3207 5304 3405 
17 24 5111 9323 1828 
17 12 12247 15021 4040 
17 11 7888 11675 4748 
18 20 1969 4624 2985 
18 11 10022 11934 2104 
18 9 13757 15557 4196 
18 2 837 3281 2976 
18 14 15881 17931 4472 
18 25 10740 12614 4296 
18 12 13840 16755 1780 
18 16 5301 8193 1894 
18 24 13317 15237 4628 
18 16 18396 22028 2841 
18 23 1512 5488 3756 
18 16 5717 8138 1894 
18 26 2508 4165 4116 
19 18 15864 19708 3084 
19 8 9320 10782 2949 
19 8 11437 13396 1966 
19 0 12942 14845 4644 
19 14 2100 4892 2823 
19 5 10537 12479 2916 
19 18 6448 9511 2056 
19 6 6430 8946 4488 
19 20 4227 7308 4024 
19 17 19164 21622 2152 
20 28 4125 8346 2886 
20 27 2884 5524 3366 
20 13 19272 23095 4388 
20 22 20638 22928 2958 
20 10 3661 6281 3561 
20 10 13733 16274 3561 
20 7 17598 20062 4004 
20 11 1762 3850 1996 
20 16 1655 3624 1936 
20 4 19080 21446 3724 
20 5 9888 12904 4628 
20 19 9466 12415 3964 
20 7 20578 22615 2002 
21 19 19574 23026 4256 
21 11 17417 19223 2226 
21 10 8222 10926 2268 
21 11 18403 20571 4452 
21 28 3205 6169 2262 
21 29 4828 7002 2154 
21 10 662 3235 4536 
21 26 13829 17640 2246 
21 5 12011 15729 4484 
21 27 243 2465 3417 
21 26 21345 25523 3369 
21 17 19205 21187 2370 
21 20 20690 23364 3483 
21 6 17374 20283 3648 
21 10 126 3090 4536 
21 23 3123 4912 1972 
21 2 21567 24786 1936 
21 13 204 3566 4280 
21 11 5803 7707 2226 
21 22 1542 3702 4384 
21 2 4366 7887 3872 
21 19 18068 19962 3192 
22 18 8090 9587 4124 
22 29 20260 22168 3249 
22 8 18062 20161 4348 
22 20 2443 4387 3447 
22 26 19228 22223 1878 
22 15 16461 17940 1932 
22 1 3568 5251 2372 
22 5 10896 12744 4440 
22 25 5786 8959 2216 
22 26 8867 11372 1878 
22 21 20443 23352 2994 
22 27 9159 11915 4428 
22 15 4488 6690 1932 
22 13 13188 15606 3057 
23 2 7858 9926 3318 
23 10 9127 12167 2991 
23 7 5788 7892 3996 
23 4 18071 19689 3992 
23 11 481 2392 3546 
23 5 3380 5216 4512 
23 0 2441 5050 3447 
23 8 8720 10434 2248 
23 3 21338 24076 2104 
23 4 18121 20462 1996 
23 21 21735 24489 3222 
24 18 16434 19472 2274 
24 9 13212 15987 2724 
24 9 11085 13964 2724 
24 7 4943 8999 4240 
24 28 4422 6788 4508 
24 9 4067 6693 1816 
24 13 10511 13628 3964 
24 26 1309 4420 1822 
24 12 3229 5257 2308 
24 14 11096 13751 3285 
24 13 19275 22908 2973 
24 16 9992 12537 1956 
24 1 3645 5631 4536 
24 16 1386 5210 2934 
24 13 3131 7713 2973 
24 5 11464 14203 3444 
24 5 21460 23789 4592 
24 20 630 4235 1788 
24 8 4766 7206 4492 
24 20 19226 22048 2682 
24 2 16031 19170 1978 
24 21 16915 20956 2292 
24 23 18404 21433 3720 
24 11 261 2712 3884 
25 23 8041 10504 2290 
25 15 21561 24010 4544 
25 16 4549 6316 2230 
25 13 10526 13348 4748 
25 29 2026 4672 3432 
25 22 21496 23234 1976 
25 28 19935 21728 3381 
25 19 12847 14725 3540 
25 5 2875 4979 2745 
25 20 20695 23365 4464 
25 19 10797 12210 4720 
25 5 3610 6093 1830 
25 15 5852 8471 2272 
25 20 10564 13787 4464 
25 29 16092 20231 3432 
25 8 17195 19166 3288 
26 29 13262 16268 4304 
26 5 12957 15606 2838 
26 2 11200 13742 3120 
26 29 8617 10871 4304 
26 13 20002 22096 4368 
26 27 18492 22823 4032 
26 6 21175 23696 3546 
26 13 12746 15926 2184 
26 17 5762 8304 1990 
26 16 9217 11815 4000 
26 0 8348 10245 4504 
26 21 16859 19951 3848 
27 29 18321 21091 3876 
27 6 19194 20892 3555 
27 12 17208 19708 3129 
27 8 2053 4605 2877 
27 2 15790 17698 2326 
27 29 17293 20520 2907 
27 21 12254 14363 3000 
27 26 16007 18901 2784 
27 8 18015 20311 3836 
27 4 19345 20950 2312 
27 13 976 3869 2868 
27 9 9335 12677 2324 
28 20 2813 5856 1786 
28 9 8232 10421 4200 
28 1 1290 3443 3225 
28 0 13149 15953 1962 
28 6 20928 22911 4212 
28 3 19413 23507 4420 
28 20 4607 7409 2679 
28 1 3573 6711 3225 
28 19 9632 12105 2320 
28 20 5267 7600 2679 
28 14 12678 14644 4724 
28 13 892 3241 2370 
28 10 11512 14953 3792 
28 20 10251 13499 1786 
29 6 13701 16433 2778 
29 7 19925 22227 2260 
29 10 1436 4121 3267 
29 16 6167 7957 4188 
29 14 15258 17799 2724 
29 27 6504 9163 2176 
29 15 12738 14425 1988 
29 15 15362 17407 1988 
29 23 10358 13540 2706 
29 7 3425 5243 4520 
29 5 20826 23198 1814 

0 1 0 0
0 1 1 0
0 1 2 0
0 1 3 0
0 1 4 0
0 2 0 0
0 2 1 0
0 2 2 0
0 2 3 0
0 2 4 0
0 3 0 0
0 3 1 0
0 3 2 0
0 3 3 0
0 3 4 0
0 4 0 0
0 4 1 0
0 4 2 0
0 4 3 0
0 4 4 0
0 5 0 0
0 5 1 0
0 5 2 0
0 5 3 0
0 5 4 0
0 6 0 0
0 6 1 0
0 6 2 0
0 6 3 0
0 6 4 0
0 7 0 0
0 7 1 0
0 7 2 0
0 7 3 0
0 7 4 0
0 8 0 0
0 8 1 0
0 8 2 0
0 8 3 0
0 8 4 0
0 9 0 0
0 9 1 0
0 9 2 0
0 9 3 0
0 9 4 0
0 10 0 0
0 10 1 0
0 10 2 0
0 10 3 0
0 10 4 0
0 11 0 0
0 11 1 0
0 11 2 0
0 11 3 0
0 11 4 0
0 12 0 0
0 12 1 0
0 12 2 0
0 12 3 0
0 12 4 0
0 13 0 0
0 13 1 0
0 13 2 0
0 13 3 0
0 13 4 0
0 14 0 3079
0 14 1 3079
0 14 2 3079
0 14 3 0
0 14 4 0
0 15 0 0
0 15 1 0
0 15 2 0
0 15 3 0
0 15 4 0
0 16 0 0
0 16 1 0
0 16 2 0
0 16 3 0
0 16 4 0
0 17 0 0
0 17 1 0
0 17 2 0
0 17 3 0
0 17 4 0
0 18 0 3804
0 18 1 3804
0 18 2 0
0 18 3 0
0 18 4 0
0 19 0 3269
0 19 1 3269
0 19 2 3269
0 19 3 0
0 19 4 0
0 20 0 0
0 20 1 0
0 20 2 0
0 20 3 0
0 20 4 0
0 21 0 0
0 21 1 0
0 21 2 0
0 21 3 0
0 21 4 0
0 22 0 0
0 22 1 0
0 22 2 0
0 22 3 0
0 22 4 0
0 23 0 0
0 23 1 0
0 23 2 0
0 23 3 0
0 23 4 0
0 24 0 0
0 24 1 0
0 24 2 0
0 24 3 0
0 24 4 0
0 25 0 0
0 25 1 0
0 25 2 0
0 25 3 0
0 25 4 0
0 26 0 0
0 26 1 0
0 26 2 0
0 26 3 0
0 26 4 0
0 27 0 0
0 27 1 0
0 27 2 0
0 27 3 0
0 27 4 0
0 28 0 0
0 28 1 0
0 28 2 0
0 28 3 0
0 28 4 0
0 29 0 0
0 29 1 0
0 29 2 0
0 29 3 0
0 29 4 0
1 0 0 0
1 0 1 0
1 0 2 0
1 0 3 0
1 0 4 0
1 2 0 0
1 2 1 0
1 2 2 0
1 2 3 0
1 2 4 0
1 3 0 3911
1 3 1 3911
1 3 2 0
1 3 3 0
1 3 4 0
1 4 0 0
1 4 1 0
1 4 2 0
1 4 3 0
1 4 4 0
1 5 0 3755
1 5 1 3755
1 5 2 0
1 5 3 0
1 5 4 0
1 6 0 3814
1 6 1 3814
1 6 2 3814
1 6 3 0
1 6 4 0
1 7 0 0
1 7 1 0
1 7 2 0
1 7 3 0
1 7 4 0
1 8 0 0
1 8 1 0
1 8 2 0
1 8 3 0
1 8 4 0
1 9 0 0
1 9 1 0
1 9 2 0
1 9 3 0
1 9 4 0
1 10 0 0
1 10 1 0
1 10 2 0
1 10 3 0
1 10 4 0
1 11 0 0
1 11 1 0
1 11 2 0
1 11 3 0
1 11 4 0
1 12 0 0
1 12 1 0
1 12 2 0
1 12 3 0
1 12 4 0
1 13 0 0
1 13 1 0
1 13 2 0
1 13 3 0
1 13 4 0
1 14 0 0
1 14 1 0
1 14 2 0
1 14 3 0
1 14 4 0
1 15 0 3454
1 15 1 3454
1 15 2 3454
1 15 3 0
1 15 4 0
1 16 0 0
1 16 1 0
1 16 2 0
1 16 3 0
1 16 4 0
1 17 0 3670
1 17 1 3670
1 17 2 3670
1 17 3 0
1 17 4 0
1 18 0 0
1 18 1 0
1 18 2 0
1 18 3 0
1 18 4 0
1 19 0 0
1 19 1 0
1 19 2 0
1 19 3 0
1 19 4 0
1 20 0 0
1 20 1 0
1 20 2 0
1 20 3 0
1 20 4 0
1 21 0 0
1 21 1 0
1 21 2 0
1 21 3 0
1 21 4 0
1 22 0 0
1 22 1 0
1 22 2 0
1 22 3 0
1 22 4 0
1 23 0 0
1 23 1 0
1 23 2 0
1 23 3 0
1 23 4 0
1 24 0 0
1 24 1 0
1 24 2 0
1 24 3 0
1 24 4 0
1 25 0 0
1 25 1 0
1 25 2 0
1 25 3 0
1 25 4 0
1 26 0 0
1 26 1 0
1 26 2 0
1 26 3 0
1 26 4 0
1 27 0 3649
1 27 1 3649
1 27 2 0
1 27 3 0
1 27 4 0
1 28 0 0
1 28 1 0
1 28 2 0
1 28 3 0
1 28 4 0
1 29 0 0
1 29 1 0
1 29 2 0
1 29 3 0
1 29 4 0
2 0 0 3530
2 0 1 3530
2 0 2 0
2 0 3 0
2 0 4 0
2 1 0 0
2 1 1 0
2 1 2 0
2 1 3 0
2 1 4 0
2 3 0 3259
2 3 1 3259
2 3 2 3259
2 3 3 0
2 3 4 0
2 4 0 0
2 4 1 0
2 4 2 0
2 4 3 0
2 4 4 0
2 5 0 0
2 5 1 0
2 5 2 0
2 5 3 0
2 5 4 0
2 6 0 0
2 6 1 0
2 6 2 0
2 6 3 0
2 6 4 0
2 7 0 3778
2 7 1 3778
2 7 2 3778
2 7 3 0
2 7 4 0
2 8 0 0
2 8 1 0
2 8 2 0
2 8 3 0
2 8 4 0
2 9 0 0
2 9 1 0
2 9 2 0
2 9 3 0
2 9 4 0
2 10 0 0
2 10 1 0
2 10 2 0
2 10 3 0
2 10 4 0
2 11 0 0
2 11 1 0
2 11 2 0
2 11 3 0
2 11 4 0
2 12 0 0
2 12 1 0
2 12 2 0
2 12 3 0
2 12 4 0
2 13 0 3026
2 13 1 3026
2 13 2 0
2 13 3 0
2 13 4 0
2 14 0 0
2 14 1 0
2 14 2 0
2 14 3 0
2 14 4 0
2 15 0 3192
2 15 1 3192
2 15 2 0
2 15 3 0
2 15 4 0
2 16 0 3597
2 16 1 3597
2 16 2 0
2 16 3 0
2 16 4 0
2 17 0 3058
2 17 1 3058
2 17 2 0
2 17 3 0
2 17 4 0
2 18 0 0
2 18 1 0
2 18 2 0
2 18 3 0
2 18 4 0
2 19 0 0
2 19 1 0
2 19 2 0
2 19 3 0
2 19 4 0
2 20 0 3848
2 20 1 3848
2 20 2 3848
2 20 3 0
2 20 4 0
2 21 0 0
2 21 1 0
2 21 2 0
2 21 3 0
2 21 4 0
2 22 0 0
2 22 1 0
2 22 2 0
2 22 3 0
2 22 4 0
2 23 0 0
2 23 1 0
2 23 2 0
2 23 3 0
2 23 4 0
2 24 0 0
2 24 1 0
2 24 2 0
2 24 3 0
2 24 4 0
2 25 0 0
2 25 1 0
2 25 2 0
2 25 3 0
2 25 4 0
2 26 0 3003
2 26 1 3003
2 26 2 3003
2 26 3 0
2 26 4 0
2 27 0 3903
2 27 1 3903
2 27 2 0
2 27 3 0
2 27 4 0
2 28 0 0
2 28 1 0
2 28 2 0
2 28 3 0
2 28 4 0
2 29 0 0
2 29 1 0
2 29 2 0
2 29 3 0
2 29 4 0
3 0 0 0
3 0 1 0
3 0 2 0
3 0 3 0
3 0 4 0
3 1 0 0
3 1 1 0
3 1 2 0
3 1 3 0
3 1 4 0
3 2 0 3283
3 2 1 3283
3 2 2 0
3 2 3 0
3 2 4 0
3 4 0 0
3 4 1 0
3 4 2 0
3 4 3 0
3 4 4 0
3 5 0 3849
3 5 1 3849
3 5 2 3849
3 5 3 0
3 5 4 0
3 6 0 3072
3 6 1 3072
3 6 2 3072
3 6 3 0
3 6 4 0
3 7 0 0
3 7 1 0
3 7 2 0
3 7 3 0
3 7 4 0
3 8 0 0
3 8 1 0
3 8 2 0
3 8 3 0
3 8 4 0
3 9 0 0
3 9 1 0
3 9 2 0
3 9 3 0
3 9 4 0
3 10 0 0
3 10 1 0
3 10 2 0
3 10 3 0
3 10 4 0
3 11 0 0
3 11 1 0
3 11 2 0
3 11 3 0
3 11 4 0
3 12 0 0
3 12 1 0
3 12 2 0
3 12 3 0
3 12 4 0
3 13 0 0
3 13 1 0
3 13 2 0
3 13 3 0
3 13 4 0
3 14 0 0
3 14 1 0
3 14 2 0
3 14 3 0
3 14 4 0
3 15 0 0
3 15 1 0
3 15 2 0
3 15 3 0
3 15 4 0
3 16 0 0
3 16 1 0
3 16 2 0
3 16 3 0
3 16 4 0
3 17 0 3340
3 17 1 3340
3 17 2 3340
3 17 3 0
3 17 4 0
3 18 0 0
3 18 1 0
3 18 2 0
3 18 3 0
3 18 4 0
3 19 0 0
3 19 1 0
3 19 2 0
3 19 3 0
3 19 4 0
3 20 0 3715
3 20 1 3715
3 20 2 0
3 20 3 0
3 20 4 0
3 21 0 0
3 21 1 0
3 21 2 0
3 21 3 0
3 21 4 0
3 22 0 0
3 22 1 0
3 22 2 0
3 22 3 0
3 22 4 0
3 23 0 0
3 23 1 0
3 23 2 0
3 23 3 0
3 23 4 0
3 24 0 0
3 24 1 0
3 24 2 0
3 24 3 0
3 24 4 0
3 25 0 0
3 25 1 0
3 25 2 0
3 25 3 0
3 25 4 0
3 26 0 0
3 26 1 0
3 26 2 0
3 26 3 0
3 26 4 0
3 27 0 0
3 27 1 0
3 27 2 0
3 27 3 0
3 27 4 0
3 28 0 0
3 28 1 0
3 28 2 0
3 28 3 0
3 28 4 0
3 29 0 0
3 29 1 0
3 29 2 0
3 29 3 0
3 29 4 0
4 0 0 0
4 0 1 0
4 0 2 0
4 0 3 0
4 0 4 0
4 1 0 0
4 1 1 0
4 1 2 0
4 1 3 0
4 1 4 0
4 2 0 0
4 2 1 0
4 2 2 0
4 2 3 0
4 2 4 0
4 3 0 0
4 3 1 0
4 3 2 0
4 3 3 0
4 3 4 0
4 5 0 0
4 5 1 0
4 5 2 0
4 5 3 0
4 5 4 0
4 6 0 0
4 6 1 0
4 6 2 0
4 6 3 0
4 6 4 0
4 7 0 0
4 7 1 0
4 7 2 0
4 7 3 0
4 7 4 0
4 8 0 0
4 8 1 0
4 8 2 0
4 8 3 0
4 8 4 0
4 9 0 0
4 9 1 0
4 9 2 0
4 9 3 0
4 9 4 0
4 10 0 0
4 10 1 0
4 10 2 0
4 10 3 0
4 10 4 0
4 11 0 0
4 11 1 0
4 11 2 0
4 11 3 0
4 11 4 0
4 12 0 0
4 12 1 0
4 12 2 0
4 12 3 0
4 12 4 0
4 13 0 0
4 13 1 0
4 13 2 0
4 13 3 0
4 13 4 0
4 14 0 0
4 14 1 0
4 14 2 0
4 14 3 0
4 14 4 0
4 15 0 0
4 15 1 0
4 15 2 0
4 15 3 0
4 15 4 0
4 16 0 0
4 16 1 0
4 16 2 0
4 16 3 0
4 16 4 0
4 17 0 3988
4 17 1 3988
4 17 2 0
4 17 3 0
4 17 4 0
4 18 0 0
4 18 1 0
4 18 2 0
4 18 3 0
4 18 4 0
4 19 0 0
4 19 1 0
4 19 2 0
4 19 3 0
4 19 4 0
4 20 0 0
4 20 1 0
4 20 2 0
4 20 3 0
4 20 4 0
4 21 0 0
4 21 1 0
4 21 2 0
4 21 3 0
4 21 4 0
4 22 0 0
4 22 1 0
4 22 2 0
4 22 3 0
4 22 4 0
4 23 0 3999
4 23 1 3999
4 23 2 0
4 23 3 0
4 23 4 0
4 24 0 0
4 24 1 0
4 24 2 0
4 24 3 0
4 24 4 0
4 25 0 3722
4 25 1 3722
4 25 2 3722
4 25 3 0
4 25 4 0
4 26 0 0
4 26 1 0
4 26 2 0
4 26 3 0
4 26 4 0
4 27 0 3863
4 27 1 3863
4 27 2 3863
4 27 3 0
4 27 4 0
4 28 0 0
4 28 1 0
4 28 2 0
4 28 3 0
4 28 4 0
4 29 0 0
4 29 1 0
4 29 2 0
4 29 3 0
4 29 4 0
5 0 0 3895
5 0 1 3895
5 0 2 0
5 0 3 0
5 0 4 0
5 1 0 0
5 1 1 0
5 1 2 0
5 1 3 0
5 1 4 0
5 2 0 3074
5 2 1 3074
5 2 2 3074
5 2 3 0
5 2 4 0
5 3 0 3130
5 3 1 3130
5 3 2 0
5 3 3 0
5 3 4 0
5 4 0 3896
5 4 1 3896
5 4 2 3896
5 4 3 0
5 4 4 0
5 6 0 3911
5 6 1 3911
5 6 2 0
5 6 3 0
5 6 4 0
5 7 0 0
5 7 1 0
5 7 2 0
5 7 3 0
5 7 4 0
5 8 0 3935
5 8 1 3935
5 8 2 0
5 8 3 0
5 8 4 0
5 9 0 0
5 9 1 0
5 9 2 0
5 9 3 0
5 9 4 0
5 10 0 3095
5 10 1 3095
5 10 2 3095
5 10 3 0
5 10 4 0
5 11 0 0
5 11 1 0
5 11 2 0
5 11 3 0
5 11 4 0
5 12 0 3602
5 12 1 3602
5 12 2 0
5 12 3 0
5 12 4 0
5 13 0 3892
5 13 1 3892
5 13 2 3892
5 13 3 0
5 13 4 0
5 14 0 0
5 14 1 0
5 14 2 0
5 14 3 0
5 14 4 0
5 15 0 3029
5 15 1 3029
5 15 2 0
5 15 3 0
5 15 4 0
5 16 0 0
5 16 1 0
5 16 2 0
5 16 3 0
5 16 4 0
5 17 0 0
5 17 1 0
5 17 2 0
5 17 3 0
5 17 4 0
5 18 0 0
5 18 1 0
5 18 2 0
5 18 3 0
5 18 4 0
5 19 0 0
5 19 1 0
5 19 2 0
5 19 3 0
5 19 4 0
5 20 0 0
5 20 1 0
5 20 2 0
5 20 3 0
5 20 4 0
5 21 0 0
5 21 1 0
5 21 2 0
5 21 3 0
5 21 4 0
5 22 0 3272
5 22 1 3272
5 22 2 3272
5 22 3 0
5 22 4 0
5 23 0 0
5 23 1 0
5 23 2 0
5 23 3 0
5 23 4 0
5 24 0 0
5 24 1 0
5 24 2 0
5 24 3 0
5 24 4 0
5 25 0 0
5 25 1 0
5 25 2 0
5 25 3 0
5 25 4 0
5 26 0 0
5 26 1 0
5 26 2 0
5 26 3 0
5 26 4 0
5 27 0 0
5 27 1 0
5 27 2 0
5 27 3 0
5 27 4 0
5 28 0 3525
5 28 1 3525
5 28 2 3525
5 28 3 0
5 28 4 0
5 29 0 3482
5 29 1 3482
5 29 2 0
5 29 3 0
5 29 4 0
6 0 0 0
6 0 1 0
6 0 2 0
6 0 3 0
6 0 4 0
6 1 0 0
6 1 1 0
6 1 2 0
6 1 3 0
6 1 4 0
6 2 0 0
6 2 1 0
6 2 2 0
6 2 3 0
6 2 4 0
6 3 0 0
6 3 1 0
6 3 2 0
6 3 3 0
6 3 4 0
6 4 0 0
6 4 1 0
6 4 2 0
6 4 3 0
6 4 4 0
6 5 0 0
6 5 1 0
6 5 2 0
6 5 3 0
6 5 4 0
6 7 0 0
6 7 1 0
6 7 2 0
6 7 3 0
6 7 4 0
6 8 0 0
6 8 1 0
6 8 2 0
6 8 3 0
6 8 4 0
6 9 0 0
6 9 1 0
6 9 2 0
6 9 3 0
6 9 4 0
6 10 0 3102
6 10 1 3102
6 10 2 0
6 10 3 0
6 10 4 0
6 11 0 0
6 11 1 0
6 11 2 0
6 11 3 0
6 11 4 0
6 12 0 0
6 12 1 0
6 12 2 0
6 12 3 0
6 12 4 0
6 13 0 0
6 13 1 0
6 13 2 0
6 13 3 0
6 13 4 0
6 14 0 0
6 14 1 0
6 14 2 0
6 14 3 0
6 14 4 0
6 15 0 0
6 15 1 0
6 15 2 0
6 15 3 0
6 15 4 0
6 16 0 0
6 16 1 0
6 16 2 0
6 16 3 0
6 16 4 0
6 17 0 0
6 17 1 0
6 17 2 0
6 17 3 0
6 17 4 0
6 18 0 0
6 18 1 0
6 18 2 0
6 18 3 0
6 18 4 0
6 19 0 0
6 19 1 0
6 19 2 0
6 19 3 0
6 19 4 0
6 20 0 0
6 20 1 0
6 20 2 0
6 20 3 0
6 20 4 0
6 21 0 0
6 21 1 0
6 21 2 0
6 21 3 0
6 21 4 0
6 22 0 0
6 22 1 0
6 22 2 0
6 22 3 0
6 22 4 0
6 23 0 0
6 23 1 0
6 23 2 0
6 23 3 0
6 23 4 0
6 24 0 0
6 24 1 0
6 24 2 0
6 24 3 0
6 24 4 0
6 25 0 0
6 25 1 0
6 25 2 0
6 25 3 0
6 25 4 0
6 26 0 0
6 26 1 0
6 26 2 0
6 26 3 0
6 26 4 0
6 27 0 3217
6 27 1 3217
6 27 2 0
6 27 3 0
6 27 4 0
6 28 0 0
6 28 1 0
6 28 2 0
6 28 3 0
6 28 4 0
6 29 0 0
6 29 1 0
6 29 2 0
6 29 3 0
6 29 4 0
7 0 0 0
7 0 1 0
7 0 2 0
7 0 3 0
7 0 4 0
7 1 0 3014
7 1 1 3014
7 1 2 3014
7 1 3 0
7 1 4 0
7 2 0 0
7 2 1 0
7 2 2 0
7 2 3 0
7 2 4 0
7 3 0 0
7 3 1 0
7 3 2 0
7 3 3 0
7 3 4 0
7 4 0 0
7 4 1 0
7 4 2 0
7 4 3 0
7 4 4 0
7 5 0 0
7 5 1 0
7 5 2 0
7 5 3 0
7 5 4 0
7 6 0 0
7 6 1 0
7 6 2 0
7 6 3 0
7 6 4 0
7 8 0 0
7 8 1 0
7 8 2 0
7 8 3 0
7 8 4 0
7 9 0 0
7 9 1 0
7 9 2 0
7 9 3 0
7 9 4 0
7 10 0 0
7 10 1 0
7 10 2 0
7 10 3 0
7 10 4 0
7 11 0 3786
7 11 1 3786
7 11 2 3786
7 11 3 0
7 11 4 0
7 12 0 3556
7 12 1 3556
7 12 2 0
7 12 3 0
7 12 4 0
7 13 0 0
7 13 1 0
7 13 2 0
7 13 3 0
7 13 4 0
7 14 0 3328
7 14 1 3328
7 14 2 3328
7 14 3 0
7 14 4 0
7 15 0 0
7 15 1 0
7 15 2 0
7 15 3 0
7 15 4 0
7 16 0 0
7 16 1 0
7 16 2 0
7 16 3 0
7 16 4 0
7 17 0 0
7 17 1 0
7 17 2 0
7 17 3 0
7 17 4 0
7 18 0 0
7 18 1 0
7 18 2 0
7 18 3 0
7 18 4 0
7 19 0 0
7 19 1 0
7 19 2 0
7 19 3 0
7 19 4 0
7 20 0 0
7 20 1 0
7 20 2 0
7 20 3 0
7 20 4 0
7 21 0 0
7 21 1 0
7 21 2 0
7 21 3 0
7 21 4 0
7 22 0 0
7 22 1 0
7 22 2 0
7 22 3 0
7 22 4 0
7 23 0 0
7 23 1 0
7 23 2 0
7 23 3 0
7 23 4 0
7 24 0 0
7 24 1 0
7 24 2 0
7 24 3 0
7 24 4 0
7 25 0 0
7 25 1 0
7 25 2 0
7 25 3 0
7 25 4 0
7 26 0 0
7 26 1 0
7 26 2 0
7 26 3 0
7 26 4 0
7 27 0 0
7 27 1 0
7 27 2 0
7 27 3 0
7 27 4 0
7 28 0 0
7 28 1 0
7 28 2 0
7 28 3 0
7 28 4 0
7 29 0 3932
7 29 1 3932
7 29 2 3932
7 29 3 0
7 29 4 0
8 0 0 0
8 0 1 0
8 0 2 0
8 0 3 0
8 0 4 0
8 1 0 3723
8 1 1 3723
8 1 2 3723
8 1 3 0
8 1 4 0
8 2 0 0
8 2 1 0
8 2 2 0
8 2 3 0
8 2 4 0
8 3 0 0
8 3 1 0
8 3 2 0
8 3 3 0
8 3 4 0
8 4 0 0
8 4 1 0
8 4 2 0
8 4 3 0
8 4 4 0
8 5 0 0
8 5 1 0
8 5 2 0
8 5 3 0
8 5 4 0
8 6 0 0
8 6 1 0
8 6 2 0
8 6 3 0
8 6 4 0
8 7 0 0
8 7 1 0
8 7 2 0
8 7 3 0
8 7 4 0
8 9 0 0
8 9 1 0
8 9 2 0
8 9 3 0
8 9 4 0
8 10 0 0
8 10 1 0
8 10 2 0
8 10 3 0
8 10 4 0
8 11 0 0
8 11 1 0
8 11 2 0
8 11 3 0
8 11 4 0
8 12 0 0
8 12 1 0
8 12 2 0
8 12 3 0
8 12 4 0
8 13 0 3085
8 13 1 3085
8 13 2 0
8 13 3 0
8 13 4 0
8 14 0 0
8 14 1 0
8 14 2 0
8 14 3 0
8 14 4 0
8 15 0 0
8 15 1 0
8 15 2 0
8 15 3 0
8 15 4 0
8 16 0 0
8 16 1 0
8 16 2 0
8 16 3 0
8 16 4 0
8 17 0 0
8 17 1 0
8 17 2 0
8 17 3 0
8 17 4 0
8 18 0 0
8 18 1 0
8 18 2 0
8 18 3 0
8 18 4 0
8 19 0 0
8 19 1 0
8 19 2 0
8 19 3 0
8 19 4 0
8 20 0 3149
8 20 1 3149
8 20 2 3149
8 20 3 0
8 20 4 0
8 21 0 3456
8 21 1 3456
8 21 2 0
8 21 3 0
8 21 4 0
8 22 0 0
8 22 1 0
8 22 2 0
8 22 3 0
8 22 4 0
8 23 0 0
8 23 1 0
8 23 2 0
8 23 3 0
8 23 4 0
8 24 0 0
8 24 1 0
8 24 2 0
8 24 3 0
8 24 4 0
8 25 0 0
8 25 1 0
8 25 2 0
8 25 3 0
8 25 4 0
8 26 0 0
8 26 1 0
8 26 2 0
8 26 3 0
8 26 4 0
8 27 0 0
8 27 1 0
8 27 2 0
8 27 3 0
8 27 4 0
8 28 0 3769
8 28 1 3769
8 28 2 3769
8 28 3 0
8 28 4 0
8 29 0 3124
8 29 1 3124
8 29 2 0
8 29 3 0
8 29 4 0
9 0 0 0
9 0 1 0
9 0 2 0
9 0 3 0
9 0 4 0
9 1 0 0
9 1 1 0
9 1 2 0
9 1 3 0
9 1 4 0
9 2 0 3857
9 2 1 3857
9 2 2 3857
9 2 3 0
9 2 4 0
9 3 0 0
9 3 1 0
9 3 2 0
9 3 3 0
9 3 4 0
9 4 0 0
9 4 1 0
9 4 2 0
9 4 3 0
9 4 4 0
9 5 0 0
9 5 1 0
9 5 2 0
9 5 3 0
9 5 4 0
9 6 0 3088
9 6 1 3088
9 6 2 3088
9 6 3 0
9 6 4 0
9 7 0 3053
9 7 1 3053
9 7 2 0
9 7 3 0
9 7 4 0
9 8 0 0
9 8 1 0
9 8 2 0
9 8 3 0
9 8 4 0
9 10 0 0
9 10 1 0
9 10 2 0
9 10 3 0
9 10 4 0
9 11 0 0
9 11 1 0
9 11 2 0
9 11 3 0
9 11 4 0
9 12 0 0
9 12 1 0
9 12 2 0
9 12 3 0
9 12 4 0
9 13 0 3721
9 13 1 3721
9 13 2 0
9 13 3 0
9 13 4 0
9 14 0 0
9 14 1 0
9 14 2 0
9 14 3 0
9 14 4 0
9 15 0 3183
9 15 1 3183
9 15 2 0
9 15 3 0
9 15 4 0
9 16 0 0
9 16 1 0
9 16 2 0
9 16 3 0
9 16 4 0
9 17 0 0
9 17 1 0
9 17 2 0
9 17 3 0
9 17 4 0
9 18 0 0
9 18 1 0
9 18 2 0
9 18 3 0
9 18 4 0
9 19 0 0
9 19 1 0
9 19 2 0
9 19 3 0
9 19 4 0
9 20 0 0
9 20 1 0
9 20 2 0
9 20 3 0
9 20 4 0
9 21 0 0
9 21 1 0
9 21 2 0
9 21 3 0
9 21 4 0
9 22 0 0
9 22 1 0
9 22 2 0
9 22 3 0
9 22 4 0
9 23 0 0
9 23 1 0
9 23 2 0
9 23 3 0
9 23 4 0
9 24 0 0
9 24 1 0
9 24 2 0
9 24 3 0
9 24 4 0
9 25 0 3266
9 25 1 3266
9 25 2 3266
9 25 3 0
9 25 4 0
9 26 0 0
9 26 1 0
9 26 2 0
9 26 3 0
9 26 4 0
9 27 0 0
9 27 1 0
9 27 2 0
9 27 3 0
9 27 4 0
9 28 0 3664
9 28 1 3664
9 28 2 0
9 28 3 0
9 28 4 0
9 29 0 0
9 29 1 0
9 29 2 0
9 29 3 0
9 29 4 0
10 0 0 0
10 0 1 0
10 0 2 0
10 0 3 0
10 0 4 0
10 1 0 3914
10 1 1 3914
10 1 2 0
10 1 3 0
10 1 4 0
10 2 0 3765
10 2 1 3765
10 2 2 0
10 2 3 0
10 2 4 0
10 3 0 0
10 3 1 0
10 3 2 0
10 3 3 0
10 3 4 0
10 4 0 0
10 4 1 0
10 4 2 0
10 4 3 0
10 4 4 0
10 5 0 0
10 5 1 0
10 5 2 0
10 5 3 0
10 5 4 0
10 6 0 3197
10 6 1 3197
10 6 2 3197
10 6 3 0
10 6 4 0
10 7 0 3142
10 7 1 3142
10 7 2 3142
10 7 3 0
10 7 4 0
10 8 0 0
10 8 1 0
10 8 2 0
10 8 3 0
10 8 4 0
10 9 0 0
10 9 1 0
10 9 2 0
10 9 3 0
10 9 4 0
10 11 0 0
10 11 1 0
10 11 2 0
10 11 3 0
10 11 4 0
10 12 0 0
10 12 1 0
10 12 2 0
10 12 3 0
10 12 4 0
10 13 0 0
10 13 1 0
10 13 2 0
10 13 3 0
10 13 4 0
10 14 0 3460
10 14 1 3460
10 14 2 0
10 14 3 0
10 14 4 0
10 15 0 3999
10 15 1 3999
10 15 2 3999
10 15 3 0
10 15 4 0
10 16 0 0
10 16 1 0
10 16 2 0
10 16 3 0
10 16 4 0
10 17 0 3765
10 17 1 3765
10 17 2 3765
10 17 3 0
10 17 4 0
10 18 0 0
10 18 1 0
10 18 2 0
10 18 3 0
10 18 4 0
10 19 0 0
10 19 1 0
10 19 2 0
10 19 3 0
10 19 4 0
10 20 0 0
10 20 1 0
10 20 2 0
10 20 3 0
10 20 4 0
10 21 0 0
10 21 1 0
10 21 2 0
10 21 3 0
10 21 4 0
10 22 0 3656
10 22 1 3656
10 22 2 0
10 22 3 0
10 22 4 0
10 23 0 0
10 23 1 0
10 23 2 0
10 23 3 0
10 23 4 0
10 24 0 0
10 24 1 0
10 24 2 0
10 24 3 0
10 24 4 0
10 25 0 0
10 25 1 0
10 25 2 0
10 25 3 0
10 25 4 0
10 26 0 3693
10 26 1 3693
10 26 2 3693
10 26 3 0
10 26 4 0
10 27 0 3682
10 27 1 3682
10 27 2 0
10 27 3 0
10 27 4 0
10 28 0 0
10 28 1 0
10 28 2 0
10 28 3 0
10 28 4 0
10 29 0 3012
10 29 1 3012
10 29 2 0
10 29 3 0
10 29 4 0
11 0 0 0
11 0 1 0
11 0 2 0
11 0 3 0
11 0 4 0
11 1 0 0
11 1 1 0
11 1 2 0
11 1 3 0
11 1 4 0
11 2 0 3596
11 2 1 3596
11 2 2 0
11 2 3 0
11 2 4 0
11 3 0 0
11 3 1 0
11 3 2 0
11 3 3 0
11 3 4 0
11 4 0 0
11 4 1 0
11 4 2 0
11 4 3 0
11 4 4 0
11 5 0 0
11 5 1 0
11 5 2 0
11 5 3 0
11 5 4 0
11 6 0 3430
11 6 1 3430
11 6 2 0
11 6 3 0
11 6 4 0
11 7 0 0
11 7 1 0
11 7 2 0
11 7 3 0
11 7 4 0
11 8 0 0
11 8 1 0
11 8 2 0
11 8 3 0
11 8 4 0
11 9 0 0
11 9 1 0
11 9 2 0
11 9 3 0
11 9 4 0
11 10 0 0
11 10 1 0
11 10 2 0
11 10 3 0
11 10 4 0
11 12 0 0
11 12 1 0
11 12 2 0
11 12 3 0
11 12 4 0
11 13 0 0
11 13 1 0
11 13 2 0
11 13 3 0
11 13 4 0
11 14 0 0
11 14 1 0
11 14 2 0
11 14 3 0
11 14 4 0
11 15 0 0
11 15 1 0
11 15 2 0
11 15 3 0
11 15 4 0
11 16 0 0
11 16 1 0
11 16 2 0
11 16 3 0
11 16 4 0
11 17 0 0
11 17 1 0
11 17 2 0
11 17 3 0
11 17 4 0
11 18 0 0
11 18 1 0
11 18 2 0
11 18 3 0
11 18 4 0
11 19 0 0
11 19 1 0
11 19 2 0
11 19 3 0
11 19 4 0
11 20 0 0
11 20 1 0
11 20 2 0
11 20 3 0
11 20 4 0
11 21 0 0
11 21 1 0
11 21 2 0
11 21 3 0
11 21 4 0
11 22 0 3371
11 22 1 3371
11 22 2 3371
11 22 3 0
11 22 4 0
11 23 0 0
11 23 1 0
11 23 2 0
11 23 3 0
11 23 4 0
11 24 0 3950
11 24 1 3950
11 24 2 3950
11 24 3 0
11 24 4 0
11 25 0 3261
11 25 1 3261
11 25 2 3261
11 25 3 0
11 25 4 0
11 26 0 0
11 26 1 0
11 26 2 0
11 26 3 0
11 26 4 0
11 27 0 0
11 27 1 0
11 27 2 0
11 27 3 0
11 27 4 0
11 28 0 3839
11 28 1 3839
11 28 2 0
11 28 3 0
11 28 4 0
11 29 0 0
11 29 1 0
11 29 2 0
11 29 3 0
11 29 4 0
12 0 0 0
12 0 1 0
12 0 2 0
12 0 3 0
12 0 4 0
12 1 0 0
12 1 1 0
12 1 2 0
12 1 3 0
12 1 4 0
12 2 0 3490
12 2 1 3490
12 2 2 0
12 2 3 0
12 2 4 0
12 3 0 3685
12 3 1 3685
12 3 2 3685
12 3 3 0
12 3 4 0
12 4 0 0
12 4 1 0
12 4 2 0
12 4 3 0
12 4 4 0
12 5 0 0
12 5 1 0
12 5 2 0
12 5 3 0
12 5 4 0
12 6 0 3086
12 6 1 3086
12 6 2 3086
12 6 3 0
12 6 4 0
12 7 0 0
12 7 1 0
12 7 2 0
12 7 3 0
12 7 4 0
12 8 0 0
12 8 1 0
12 8 2 0
12 8 3 0
12 8 4 0
12 9 0 3575
12 9 1 3575
12 9 2 3575
12 9 3 0
12 9 4 0
12 10 0 0
12 10 1 0
12 10 2 0
12 10 3 0
12 10 4 0
12 11 0 0
12 11 1 0
12 11 2 0
12 11 3 0
12 11 4 0
12 13 0 0
12 13 1 0
12 13 2 0
12 13 3 0
12 13 4 0
12 14 0 0
12 14 1 0
12 14 2 0
12 14 3 0
12 14 4 0
12 15 0 3643
12 15 1 3643
12 15 2 0
12 15 3 0
12 15 4 0
12 16 0 0
12 16 1 0
12 16 2 0
12 16 3 0
12 16 4 0
12 17 0 0
12 17 1 0
12 17 2 0
12 17 3 0
12 17 4 0
12 18 0 0
12 18 1 0
12 18 2 0
12 18 3 0
12 18 4 0
12 19 0 3864
12 19 1 3864
12 19 2 3864
12 19 3 0
12 19 4 0
12 20 0 0
12 20 1 0
12 20 2 0
12 20 3 0
12 20 4 0
12 21 0 0
12 21 1 0
12 21 2 0
12 21 3 0
12 21 4 0
12 22 0 0
12 22 1 0
12 22 2 0
12 22 3 0
12 22 4 0
12 23 0 3110
12 23 1 3110
12 23 2 3110
12 23 3 0
12 23 4 0
12 24 0 0
12 24 1 0
12 24 2 0
12 24 3 0
12 24 4 0
12 25 0 0
12 25 1 0
12 25 2 0
12 25 3 0
12 25 4 0
12 26 0 0
12 26 1 0
12 26 2 0
12 26 3 0
12 26 4 0
12 27 0 0
12 27 1 0
12 27 2 0
12 27 3 0
12 27 4 0
12 28 0 3448
12 28 1 3448
12 28 2 0
12 28 3 0
12 28 4 0
12 29 0 0
12 29 1 0
12 29 2 0
12 29 3 0
12 29 4 0
13 0 0 3339
13 0 1 3339
13 0 2 0
13 0 3 0
13 0 4 0
13 1 0 3364
13 1 1 3364
13 1 2 0
13 1 3 0
13 1 4 0
13 2 0 0
13 2 1 0
13 2 2 0
13 2 3 0
13 2 4 0
13 3 0 0
13 3 1 0
13 3 2 0
13 3 3 0
13 3 4 0
13 4 0 0
13 4 1 0
13 4 2 0
13 4 3 0
13 4 4 0
13 5 0 3531
13 5 1 3531
13 5 2 3531
13 5 3 0
13 5 4 0
13 6 0 0
13 6 1 0
13 6 2 0
13 6 3 0
13 6 4 0
13 7 0 3497
13 7 1 3497
13 7 2 0
13 7 3 0
13 7 4 0
13 8 0 0
13 8 1 0
13 8 2 0
13 8 3 0
13 8 4 0
13 9 0 3050
13 9 1 3050
13 9 2 3050
13 9 3 0
13 9 4 0
13 10 0 3861
13 10 1 3861
13 10 2 3861
13 10 3 0
13 10 4 0
13 11 0 3135
13 11 1 3135
13 11 2 3135
13 11 3 0
13 11 4 0
13 12 0 3459
13 12 1 3459
13 12 2 3459
13 12 3 0
13 12 4 0
13 14 0 3048
13 14 1 3048
13 14 2 3048
13 14 3 0
13 14 4 0
13 15 0 0
13 15 1 0
13 15 2 0
13 15 3 0
13 15 4 0
13 16 0 0
13 16 1 0
13 16 2 0
13 16 3 0
13 16 4 0
13 17 0 3201
13 17 1 3201
13 17 2 3201
13 17 3 0
13 17 4 0
13 18 0 0
13 18 1 0
13 18 2 0
13 18 3 0
13 18 4 0
13 19 0 3260
13 19 1 3260
13 19 2 0
13 19 3 0
13 19 4 0
13 20 0 0
13 20 1 0
13 20 2 0
13 20 3 0
13 20 4 0
13 21 0 3239
13 21 1 3239
13 21 2 3239
13 21 3 0
13 21 4 0
13 22 0 0
13 22 1 0
13 22 2 0
13 22 3 0
13 22 4 0
13 23 0 0
13 23 1 0
13 23 2 0
13 23 3 0
13 23 4 0
13 24 0 0
13 24 1 0
13 24 2 0
13 24 3 0
13 24 4 0
13 25 0 0
13 25 1 0
13 25 2 0
13 25 3 0
13 25 4 0
13 26 0 0
13 26 1 0
13 26 2 0
13 26 3 0
13 26 4 0
13 27 0 0
13 27 1 0
13 27 2 0
13 27 3 0
13 27 4 0
13 28 0 0
13 28 1 0
13 28 2 0
13 28 3 0
13 28 4 0
13 29 0 0
13 29 1 0
13 29 2 0
13 29 3 0
13 29 4 0
14 0 0 0
14 0 1 0
14 0 2 0
14 0 3 0
14 0 4 0
14 1 0 3596
14 1 1 3596
14 1 2 3596
14 1 3 0
14 1 4 0
14 2 0 3210
14 2 1 3210
14 2 2 0
14 2 3 0
14 2 4 0
14 3 0 0
14 3 1 0
14 3 2 0
14 3 3 0
14 3 4 0
14 4 0 3584
14 4 1 3584
14 4 2 0
14 4 3 0
14 4 4 0
14 5 0 0
14 5 1 0
14 5 2 0
14 5 3 0
14 5 4 0
14 6 0 0
14 6 1 0
14 6 2 0
14 6 3 0
14 6 4 0
14 7 0 0
14 7 1 0
14 7 2 0
14 7 3 0
14 7 4 0
14 8 0 3427
14 8 1 3427
14 8 2 3427
14 8 3 0
14 8 4 0
14 9 0 0
14 9 1 0
14 9 2 0
14 9 3 0
14 9 4 0
14 10 0 0
14 10 1 0
14 10 2 0
14 10 3 0
14 10 4 0
14 11 0 0
14 11 1 0
14 11 2 0
14 11 3 0
14 11 4 0
14 12 0 0
14 12 1 0
14 12 2 0
14 12 3 0
14 12 4 0
14 13 0 0
14 13 1 0
14 13 2 0
14 13 3 0
14 13 4 0
14 15 0 0
14 15 1 0
14 15 2 0
14 15 3 0
14 15 4 0
14 16 0 0
14 16 1 0
14 16 2 0
14 16 3 0
14 16 4 0
14 17 0 0
14 17 1 0
14 17 2 0
14 17 3 0
14 17 4 0
14 18 0 0
14 18 1 0
14 18 2 0
14 18 3 0
14 18 4 0
14 19 0 0
14 19 1 0
14 19 2 0
14 19 3 0
14 19 4 0
14 20 0 0
14 20 1 0
14 20 2 0
14 20 3 0
14 20 4 0
14 21 0 0
14 21 1 0
14 21 2 0
14 21 3 0
14 21 4 0
14 22 0 0
14 22 1 0
14 22 2 0
14 22 3 0
14 22 4 0
14 23 0 0
14 23 1 0
14 23 2 0
14 23 3 0
14 23 4 0
14 24 0 0
14 24 1 0
14 24 2 0
14 24 3 0
14 24 4 0
14 25 0 3012
14 25 1 3012
14 25 2 3012
14 25 3 0
14 25 4 0
14 26 0 0
14 26 1 0
14 26 2 0
14 26 3 0
14 26 4 0
14 27 0 3890
14 27 1 3890
14 27 2 3890
14 27 3 0
14 27 4 0
14 28 0 0
14 28 1 0
14 28 2 0
14 28 3 0
14 28 4 0
14 29 0 0
14 29 1 0
14 29 2 0
14 29 3 0
14 29 4 0
15 0 0 0
15 0 1 0
15 0 2 0
15 0 3 0
15 0 4 0
15 1 0 3299
15 1 1 3299
15 1 2 0
15 1 3 0
15 1 4 0
15 2 0 0
15 2 1 0
15 2 2 0
15 2 3 0
15 2 4 0
15 3 0 0
15 3 1 0
15 3 2 0
15 3 3 0
15 3 4 0
15 4 0 0
15 4 1 0
15 4 2 0
15 4 3 0
15 4 4 0
15 5 0 0
15 5 1 0
15 5 2 0
15 5 3 0
15 5 4 0
15 6 0 3758
15 6 1 3758
15 6 2 3758
15 6 3 0
15 6 4 0
15 7 0 0
15 7 1 0
15 7 2 0
15 7 3 0
15 7 4 0
15 8 0 0
15 8 1 0
15 8 2 0
15 8 3 0
15 8 4 0
15 9 0 0
15 9 1 0
15 9 2 0
15 9 3 0
15 9 4 0
15 10 0 0
15 10 1 0
15 10 2 0
15 10 3 0
15 10 4 0
15 11 0 0
15 11 1 0
15 11 2 0
15 11 3 0
15 11 4 0
15 12 0 0
15 12 1 0
15 12 2 0
15 12 3 0
15 12 4 0
15 13 0 0
15 13 1 0
15 13 2 0
15 13 3 0
15 13 4 0
15 14 0 0
15 14 1 0
15 14 2 0
15 14 3 0
15 14 4 0
15 16 0 0
15 16 1 0
15 16 2 0
15 16 3 0
15 16 4 0
15 17 0 3087
15 17 1 3087
15 17 2 0
15 17 3 0
15 17 4 0
15 18 0 0
15 18 1 0
15 18 2 0
15 18 3 0
15 18 4 0
15 19 0 0
15 19 1 0
15 19 2 0
15 19 3 0
15 19 4 0
15 20 0 0
15 20 1 0
15 20 2 0
15 20 3 0
15 20 4 0
15 21 0 0
15 21 1 0
15 21 2 0
15 21 3 0
15 21 4 0
15 22 0 0
15 22 1 0
15 22 2 0
15 22 3 0
15 22 4 0
15 23 0 0
15 23 1 0
15 23 2 0
15 23 3 0
15 23 4 0
15 24 0 0
15 24 1 0
15 24 2 0
15 24 3 0
15 24 4 0
15 25 0 0
15 25 1 0
15 25 2 0
15 25 3 0
15 25 4 0
15 26 0 0
15 26 1 0
15 26 2 0
15 26 3 0
15 26 4 0
15 27 0 0
15 27 1 0
15 27 2 0
15 27 3 0
15 27 4 0
15 28 0 0
15 28 1 0
15 28 2 0
15 28 3 0
15 28 4 0
15 29 0 0
15 29 1 0
15 29 2 0
15 29 3 0
15 29 4 0
16 0 0 0
16 0 1 0
16 0 2 0
16 0 3 0
16 0 4 0
16 1 0 0
16 1 1 0
16 1 2 0
16 1 3 0
16 1 4 0
16 2 0 0
16 2 1 0
16 2 2 0
16 2 3 0
16 2 4 0
16 3 0 0
16 3 1 0
16 3 2 0
16 3 3 0
16 3 4 0
16 4 0 0
16 4 1 0
16 4 2 0
16 4 3 0
16 4 4 0
16 5 0 0
16 5 1 0
16 5 2 0
16 5 3 0
16 5 4 0
16 6 0 3191
16 6 1 3191
16 6 2 3191
16 6 3 0
16 6 4 0
16 7 0 0
16 7 1 0
16 7 2 0
16 7 3 0
16 7 4 0
16 8 0 3720
16 8 1 3720
16 8 2 3720
16 8 3 0
16 8 4 0
16 9 0 0
16 9 1 0
16 9 2 0
16 9 3 0
16 9 4 0
16 10 0 0
16 10 1 0
16 10 2 0
16 10 3 0
16 10 4 0
16 11 0 0
16 11 1 0
16 11 2 0
16 11 3 0
16 11 4 0
16 12 0 3295
16 12 1 3295
16 12 2 3295
16 12 3 0
16 12 4 0
16 13 0 3027
16 13 1 3027
16 13 2 0
16 13 3 0
16 13 4 0
16 14 0 0
16 14 1 0
16 14 2 0
16 14 3 0
16 14 4 0
16 15 0 0
16 15 1 0
16 15 2 0
16 15 3 0
16 15 4 0
16 17 0 0
16 17 1 0
16 17 2 0
16 17 3 0
16 17 4 0
16 18 0 3618
16 18 1 3618
16 18 2 0
16 18 3 0
16 18 4 0
16 19 0 0
16 19 1 0
16 19 2 0
16 19 3 0
16 19 4 0
16 20 0 0
16 20 1 0
16 20 2 0
16 20 3 0
16 20 4 0
16 21 0 0
16 21 1 0
16 21 2 0
16 21 3 0
16 21 4 0
16 22 0 3641
16 22 1 3641
16 22 2 3641
16 22 3 0
16 22 4 0
16 23 0 0
16 23 1 0
16 23 2 0
16 23 3 0
16 23 4 0
16 24 0 3059
16 24 1 3059
16 24 2 0
16 24 3 0
16 24 4 0
16 25 0 0
16 25 1 0
16 25 2 0
16 25 3 0
16 25 4 0
16 26 0 0
16 26 1 0
16 26 2 0
16 26 3 0
16 26 4 0
16 27 0 0
16 27 1 0
16 27 2 0
16 27 3 0
16 27 4 0
16 28 0 3234
16 28 1 3234
16 28 2 0
16 28 3 0
16 28 4 0
16 29 0 0
16 29 1 0
16 29 2 0
16 29 3 0
16 29 4 0
17 0 0 0
17 0 1 0
17 0 2 0
17 0 3 0
17 0 4 0
17 1 0 0
17 1 1 0
17 1 2 0
17 1 3 0
17 1 4 0
17 2 0 3550
17 2 1 3550
17 2 2 0
17 2 3 0
17 2 4 0
17 3 0 0
17 3 1 0
17 3 2 0
17 3 3 0
17 3 4 0
17 4 0 3812
17 4 1 3812
17 4 2 3812
17 4 3 0
17 4 4 0
17 5 0 3742
17 5 1 3742
17 5 2 0
17 5 3 0
17 5 4 0
17 6 0 0
17 6 1 0
17 6 2 0
17 6 3 0
17 6 4 0
17 7 0 0
17 7 1 0
17 7 2 0
17 7 3 0
17 7 4 0
17 8 0 0
17 8 1 0
17 8 2 0
17 8 3 0
17 8 4 0
17 9 0 3594
17 9 1 3594
17 9 2 0
17 9 3 0
17 9 4 0
17 10 0 0
17 10 1 0
17 10 2 0
17 10 3 0
17 10 4 0
17 11 0 3917
17 11 1 3917
17 11 2 3917
17 11 3 0
17 11 4 0
17 12 0 0
17 12 1 0
17 12 2 0
17 12 3 0
17 12 4 0
17 13 0 0
17 13 1 0
17 13 2 0
17 13 3 0
17 13 4 0
17 14 0 0
17 14 1 0
17 14 2 0
17 14 3 0
17 14 4 0
17 15 0 0
17 15 1 0
17 15 2 0
17 15 3 0
17 15 4 0
17 16 0 0
17 16 1 0
17 16 2 0
17 16 3 0
17 16 4 0
17 18 0 0
17 18 1 0
17 18 2 0
17 18 3 0
17 18 4 0
17 19 0 0
17 19 1 0
17 19 2 0
17 19 3 0
17 19 4 0
17 20 0 0
17 20 1 0
17 20 2 0
17 20 3 0
17 20 4 0
17 21 0 0
17 21 1 0
17 21 2 0
17 21 3 0
17 21 4 0
17 22 0 0
17 22 1 0
17 22 2 0
17 22 3 0
17 22 4 0
17 23 0 0
17 23 1 0
17 23 2 0
17 23 3 0
17 23 4 0
17 24 0 0
17 24 1 0
17 24 2 0
17 24 3 0
17 24 4 0
17 25 0 0
17 25 1 0
17 25 2 0
17 25 3 0
17 25 4 0
17 26 0 0
17 26 1 0
17 26 2 0
17 26 3 0
17 26 4 0
17 27 0 0
17 27 1 0
17 27 2 0
17 27 3 0
17 27 4 0
17 28 0 0
17 28 1 0
17 28 2 0
17 28 3 0
17 28 4 0
17 29 0 0
17 29 1 0
17 29 2 0
17 29 3 0
17 29 4 0
18 0 0 0
18 0 1 0
18 0 2 0
18 0 3 0
18 0 4 0
18 1 0 0
18 1 1 0
18 1 2 0
18 1 3 0
18 1 4 0
18 2 0 0
18 2 1 0
18 2 2 0
18 2 3 0
18 2 4 0
18 3 0 0
18 3 1 0
18 3 2 0
18 3 3 0
18 3 4 0
18 4 0 0
18 4 1 0
18 4 2 0
18 4 3 0
18 4 4 0
18 5 0 0
18 5 1 0
18 5 2 0
18 5 3 0
18 5 4 0
18 6 0 3933
18 6 1 3933
18 6 2 3933
18 6 3 0
18 6 4 0
18 7 0 0
18 7 1 0
18 7 2 0
18 7 3 0
18 7 4 0
18 8 0 0
18 8 1 0
18 8 2 0
18 8 3 0
18 8 4 0
18 9 0 0
18 9 1 0
18 9 2 0
18 9 3 0
18 9 4 0
18 10 0 0
18 10 1 0
18 10 2 0
18 10 3 0
18 10 4 0
18 11 0 0
18 11 1 0
18 11 2 0
18 11 3 0
18 11 4 0
18 12 0 0
18 12 1 0
18 12 2 0
18 12 3 0
18 12 4 0
18 13 0 3699
18 13 1 3699
18 13 2 3699
18 13 3 0
18 13 4 0
18 14 0 0
18 14 1 0
18 14 2 0
18 14 3 0
18 14 4 0
18 15 0 0
18 15 1 0
18 15 2 0
18 15 3 0
18 15 4 0
18 16 0 3033
18 16 1 3033
18 16 2 3033
18 16 3 0
18 16 4 0
18 17 0 0
18 17 1 0
18 17 2 0
18 17 3 0
18 17 4 0
18 19 0 0
18 19 1 0
18 19 2 0
18 19 3 0
18 19 4 0
18 20 0 0
18 20 1 0
18 20 2 0
18 20 3 0
18 20 4 0
18 21 0 0
18 21 1 0
18 21 2 0
18 21 3 0
18 21 4 0
18 22 0 3736
18 22 1 3736
18 22 2 3736
18 22 3 0
18 22 4 0
18 23 0 0
18 23 1 0
18 23 2 0
18 23 3 0
18 23 4 0
18 24 0 3648
18 24 1 3648
18 24 2 0
18 24 3 0
18 24 4 0
18 25 0 0
18 25 1 0
18 25 2 0
18 25 3 0
18 25 4 0
18 26 0 3253
18 26 1 3253
18 26 2 3253
18 26 3 0
18 26 4 0
18 27 0 0
18 27 1 0
18 27 2 0
18 27 3 0
18 27 4 0
18 28 0 0
18 28 1 0
18 28 2 0
18 28 3 0
18 28 4 0
18 29 0 0
18 29 1 0
18 29 2 0
18 29 3 0
18 29 4 0
19 0 0 3383
19 0 1 3383
19 0 2 0
19 0 3 0
19 0 4 0
19 1 0 0
19 1 1 0
19 1 2 0
19 1 3 0
19 1 4 0
19 2 0 0
19 2 1 0
19 2 2 0
19 2 3 0
19 2 4 0
19 3 0 0
19 3 1 0
19 3 2 0
19 3 3 0
19 3 4 0
19 4 0 0
19 4 1 0
19 4 2 0
19 4 3 0
19 4 4 0
19 5 0 3273
19 5 1 3273
19 5 2 3273
19 5 3 0
19 5 4 0
19 6 0 3756
19 6 1 3756
19 6 2 3756
19 6 3 0
19 6 4 0
19 7 0 0
19 7 1 0
19 7 2 0
19 7 3 0
19 7 4 0
19 8 0 0
19 8 1 0
19 8 2 0
19 8 3 0
19 8 4 0
19 9 0 0
19 9 1 0
19 9 2 0
19 9 3 0
19 9 4 0
19 10 0 0
19 10 1 0
19 10 2 0
19 10 3 0
19 10 4 0
19 11 0 0
19 11 1 0
19 11 2 0
19 11 3 0
19 11 4 0
19 12 0 3794
19 12 1 3794
19 12 2 3794
19 12 3 0
19 12 4 0
19 13 0 0
19 13 1 0
19 13 2 0
19 13 3 0
19 13 4 0
19 14 0 0
19 14 1 0
19 14 2 0
19 14 3 0
19 14 4 0
19 15 0 0
19 15 1 0
19 15 2 0
19 15 3 0
19 15 4 0
19 16 0 0
19 16 1 0
19 16 2 0
19 16 3 0
19 16 4 0
19 17 0 3533
19 17 1 3533
19 17 2 0
19 17 3 0
19 17 4 0
19 18 0 0
19 18 1 0
19 18 2 0
19 18 3 0
19 18 4 0
19 20 0 0
19 20 1 0
19 20 2 0
19 20 3 0
19 20 4 0
19 21 0 3583
19 21 1 3583
19 21 2 0
19 21 3 0
19 21 4 0
19 22 0 0
19 22 1 0
19 22 2 0
19 22 3 0
19 22 4 0
19 23 0 0
19 23 1 0
19 23 2 0
19 23 3 0
19 23 4 0
19 24 0 3604
19 24 1 3604
19 24 2 0
19 24 3 0
19 24 4 0
19 25 0 0
19 25 1 0
19 25 2 0
19 25 3 0
19 25 4 0
19 26 0 0
19 26 1 0
19 26 2 0
19 26 3 0
19 26 4 0
19 27 0 0
19 27 1 0
19 27 2 0
19 27 3 0
19 27 4 0
19 28 0 3743
19 28 1 3743
19 28 2 0
19 28 3 0
19 28 4 0
19 29 0 0
19 29 1 0
19 29 2 0
19 29 3 0
19 29 4 0
20 0 0 0
20 0 1 0
20 0 2 0
20 0 3 0
20 0 4 0
20 1 0 0
20 1 1 0
20 1 2 0
20 1 3 0
20 1 4 0
20 2 0 0
20 2 1 0
20 2 2 0
20 2 3 0
20 2 4 0
20 3 0 0
20 3 1 0
20 3 2 0
20 3 3 0
20 3 4 0
20 4 0 3562
20 4 1 3562
20 4 2 3562
20 4 3 0
20 4 4 0
20 5 0 3608
20 5 1 3608
20 5 2 0
20 5 3 0
20 5 4 0
20 6 0 0
20 6 1 0
20 6 2 0
20 6 3 0
20 6 4 0
20 7 0 0
20 7 1 0
20 7 2 0
20 7 3 0
20 7 4 0
20 8 0 0
20 8 1 0
20 8 2 0
20 8 3 0
20 8 4 0
20 9 0 3988
20 9 1 3988
20 9 2 3988
20 9 3 0
20 9 4 0
20 10 0 3459
20 10 1 3459
20 10 2 3459
20 10 3 0
20 10 4 0
20 11 0 3325
20 11 1 3325
20 11 2 0
20 11 3 0
20 11 4 0
20 12 0 0
20 12 1 0
20 12 2 0
20 12 3 0
20 12 4 0
20 13 0 3682
20 13 1 3682
20 13 2 3682
20 13 3 0
20 13 4 0
20 14 0 0
20 14 1 0
20 14 2 0
20 14 3 0
20 14 4 0
20 15 0 3703
20 15 1 3703
20 15 2 0
20 15 3 0
20 15 4 0
20 16 0 3476
20 16 1 3476
20 16 2 0
20 16 3 0
20 16 4 0
20 17 0 0
20 17 1 0
20 17 2 0
20 17 3 0
20 17 4 0
20 18 0 0
20 18 1 0
20 18 2 0
20 18 3 0
20 18 4 0
20 19 0 0
20 19 1 0
20 19 2 0
20 19 3 0
20 19 4 0
20 21 0 0
20 21 1 0
20 21 2 0
20 21 3 0
20 21 4 0
20 22 0 0
20 22 1 0
20 22 2 0
20 22 3 0
20 22 4 0
20 23 0 0
20 23 1 0
20 23 2 0
20 23 3 0
20 23 4 0
20 24 0 0
20 24 1 0
20 24 2 0
20 24 3 0
20 24 4 0
20 25 0 0
20 25 1 0
20 25 2 0
20 25 3 0
20 25 4 0
20 26 0 3000
20 26 1 3000
20 26 2 3000
20 26 3 0
20 26 4 0
20 27 0 0
20 27 1 0
20 27 2 0
20 27 3 0
20 27 4 0
20 28 0 3067
20 28 1 3067
20 28 2 0
20 28 3 0
20 28 4 0
20 29 0 0
20 29 1 0
20 29 2 0
20 29 3 0
20 29 4 0
21 0 0 0
21 0 1 0
21 0 2 0
21 0 3 0
21 0 4 0
21 1 0 3330
21 1 1 3330
21 1 2 3330
21 1 3 0
21 1 4 0
21 2 0 3583
21 2 1 3583
21 2 2 0
21 2 3 0
21 2 4 0
21 3 0 0
21 3 1 0
21 3 2 0
21 3 3 0
21 3 4 0
21 4 0 3758
21 4 1 3758
21 4 2 0
21 4 3 0
21 4 4 0
21 5 0 0
21 5 1 0
21 5 2 0
21 5 3 0
21 5 4 0
21 6 0 0
21 6 1 0
21 6 2 0
21 6 3 0
21 6 4 0
21 7 0 3430
21 7 1 3430
21 7 2 0
21 7 3 0
21 7 4 0
21 8 0 0
21 8 1 0
21 8 2 0
21 8 3 0
21 8 4 0
21 9 0 0
21 9 1 0
21 9 2 0
21 9 3 0
21 9 4 0
21 10 0 0
21 10 1 0
21 10 2 0
21 10 3 0
21 10 4 0
21 11 0 0
21 11 1 0
21 11 2 0
21 11 3 0
21 11 4 0
21 12 0 0
21 12 1 0
21 12 2 0
21 12 3 0
21 12 4 0
21 13 0 0
21 13 1 0
21 13 2 0
21 13 3 0
21 13 4 0
21 14 0 0
21 14 1 0
21 14 2 0
21 14 3 0
21 14 4 0
21 15 0 0
21 15 1 0
21 15 2 0
21 15 3 0
21 15 4 0
21 16 0 0
21 16 1 0
21 16 2 0
21 16 3 0
21 16 4 0
21 17 0 0
21 17 1 0
21 17 2 0
21 17 3 0
21 17 4 0
21 18 0 3945
21 18 1 3945
21 18 2 0
21 18 3 0
21 18 4 0
21 19 0 0
21 19 1 0
21 19 2 0
21 19 3 0
21 19 4 0
21 20 0 0
21 20 1 0
21 20 2 0
21 20 3 0
21 20 4 0
21 22 0 0
21 22 1 0
21 22 2 0
21 22 3 0
21 22 4 0
21 23 0 3292
21 23 1 3292
21 23 2 3292
21 23 3 0
21 23 4 0
21 24 0 0
21 24 1 0
21 24 2 0
21 24 3 0
21 24 4 0
21 25 0 0
21 25 1 0
21 25 2 0
21 25 3 0
21 25 4 0
21 26 0 0
21 26 1 0
21 26 2 0
21 26 3 0
21 26 4 0
21 27 0 0
21 27 1 0
21 27 2 0
21 27 3 0
21 27 4 0
21 28 0 0
21 28 1 0
21 28 2 0
21 28 3 0
21 28 4 0
21 29 0 0
21 29 1 0
21 29 2 0
21 29 3 0
21 29 4 0
22 0 0 3038
22 0 1 3038
22 0 2 3038
22 0 3 0
22 0 4 0
22 1 0 0
22 1 1 0
22 1 2 0
22 1 3 0
22 1 4 0
22 2 0 0
22 2 1 0
22 2 2 0
22 2 3 0
22 2 4 0
22 3 0 0
22 3 1 0
22 3 2 0
22 3 3 0
22 3 4 0
22 4 0 3406
22 4 1 3406
22 4 2 0
22 4 3 0
22 4 4 0
22 5 0 0
22 5 1 0
22 5 2 0
22 5 3 0
22 5 4 0
22 6 0 0
22 6 1 0
22 6 2 0
22 6 3 0
22 6 4 0
22 7 0 3623
22 7 1 3623
22 7 2 3623
22 7 3 0
22 7 4 0
22 8 0 0
22 8 1 0
22 8 2 0
22 8 3 0
22 8 4 0
22 9 0 0
22 9 1 0
22 9 2 0
22 9 3 0
22 9 4 0
22 10 0 0
22 10 1 0
22 10 2 0
22 10 3 0
22 10 4 0
22 11 0 0
22 11 1 0
22 11 2 0
22 11 3 0
22 11 4 0
22 12 0 0
22 12 1 0
22 12 2 0
22 12 3 0
22 12 4 0
22 13 0 0
22 13 1 0
22 13 2 0
22 13 3 0
22 13 4 0
22 14 0 0
22 14 1 0
22 14 2 0
22 14 3 0
22 14 4 0
22 15 0 3816
22 15 1 3816
22 15 2 3816
22 15 3 0
22 15 4 0
22 16 0 0
22 16 1 0
22 16 2 0
22 16 3 0
22 16 4 0
22 17 0 0
22 17 1 0
22 17 2 0
22 17 3 0
22 17 4 0
22 18 0 0
22 18 1 0
22 18 2 0
22 18 3 0
22 18 4 0
22 19 0 0
22 19 1 0
22 19 2 0
22 19 3 0
22 19 4 0
22 20 0 0
22 20 1 0
22 20 2 0
22 20 3 0
22 20 4 0
22 21 0 0
22 21 1 0
22 21 2 0
22 21 3 0
22 21 4 0
22 23 0 0
22 23 1 0
22 23 2 0
22 23 3 0
22 23 4 0
22 24 0 0
22 24 1 0
22 24 2 0
22 24 3 0
22 24 4 0
22 25 0 0
22 25 1 0
22 25 2 0
22 25 3 0
22 25 4 0
22 26 0 3044
22 26 1 3044
22 26 2 0
22 26 3 0
22 26 4 0
22 27 0 0
22 27 1 0
22 27 2 0
22 27 3 0
22 27 4 0
22 28 0 0
22 28 1 0
22 28 2 0
22 28 3 0
22 28 4 0
22 29 0 0
22 29 1 0
22 29 2 0
22 29 3 0
22 29 4 0
23 0 0 3060
23 0 1 3060
23 0 2 3060
23 0 3 0
23 0 4 0
23 1 0 0
23 1 1 0
23 1 2 0
23 1 3 0
23 1 4 0
23 2 0 0
23 2 1 0
23 2 2 0
23 2 3 0
23 2 4 0
23 3 0 3936
23 3 1 3936
23 3 2 0
23 3 3 0
23 3 4 0
23 4 0 3193
23 4 1 3193
23 4 2 0
23 4 3 0
23 4 4 0
23 5 0 0
23 5 1 0
23 5 2 0
23 5 3 0
23 5 4 0
23 6 0 0
23 6 1 0
23 6 2 0
23 6 3 0
23 6 4 0
23 7 0 0
23 7 1 0
23 7 2 0
23 7 3 0
23 7 4 0
23 8 0 0
23 8 1 0
23 8 2 0
23 8 3 0
23 8 4 0
23 9 0 0
23 9 1 0
23 9 2 0
23 9 3 0
23 9 4 0
23 10 0 3616
23 10 1 3616
23 10 2 3616
23 10 3 0
23 10 4 0
23 11 0 0
23 11 1 0
23 11 2 0
23 11 3 0
23 11 4 0
23 12 0 3843
23 12 1 3843
23 12 2 0
23 12 3 0
23 12 4 0
23 13 0 0
23 13 1 0
23 13 2 0
23 13 3 0
23 13 4 0
23 14 0 0
23 14 1 0
23 14 2 0
23 14 3 0
23 14 4 0
23 15 0 0
23 15 1 0
23 15 2 0
23 15 3 0
23 15 4 0
23 16 0 0
23 16 1 0
23 16 2 0
23 16 3 0
23 16 4 0
23 17 0 3381
23 17 1 3381
23 17 2 3381
23 17 3 0
23 17 4 0
23 18 0 0
23 18 1 0
23 18 2 0
23 18 3 0
23 18 4 0
23 19 0 3718
23 19 1 3718
23 19 2 3718
23 19 3 0
23 19 4 0
23 20 0 3119
23 20 1 3119
23 20 2 3119
23 20 3 0
23 20 4 0
23 21 0 0
23 21 1 0
23 21 2 0
23 21 3 0
23 21 4 0
23 22 0 3365
23 22 1 3365
23 22 2 3365
23 22 3 0
23 22 4 0
23 24 0 3981
23 24 1 3981
23 24 2 3981
23 24 3 0
23 24 4 0
23 25 0 0
23 25 1 0
23 25 2 0
23 25 3 0
23 25 4 0
23 26 0 3757
23 26 1 3757
23 26 2 3757
23 26 3 0
23 26 4 0
23 27 0 0
23 27 1 0
23 27 2 0
23 27 3 0
23 27 4 0
23 28 0 0
23 28 1 0
23 28 2 0
23 28 3 0
23 28 4 0
23 29 0 0
23 29 1 0
23 29 2 0
23 29 3 0
23 29 4 0
24 0 0 0
24 0 1 0
24 0 2 0
24 0 3 0
24 0 4 0
24 1 0 0
24 1 1 0
24 1 2 0
24 1 3 0
24 1 4 0
24 2 0 0
24 2 1 0
24 2 2 0
24 2 3 0
24 2 4 0
24 3 0 3120
24 3 1 3120
24 3 2 0
24 3 3 0
24 3 4 0
24 4 0 0
24 4 1 0
24 4 2 0
24 4 3 0
24 4 4 0
24 5 0 0
24 5 1 0
24 5 2 0
24 5 3 0
24 5 4 0
24 6 0 0
24 6 1 0
24 6 2 0
24 6 3 0
24 6 4 0
24 7 0 0
24 7 1 0
24 7 2 0
24 7 3 0
24 7 4 0
24 8 0 3853
24 8 1 3853
24 8 2 3853
24 8 3 0
24 8 4 0
24 9 0 0
24 9 1 0
24 9 2 0
24 9 3 0
24 9 4 0
24 10 0 0
24 10 1 0
24 10 2 0
24 10 3 0
24 10 4 0
24 11 0 0
24 11 1 0
24 11 2 0
24 11 3 0
24 11 4 0
24 12 0 3786
24 12 1 3786
24 12 2 3786
24 12 3 0
24 12 4 0
24 13 0 0
24 13 1 0
24 13 2 0
24 13 3 0
24 13 4 0
24 14 0 3525
24 14 1 3525
24 14 2 3525
24 14 3 0
24 14 4 0
24 15 0 0
24 15 1 0
24 15 2 0
24 15 3 0
24 15 4 0
24 16 0 3452
24 16 1 3452
24 16 2 3452
24 16 3 0
24 16 4 0
24 17 0 0
24 17 1 0
24 17 2 0
24 17 3 0
24 17 4 0
24 18 0 0
24 18 1 0
24 18 2 0
24 18 3 0
24 18 4 0
24 19 0 0
24 19 1 0
24 19 2 0
24 19 3 0
24 19 4 0
24 20 0 3725
24 20 1 3725
24 20 2 0
24 20 3 0
24 20 4 0
24 21 0 0
24 21 1 0
24 21 2 0
24 21 3 0
24 21 4 0
24 22 0 0
24 22 1 0
24 22 2 0
24 22 3 0
24 22 4 0
24 23 0 0
24 23 1 0
24 23 2 0
24 23 3 0
24 23 4 0
24 25 0 0
24 25 1 0
24 25 2 0
24 25 3 0
24 25 4 0
24 26 0 0
24 26 1 0
24 26 2 0
24 26 3 0
24 26 4 0
24 27 0 0
24 27 1 0
24 27 2 0
24 27 3 0
24 27 4 0
24 28 0 0
24 28 1 0
24 28 2 0
24 28 3 0
24 28 4 0
24 29 0 0
24 29 1 0
24 29 2 0
24 29 3 0
24 29 4 0
25 0 0 3500
25 0 1 3500
25 0 2 0
25 0 3 0
25 0 4 0
25 1 0 0
25 1 1 0
25 1 2 0
25 1 3 0
25 1 4 0
25 2 0 3626
25 2 1 3626
25 2 2 3626
25 2 3 0
25 2 4 0
25 3 0 0
25 3 1 0
25 3 2 0
25 3 3 0
25 3 4 0
25 4 0 3189
25 4 1 3189
25 4 2 0
25 4 3 0
25 4 4 0
25 5 0 0
25 5 1 0
25 5 2 0
25 5 3 0
25 5 4 0
25 6 0 0
25 6 1 0
25 6 2 0
25 6 3 0
25 6 4 0
25 7 0 0
25 7 1 0
25 7 2 0
25 7 3 0
25 7 4 0
25 8 0 3439
25 8 1 3439
25 8 2 3439
25 8 3 0
25 8 4 0
25 9 0 0
25 9 1 0
25 9 2 0
25 9 3 0
25 9 4 0
25 10 0 0
25 10 1 0
25 10 2 0
25 10 3 0
25 10 4 0
25 11 0 3684
25 11 1 3684
25 11 2 3684
25 11 3 0
25 11 4 0
25 12 0 0
25 12 1 0
25 12 2 0
25 12 3 0
25 12 4 0
25 13 0 3343
25 13 1 3343
25 13 2 0
25 13 3 0
25 13 4 0
25 14 0 3383
25 14 1 3383
25 14 2 3383
25 14 3 0
25 14 4 0
25 15 0 0
25 15 1 0
25 15 2 0
25 15 3 0
25 15 4 0
25 16 0 0
25 16 1 0
25 16 2 0
25 16 3 0
25 16 4 0
25 17 0 3687
25 17 1 3687
25 17 2 0
25 17 3 0
25 17 4 0
25 18 0 3556
25 18 1 3556
25 18 2 3556
25 18 3 0
25 18 4 0
25 19 0 0
25 19 1 0
25 19 2 0
25 19 3 0
25 19 4 0
25 20 0 0
25 20 1 0
25 20 2 0
25 20 3 0
25 20 4 0
25 21 0 0
25 21 1 0
25 21 2 0
25 21 3 0
25 21 4 0
25 22 0 0
25 22 1 0
25 22 2 0
25 22 3 0
25 22 4 0
25 23 0 0
25 23 1 0
25 23 2 0
25 23 3 0
25 23 4 0
25 24 0 0
25 24 1 0
25 24 2 0
25 24 3 0
25 24 4 0
25 26 0 3991
25 26 1 3991
25 26 2 0
25 26 3 0
25 26 4 0
25 27 0 0
25 27 1 0
25 27 2 0
25 27 3 0
25 27 4 0
25 28 0 3461
25 28 1 3461
25 28 2 3461
25 28 3 0
25 28 4 0
25 29 0 3461
25 29 1 3461
25 29 2 0
25 29 3 0
25 29 4 0
26 0 0 0
26 0 1 0
26 0 2 0
26 0 3 0
26 0 4 0
26 1 0 3969
26 1 1 3969
26 1 2 0
26 1 3 0
26 1 4 0
26 2 0 0
26 2 1 0
26 2 2 0
26 2 3 0
26 2 4 0
26 3 0 0
26 3 1 0
26 3 2 0
26 3 3 0
26 3 4 0
26 4 0 0
26 4 1 0
26 4 2 0
26 4 3 0
26 4 4 0
26 5 0 0
26 5 1 0
26 5 2 0
26 5 3 0
26 5 4 0
26 6 0 3275
26 6 1 3275
26 6 2 0
26 6 3 0
26 6 4 0
26 7 0 3875
26 7 1 3875
26 7 2 3875
26 7 3 0
26 7 4 0
26 8 0 3187
26 8 1 3187
26 8 2 0
26 8 3 0
26 8 4 0
26 9 0 0
26 9 1 0
26 9 2 0
26 9 3 0
26 9 4 0
26 10 0 0
26 10 1 0
26 10 2 0
26 10 3 0
26 10 4 0
26 11 0 0
26 11 1 0
26 11 2 0
26 11 3 0
26 11 4 0
26 12 0 0
26 12 1 0
26 12 2 0
26 12 3 0
26 12 4 0
26 13 0 3160
26 13 1 3160
26 13 2 3160
26 13 3 0
26 13 4 0
26 14 0 0
26 14 1 0
26 14 2 0
26 14 3 0
26 14 4 0
26 15 0 0
26 15 1 0
26 15 2 0
26 15 3 0
26 15 4 0
26 16 0 3309
26 16 1 3309
26 16 2 0
26 16 3 0
26 16 4 0
26 17 0 0
26 17 1 0
26 17 2 0
26 17 3 0
26 17 4 0
26 18 0 0
26 18 1 0
26 18 2 0
26 18 3 0
26 18 4 0
26 19 0 3752
26 19 1 3752
26 19 2 0
26 19 3 0
26 19 4 0
26 20 0 0
26 20 1 0
26 20 2 0
26 20 3 0
26 20 4 0
26 21 0 0
26 21 1 0
26 21 2 0
26 21 3 0
26 21 4 0
26 22 0 0
26 22 1 0
26 22 2 0
26 22 3 0
26 22 4 0
26 23 0 0
26 23 1 0
26 23 2 0
26 23 3 0
26 23 4 0
26 24 0 3724
26 24 1 3724
26 24 2 0
26 24 3 0
26 24 4 0
26 25 0 0
26 25 1 0
26 25 2 0
26 25 3 0
26 25 4 0
26 27 0 3517
26 27 1 3517
26 27 2 0
26 27 3 0
26 27 4 0
26 28 0 0
26 28 1 0
26 28 2 0
26 28 3 0
26 28 4 0
26 29 0 0
26 29 1 0
26 29 2 0
26 29 3 0
26 29 4 0
27 0 0 0
27 0 1 0
27 0 2 0
27 0 3 0
27 0 4 0
27 1 0 0
27 1 1 0
27 1 2 0
27 1 3 0
27 1 4 0
27 2 0 0
27 2 1 0
27 2 2 0
27 2 3 0
27 2 4 0
27 3 0 0
27 3 1 0
27 3 2 0
27 3 3 0
27 3 4 0
27 4 0 3102
27 4 1 3102
27 4 2 0
27 4 3 0
27 4 4 0
27 5 0 3718
27 5 1 3718
27 5 2 3718
27 5 3 0
27 5 4 0
27 6 0 3853
27 6 1 3853
27 6 2 0
27 6 3 0
27 6 4 0
27 7 0 0
27 7 1 0
27 7 2 0
27 7 3 0
27 7 4 0
27 8 0 0
27 8 1 0
27 8 2 0
27 8 3 0
27 8 4 0
27 9 0 0
27 9 1 0
27 9 2 0
27 9 3 0
27 9 4 0
27 10 0 3902
27 10 1 3902
27 10 2 0
27 10 3 0
27 10 4 0
27 11 0 0
27 11 1 0
27 11 2 0
27 11 3 0
27 11 4 0
27 12 0 0
27 12 1 0
27 12 2 0
27 12 3 0
27 12 4 0
27 13 0 0
27 13 1 0
27 13 2 0
27 13 3 0
27 13 4 0
27 14 0 0
27 14 1 0
27 14 2 0
27 14 3 0
27 14 4 0
27 15 0 0
27 15 1 0
27 15 2 0
27 15 3 0
27 15 4 0
27 16 0 0
27 16 1 0
27 16 2 0
27 16 3 0
27 16 4 0
27 17 0 0
27 17 1 0
27 17 2 0
27 17 3 0
27 17 4 0
27 18 0 3804
27 18 1 3804
27 18 2 3804
27 18 3 0
27 18 4 0
27 19 0 3547
27 19 1 3547
27 19 2 3547
27 19 3 0
27 19 4 0
27 20 0 0
27 20 1 0
27 20 2 0
27 20 3 0
27 20 4 0
27 21 0 0
27 21 1 0
27 21 2 0
27 21 3 0
27 21 4 0
27 22 0 0
27 22 1 0
27 22 2 0
27 22 3 0
27 22 4 0
27 23 0 0
27 23 1 0
27 23 2 0
27 23 3 0
27 23 4 0
27 24 0 3672
27 24 1 3672
27 24 2 0
27 24 3 0
27 24 4 0
27 25 0 0
27 25 1 0
27 25 2 0
27 25 3 0
27 25 4 0
27 26 0 0
27 26 1 0
27 26 2 0
27 26 3 0
27 26 4 0
27 28 0 0
27 28 1 0
27 28 2 0
27 28 3 0
27 28 4 0
27 29 0 0
27 29 1 0
27 29 2 0
27 29 3 0
27 29 4 0
28 0 0 0
28 0 1 0
28 0 2 0
28 0 3 0
28 0 4 0
28 1 0 0
28 1 1 0
28 1 2 0
28 1 3 0
28 1 4 0
28 2 0 0
28 2 1 0
28 2 2 0
28 2 3 0
28 2 4 0
28 3 0 0
28 3 1 0
28 3 2 0
28 3 3 0
28 3 4 0
28 4 0 3223
28 4 1 3223
28 4 2 0
28 4 3 0
28 4 4 0
28 5 0 3814
28 5 1 3814
28 5 2 3814
28 5 3 0
28 5 4 0
28 6 0 0
28 6 1 0
28 6 2 0
28 6 3 0
28 6 4 0
28 7 0 3745
28 7 1 3745
28 7 2 0
28 7 3 0
28 7 4 0
28 8 0 3554
28 8 1 3554
28 8 2 3554
28 8 3 0
28 8 4 0
28 9 0 0
28 9 1 0
28 9 2 0
28 9 3 0
28 9 4 0
28 10 0 0
28 10 1 0
28 10 2 0
28 10 3 0
28 10 4 0
28 11 0 3687
28 11 1 3687
28 11 2 0
28 11 3 0
28 11 4 0
28 12 0 0
28 12 1 0
28 12 2 0
28 12 3 0
28 12 4 0
28 13 0 0
28 13 1 0
28 13 2 0
28 13 3 0
28 13 4 0
28 14 0 0
28 14 1 0
28 14 2 0
28 14 3 0
28 14 4 0
28 15 0 0
28 15 1 0
28 15 2 0
28 15 3 0
28 15 4 0
28 16 0 3316
28 16 1 3316
28 16 2 3316
28 16 3 0
28 16 4 0
28 17 0 0
28 17 1 0
28 17 2 0
28 17 3 0
28 17 4 0
28 18 0 3867
28 18 1 3867
28 18 2 3867
28 18 3 0
28 18 4 0
28 19 0 0
28 19 1 0
28 19 2 0
28 19 3 0
28 19 4 0
28 20 0 0
28 20 1 0
28 20 2 0
28 20 3 0
28 20 4 0
28 21 0 0
28 21 1 0
28 21 2 0
28 21 3 0
28 21 4 0
28 22 0 0
28 22 1 0
28 22 2 0
28 22 3 0
28 22 4 0
28 23 0 0
28 23 1 0
28 23 2 0
28 23 3 0
28 23 4 0
28 24 0 0
28 24 1 0
28 24 2 0
28 24 3 0
28 24 4 0
28 25 0 0
28 25 1 0
28 25 2 0
28 25 3 0
28 25 4 0
28 26 0 3899
28 26 1 3899
28 26 2 3899
28 26 3 0
28 26 4 0
28 27 0 3486
28 27 1 3486
28 27 2 0
28 27 3 0
28 27 4 0
28 29 0 0
28 29 1 0
28 29 2 0
28 29 3 0
28 29 4 0
29 0 0 0
29 0 1 0
29 0 2 0
29 0 3 0
29 0 4 0
29 1 0 0
29 1 1 0
29 1 2 0
29 1 3 0
29 1 4 0
29 2 0 3957
29 2 1 3957
29 2 2 0
29 2 3 0
29 2 4 0
29 3 0 3737
29 3 1 3737
29 3 2 3737
29 3 3 0
29 3 4 0
29 4 0 0
29 4 1 0
29 4 2 0
29 4 3 0
29 4 4 0
29 5 0 3221
29 5 1 3221
29 5 2 3221
29 5 3 0
29 5 4 0
29 6 0 0
29 6 1 0
29 6 2 0
29 6 3 0
29 6 4 0
29 7 0 0
29 7 1 0
29 7 2 0
29 7 3 0
29 7 4 0
29 8 0 0
29 8 1 0
29 8 2 0
29 8 3 0
29 8 4 0
29 9 0 3690
29 9 1 3690
29 9 2 3690
29 9 3 0
29 9 4 0
29 10 0 0
29 10 1 0
29 10 2 0
29 10 3 0
29 10 4 0
29 11 0 0
29 11 1 0
29 11 2 0
29 11 3 0
29 11 4 0
29 12 0 0
29 12 1 0
29 12 2 0
29 12 3 0
29 12 4 0
29 13 0 0
29 13 1 0
29 13 2 0
29 13 3 0
29 13 4 0
29 14 0 3846
29 14 1 3846
29 14 2 3846
29 14 3 0
29 14 4 0
29 15 0 3741
29 15 1 3741
29 15 2 0
29 15 3 0
29 15 4 0
29 16 0 0
29 16 1 0
29 16 2 0
29 16 3 0
29 16 4 0
29 17 0 3772
29 17 1 3772
29 17 2 0
29 17 3 0
29 17 4 0
29 18 0 3711
29 18 1 3711
29 18 2 3711
29 18 3 0
29 18 4 0
29 19 0 0
29 19 1 0
29 19 2 0
29 19 3 0
29 19 4 0
29 20 0 0
29 20 1 0
29 20 2 0
29 20 3 0
29 20 4 0
29 21 0 0
29 21 1 0
29 21 2 0
29 21 3 0
29 21 4 0
29 22 0 0
29 22 1 0
29 22 2 0
29 22 3 0
29 22 4 0
29 23 0 0
29 23 1 0
29 23 2 0
29 23 3 0
29 23 4 0
29 24 0 0
29 24 1 0
29 24 2 0
29 24 3 0
29 24 4 0
29 25 0 0
29 25 1 0
29 25 2 0
29 25 3 0
29 25 4 0
29 26 0 0
29 26 1 0
29 26 2 0
29 26 3 0
29 26 4 0
29 27 0 0
29 27 1 0
29 27 2 0
29 27 3 0
29 27 4 0
29 28 0 0
29 28 1 0
29 28 2 0
29 28 3 0
29 28 4 0

