10 4 24 169

   0  964 1166 1050 1168 1164 1075 1075 1242 1161 
1051    0 1036  925 1223 1144 1223  970 1229  955 
1102 1053    0  946 1230  961 1230  914 1113 1203 
1074 1075 1190    0  998 1102 1062  929  937 1083 
 922 1187 1099  921    0 1078 1245 1151  991 1016 
 955 1243 1185  928  938    0 1228 1076 1062 1060 
1222  997 1244 1140  985 1127    0 1162 1077 1076 
 990 1158 1137  980  945 1033 1111    0 1232 1004 
1035 1050 1210 1077 1157 1238 1151 1226    0  915 
1111  985 1180 1219 1235 1128 1149 1118 1197    0 

   0  780  970  808  892 1092  635 1121  694  767 
 776    0  759  977 1145  751  791  915 1193  835 
 732  999    0  869 1161 1007 1102  974  848 1154 
 799  852 1005    0  943  676  630 1116  747  684 
 841  617  638 1048    0 1074  620 1069  717 1073 
 897  660  818  601 1013    0 1002  732  670 1123 
 656  625  935  613  844  625    0  832  836  805 
1185  748  655  640  928  943 1046    0  778  943 
 889  706 1106  924  920 1029 1041 1149    0  611 
1197 1187  984  700 1139  890  862  818  702    0 

0 265 725
1 273 934
2 501 772
3 594 842
4 233 1018
5 577 787
6 585 1046
7 597 1016
8 579 874
9 247 1017

0 9 1349 3473 4644 
0 1 4408 6131 3856 
0 5 4828 7416 4656 
0 6 9560 11325 2150 
0 4 5786 9023 3504 
0 2 4795 7792 3498 
0 4 6976 9643 2336 
0 6 4903 6909 4300 
0 5 8442 11925 4656 
0 2 1010 3667 3498 
0 1 8575 11398 3856 
0 9 2493 4525 3483 
0 1 405 2339 2892 
0 5 9117 11978 3492 
0 9 2300 4884 4644 
0 7 8247 10522 3225 
0 7 7852 11618 3225 
0 6 5587 7257 2150 
0 6 4713 6992 2150 
0 7 6691 11118 4300 
0 1 3812 5559 1928 
0 5 124 3673 3492 
0 4 10056 12294 2336 
0 5 2365 4800 3492 
1 9 6376 8079 1910 
1 0 8079 10445 3153 
1 2 9348 11237 3108 
1 5 2529 5029 4576 
1 3 7014 9827 2775 
1 4 7009 11165 2446 
1 0 1222 3239 2102 
1 9 6934 10248 2865 
1 0 2600 5176 2102 
1 2 2880 4625 2072 
1 0 727 3023 2102 
1 5 2873 5869 2288 
1 6 9555 12426 4892 
2 3 5829 8192 3784 
2 3 1853 4755 2838 
2 4 4986 8201 4920 
2 7 711 3798 3656 
2 4 885 4925 2460 
2 7 1047 4728 3656 
2 3 8166 10182 3784 
2 9 6729 9960 2406 
2 6 1846 5559 2460 
2 7 7025 9664 1828 
2 5 1703 5610 2883 
2 1 5879 9325 3159 
2 1 732 4138 2106 
2 0 5024 7454 3306 
2 7 1227 4606 1828 
2 0 3053 4648 4408 
2 3 6723 9243 1892 
2 5 3247 7204 2883 
2 0 673 2568 2204 
2 9 8990 12878 2406 
2 9 10310 14037 2406 
3 0 5867 8943 4296 
3 8 1936 3840 2811 
3 9 8620 10815 3249 
3 4 1366 3506 1996 
3 5 10521 12400 2204 
3 5 8537 10774 4408 
3 8 10721 12984 1874 
3 0 1220 3984 2148 
3 5 5556 7327 4408 
3 1 9631 13021 2150 
3 4 8262 10166 3992 
3 7 6182 9050 2787 
3 4 7834 11445 3992 
3 7 2198 5501 1858 
4 5 4430 7802 4312 
4 9 9818 13573 2032 
4 9 5976 8411 3048 
4 8 2910 4602 2973 
4 1 324 1866 3561 
4 3 8969 11264 2763 
4 8 5553 8098 2973 
4 8 4929 6950 3964 
4 8 6532 8754 2973 
4 0 9407 12661 2766 
5 2 7668 9909 2370 
5 9 7733 11135 3180 
5 6 10002 13408 2456 
5 4 10843 14347 1876 
5 9 1242 5543 2120 
5 0 5671 9187 1910 
5 8 10118 12396 3186 
5 4 8100 12020 3752 
5 7 9966 12330 2152 
5 4 9854 12771 2814 
5 1 5617 8098 4972 
5 9 1720 5100 3180 
5 7 8210 9754 4304 
5 3 9113 10819 1856 
5 4 10207 12638 1876 
5 3 10780 12943 1856 
5 0 9039 10958 2865 
5 8 2347 3827 3186 
6 3 8676 11036 3420 
6 4 10430 12658 2955 
6 9 9709 11375 2152 
6 8 10445 12626 4308 
6 7 6618 9513 2324 
6 8 9780 12329 2154 
6 9 9854 12518 2152 
6 7 1329 4532 3486 
6 0 7721 9137 2444 
6 7 4213 7041 4648 
6 2 8657 10742 4976 
6 8 10209 11939 4308 
6 1 5104 6972 1994 
6 1 1446 3133 2991 
6 0 6516 7834 3666 
6 7 7930 10792 4648 
6 3 4700 6122 2280 
6 2 953 4066 4976 
6 3 1107 2731 2280 
6 8 2407 5032 2154 
6 3 4572 6551 4560 
6 8 1358 3631 3231 
6 9 6088 8052 4304 
7 9 8905 11309 4016 
7 9 5944 9169 3012 
7 3 5485 7302 3920 
7 3 2346 4054 1960 
7 0 6930 10176 3960 
7 2 6742 8196 3411 
7 2 8944 11007 3411 
7 9 9532 12257 3012 
7 3 852 2957 2940 
7 5 10705 13420 3099 
7 3 4723 6995 3920 
7 1 4005 6241 4632 
7 8 8486 10267 2464 
7 1 2838 4977 3474 
7 2 4403 6007 4548 
7 8 1976 4045 4928 
7 9 10502 13943 3012 
8 6 4922 8867 2302 
8 1 3015 5542 3150 
8 0 8269 10055 3105 
8 4 7862 10392 3471 
8 3 9519 12854 3231 
8 2 8395 12354 3630 
8 3 5045 7160 3231 
8 0 4683 8034 2070 
8 4 5682 8644 3471 
9 1 2440 5205 2955 
9 4 5002 9056 2470 
9 4 465 4770 4940 
9 8 8108 10010 4788 
9 2 4827 7287 2360 
9 8 9254 11788 2394 
9 1 4131 8772 3940 
9 2 10070 13789 2360 
9 1 5807 9973 2955 
9 7 2405 5357 2236 
9 1 2961 6248 3940 
9 6 5584 7411 3447 
9 7 7735 9649 4472 
9 7 8741 11882 4472 
9 6 6319 8698 3447 
9 7 6499 9664 3354 
9 1 5591 9033 3940 
9 6 5194 7271 4596 
9 0 7976 12129 4444 
9 2 6322 8988 3540 

0 1 0 0
0 1 1 0
0 1 2 0
0 1 3 0
0 1 4 0
0 2 0 3426
0 2 1 3426
0 2 2 3426
0 2 3 0
0 2 4 0
0 3 0 0
0 3 1 0
0 3 2 0
0 3 3 0
0 3 4 0
0 4 0 3501
0 4 1 3501
0 4 2 3501
0 4 3 0
0 4 4 0
0 5 0 3450
0 5 1 3450
0 5 2 0
0 5 3 0
0 5 4 0
0 6 0 0
0 6 1 0
0 6 2 0
0 6 3 0
0 6 4 0
0 7 0 3583
0 7 1 3583
0 7 2 0
0 7 3 0
0 7 4 0
0 8 0 3149
0 8 1 3149
0 8 2 0
0 8 3 0
0 8 4 0
0 9 0 3247
0 9 1 3247
0 9 2 0
0 9 3 0
0 9 4 0
1 0 0 0
1 0 1 0
1 0 2 0
1 0 3 0
1 0 4 0
1 2 0 0
1 2 1 0
1 2 2 0
1 2 3 0
1 2 4 0
1 3 0 0
1 3 1 0
1 3 2 0
1 3 3 0
1 3 4 0
1 4 0 0
1 4 1 0
1 4 2 0
1 4 3 0
1 4 4 0
1 5 0 3383
1 5 1 3383
1 5 2 3383
1 5 3 0
1 5 4 0
1 6 0 3692
1 6 1 3692
1 6 2 0
1 6 3 0
1 6 4 0
1 7 0 0
1 7 1 0
1 7 2 0
1 7 3 0
1 7 4 0
1 8 0 0
1 8 1 0
1 8 2 0
1 8 3 0
1 8 4 0
1 9 0 3020
1 9 1 3020
1 9 2 3020
1 9 3 0
1 9 4 0
2 0 0 3381
2 0 1 3381
2 0 2 0
2 0 3 0
2 0 4 0
2 1 0 0
2 1 1 0
2 1 2 0
2 1 3 0
2 1 4 0
2 3 0 0
2 3 1 0
2 3 2 0
2 3 3 0
2 3 4 0
2 4 0 3147
2 4 1 3147
2 4 2 0
2 4 3 0
2 4 4 0
2 5 0 0
2 5 1 0
2 5 2 0
2 5 3 0
2 5 4 0
2 6 0 0
2 6 1 0
2 6 2 0
2 6 3 0
2 6 4 0
2 7 0 0
2 7 1 0
2 7 2 0
2 7 3 0
2 7 4 0
2 8 0 3625
2 8 1 3625
2 8 2 0
2 8 3 0
2 8 4 0
2 9 0 3180
2 9 1 3180
2 9 2 3180
2 9 3 0
2 9 4 0
3 0 0 0
3 0 1 0
3 0 2 0
3 0 3 0
3 0 4 0
3 1 0 0
3 1 1 0
3 1 2 0
3 1 3 0
3 1 4 0
3 2 0 0
3 2 1 0
3 2 2 0
3 2 3 0
3 2 4 0
3 4 0 0
3 4 1 0
3 4 2 0
3 4 3 0
3 4 4 0
3 5 0 3480
3 5 1 3480
3 5 2 0
3 5 3 0
3 5 4 0
3 6 0 0
3 6 1 0
3 6 2 0
3 6 3 0
3 6 4 0
3 7 0 0
3 7 1 0
3 7 2 0
3 7 3 0
3 7 4 0
3 8 0 0
3 8 1 0
3 8 2 0
3 8 3 0
3 8 4 0
3 9 0 0
3 9 1 0
3 9 2 0
3 9 3 0
3 9 4 0
4 0 0 0
4 0 1 0
4 0 2 0
4 0 3 0
4 0 4 0
4 1 0 0
4 1 1 0
4 1 2 0
4 1 3 0
4 1 4 0
4 2 0 0
4 2 1 0
4 2 2 0
4 2 3 0
4 2 4 0
4 3 0 3468
4 3 1 3468
4 3 2 3468
4 3 3 0
4 3 4 0
4 5 0 3324
4 5 1 3324
4 5 2 3324
4 5 3 0
4 5 4 0
4 6 0 3113
4 6 1 3113
4 6 2 0
4 6 3 0
4 6 4 0
4 7 0 0
4 7 1 0
4 7 2 0
4 7 3 0
4 7 4 0
4 8 0 0
4 8 1 0
4 8 2 0
4 8 3 0
4 8 4 0
4 9 0 3913
4 9 1 3913
4 9 2 3913
4 9 3 0
4 9 4 0
5 0 0 3512
5 0 1 3512
5 0 2 0
5 0 3 0
5 0 4 0
5 1 0 0
5 1 1 0
5 1 2 0
5 1 3 0
5 1 4 0
5 2 0 0
5 2 1 0
5 2 2 0
5 2 3 0
5 2 4 0
5 3 0 3320
5 3 1 3320
5 3 2 0
5 3 3 0
5 3 4 0
5 4 0 3624
5 4 1 3624
5 4 2 3624
5 4 3 0
5 4 4 0
5 6 0 3657
5 6 1 3657
5 6 2 3657
5 6 3 0
5 6 4 0
5 7 0 0
5 7 1 0
5 7 2 0
5 7 3 0
5 7 4 0
5 8 0 3387
5 8 1 3387
5 8 2 0
5 8 3 0
5 8 4 0
5 9 0 0
5 9 1 0
5 9 2 0
5 9 3 0
5 9 4 0
6 0 0 0
6 0 1 0
6 0 2 0
6 0 3 0
6 0 4 0
6 1 0 0
6 1 1 0
6 1 2 0
6 1 3 0
6 1 4 0
6 2 0 0
6 2 1 0
6 2 2 0
6 2 3 0
6 2 4 0
6 3 0 3894
6 3 1 3894
6 3 2 0
6 3 3 0
6 3 4 0
6 4 0 0
6 4 1 0
6 4 2 0
6 4 3 0
6 4 4 0
6 5 0 0
6 5 1 0
6 5 2 0
6 5 3 0
6 5 4 0
6 7 0 3775
6 7 1 3775
6 7 2 0
6 7 3 0
6 7 4 0
6 8 0 3022
6 8 1 3022
6 8 2 3022
6 8 3 0
6 8 4 0
6 9 0 3947
6 9 1 3947
6 9 2 3947
6 9 3 0
6 9 4 0
7 0 0 0
7 0 1 0
7 0 2 0
7 0 3 0
7 0 4 0
7 1 0 0
7 1 1 0
7 1 2 0
7 1 3 0
7 1 4 0
7 2 0 0
7 2 1 0
7 2 2 0
7 2 3 0
7 2 4 0
7 3 0 3051
7 3 1 3051
7 3 2 0
7 3 3 0
7 3 4 0
7 4 0 3096
7 4 1 3096
7 4 2 0
7 4 3 0
7 4 4 0
7 5 0 0
7 5 1 0
7 5 2 0
7 5 3 0
7 5 4 0
7 6 0 3414
7 6 1 3414
7 6 2 0
7 6 3 0
7 6 4 0
7 8 0 0
7 8 1 0
7 8 2 0
7 8 3 0
7 8 4 0
7 9 0 0
7 9 1 0
7 9 2 0
7 9 3 0
7 9 4 0
8 0 0 3014
8 0 1 3014
8 0 2 0
8 0 3 0
8 0 4 0
8 1 0 0
8 1 1 0
8 1 2 0
8 1 3 0
8 1 4 0
8 2 0 0
8 2 1 0
8 2 2 0
8 2 3 0
8 2 4 0
8 3 0 0
8 3 1 0
8 3 2 0
8 3 3 0
8 3 4 0
8 4 0 0
8 4 1 0
8 4 2 0
8 4 3 0
8 4 4 0
8 5 0 0
8 5 1 0
8 5 2 0
8 5 3 0
8 5 4 0
8 6 0 0
8 6 1 0
8 6 2 0
8 6 3 0
8 6 4 0
8 7 0 0
8 7 1 0
8 7 2 0
8 7 3 0
8 7 4 0
8 9 0 0
8 9 1 0
8 9 2 0
8 9 3 0
8 9 4 0
9 0 0 0
9 0 1 0
9 0 2 0
9 0 3 0
9 0 4 0
9 1 0 3719
9 1 1 3719
9 1 2 0
9 1 3 0
9 1 4 0
9 2 0 0
9 2 1 0
9 2 2 0
9 2 3 0
9 2 4 0
9 3 0 0
9 3 1 0
9 3 2 0
9 3 3 0
9 3 4 0
9 4 0 0
9 4 1 0
9 4 2 0
9 4 3 0
9 4 4 0
9 5 0 0
9 5 1 0
9 5 2 0
9 5 3 0
9 5 4 0
9 6 0 3880
9 6 1 3880
9 6 2 3880
9 6 3 0
9 6 4 0
9 7 0 0
9 7 1 0
9 7 2 0
9 7 3 0
9 7 4 0
9 8 0 3354
9 8 1 3354
9 8 2 0
9 8 3 0
9 8 4 0

