20 4 24 311

   0  966  933 1140 1133 1133 1030  929  969 1184  941 1163 1191 1041  974 1209 1002  997 1090  912 
1119    0 1052  916 1220 1037 1059 1227 1159  986 1059  918 1222 1153 1122 1144  980 1084 1072 1011 
 944 1149    0 1186 1210  915 1049 1122 1089 1074 1106 1238 1100  927 1186 1174 1222 1144 1041  932 
1090 1081 1081    0  953 1120 1229  991  982 1013 1144 1220 1121 1077 1201  932 1025 1121 1143 1200 
 983  955  910 1176    0  913  979  916 1226  935 1082 1074 1114  928 1232 1249  940 1110 1138  986 
 916 1246 1075  930 1142    0 1003  946 1029 1224 1038  960  947 1209 1141 1040  995  992  945  986 
1034 1049 1209 1250 1115 1229    0 1084 1138 1071 1188  959 1229 1009  984  977  968 1007 1186 1021 
1002  948 1051  952 1111 1098 1020    0  965 1042 1066 1234  957 1163 1081 1168 1042 1034 1191 1196 
1158 1093  998 1101 1203  908  957 1116    0 1037 1144  996 1019 1041 1211  955 1019 1251 1075 1017 
 969 1119  966 1037 1043  970  968 1185 1099    0 1127 1070 1024 1053  989 1147 1113 1020 1087 1000 
 991 1076  974 1112 1192 1035 1179 1146 1210  916    0 1131 1118 1115 1060 1133 1105  980 1179 1104 
1038 1131 1075  999 1238 1200 1013 1179 1138 1155  975    0 1116  922 1086 1196 1107 1219 1195  975 
1104 1018  998 1077 1225  968 1125 1004 1136 1010 1116 1187    0 1191 1061 1030 1018 1147 1044 1088 
1182 1031 1007 1178 1030 1021 1053 1039  976 1146 1232  945  941    0 1072  989 1148  998 1212 1156 
1116 1215 1134 1208 1153 1195 1151 1215  977 1240  923  956 1252 1155    0  949 1171 1244  928 1121 
1037 1159 1138 1216 1021 1048 1084  927 1147  921 1086 1203  940 1124 1113    0 1072 1147  966 1167 
 970 1094 1069 1031  967 1052 1033 1089 1066 1136 1054 1143  957 1142 1201 1252    0 1170  939 1072 
1241 1059 1205 1125 1248 1012 1092 1189 1191 1113 1250  914  946 1062 1099 1025 1102    0 1126 1007 
 971 1005  920 1190  980 1155  988  911 1122 1073  935 1100  925  924 1119 1148 1006 1252    0  911 
1100 1001  934  994 1180 1185  913 1222 1069  934 1174 1152 1126 1089 1113 1141 1080 1044 1137    0 

   0 1075  766  988  668  799 1070  860 1109 1117  755  727  971 1065  826 1008  665  757  976  798 
 608    0 1128 1077  843  843 1065  714 1050  630 1040  745  912 1082  704  893  615  804  708 1187 
 734  908    0 1167 1112  918  857 1007 1121  938  834 1015 1147  655  992  804  882  802 1176  607 
1111 1005  931    0 1141  813 1026  672 1187  927  649  984  917  676 1191  790  686  820  764  924 
 765  873  652 1072    0 1029  615  726  840  946  778 1188 1105  944  872 1086  959  824  829 1170 
 841  987 1048  853  788    0  948 1007  937 1063  959 1057  818  809  900 1187 1185  717  708  972 
 908 1109 1127  941  962  630    0  730  864  621  995  800 1048  644 1063 1173  883  677  774  995 
1063  619 1054  700  858  696  837    0 1126  895  702  895 1080  772  785 1044  934  790  654  834 
 883 1033 1032 1096  964  705  659  746    0  871  637  704  703  695  823  708  963  654  771 1196 
 824  887  783 1085 1096 1200  690 1097  893    0  940  864  959  981  773 1065  977 1123  938  966 
1074 1031  637 1164  629  684  618  734  891  898    0  852  795  980  934  903  907  744 1111 1007 
1107  761  968  850 1178 1164  847  806  906  608  711    0 1019  774  943 1194  914  885 1020  657 
 801 1060  970  897  638  900 1088 1162  733 1190  891  898    0 1161  630 1076 1097  724 1094 1005 
 736  725  865  656  761  920 1005  657 1039  857  966  876 1200    0  728 1068  877  962 1020  766 
1002  966  869 1109 1097 1028  774 1152  888  858  640  648  902  917    0 1051  621  603  776 1023 
 940  715  622  997  740 1007  602  811  757  659  685 1141  701  806 1067    0  959  896 1014  724 
 936  988 1141  832 1061 1003 1126  961  703  795  799  634 1157 1190  866  817    0  864 1108  687 
 849  622  881  808 1132  923 1010 1166 1129  695  940  745  709 1105  880  926  777    0  978  755 
 877  687  915 1090  998  932 1164 1005  966  656 1105  825  944  672  688  600 1012 1189    0  772 
 821  898  825 1015  897 1104  701  683  943 1145  853  915  748  645  763  695  920  906 1102    0 

0 264 930
1 439 802
2 667 902
3 351 949
4 620 872
5 391 704
6 289 844
7 405 1035
8 440 1039
9 257 1021
10 376 786
11 671 1072
12 510 1030
13 443 1075
14 378 1089
15 469 711
16 496 850
17 383 890
18 417 1022
19 567 779

0 14 3726 5898 2922 
0 16 16287 17789 2004 
0 6 11693 14528 2060 
0 13 2322 5879 3123 
0 17 17796 19537 1994 
0 12 13838 16440 4764 
0 3 14617 17245 2280 
0 5 17762 19383 4532 
0 10 12247 14330 1882 
0 11 17118 19073 2326 
0 7 5775 8277 3716 
0 10 9611 12510 3764 
0 15 17480 21139 2418 
0 6 4184 8250 3090 
0 1 2835 5597 1932 
0 14 18925 21130 1948 
0 10 21089 22644 3764 
0 18 3531 6175 3270 
0 17 14330 16820 2991 
0 18 22136 24917 4360 
0 2 2022 3676 3732 
1 9 6398 8684 3944 
1 9 13483 14774 3944 
1 12 6615 9186 3666 
1 3 8462 10939 3664 
1 15 5228 7853 4576 
1 10 13552 16349 2118 
1 19 3700 6358 2022 
1 3 5372 9647 1832 
1 0 19649 21795 3357 
1 0 10408 12013 4476 
1 9 9973 11642 1972 
1 2 11956 14415 4208 
1 15 22391 25837 2288 
1 17 4400 7270 3252 
1 12 8481 11362 2444 
1 0 21829 23865 2238 
1 19 12960 15476 3033 
2 0 86 2882 3776 
2 9 10194 13814 2148 
2 8 1333 5491 4356 
2 19 10042 11274 3728 
2 18 9658 13291 4164 
2 4 1249 3751 2420 
2 19 18993 21214 3728 
2 1 11079 14002 3447 
2 8 16276 19403 4356 
2 1 4125 7103 3447 
2 17 13531 16642 3432 
2 8 3072 7376 3267 
2 16 4066 7126 2444 
2 0 3479 5989 1888 
3 9 17935 20484 2026 
3 1 11340 15179 3243 
3 13 17544 19490 3231 
3 0 19271 23103 3270 
3 0 8332 12164 4360 
3 13 8232 9861 2154 
3 1 8947 12293 3243 
3 11 10590 14211 3660 
3 5 3001 5220 4480 
3 10 21937 23780 4576 
3 13 4161 6689 2154 
3 0 18484 21828 4360 
4 0 3730 6744 3932 
4 9 17394 21149 1870 
4 1 11335 14818 3820 
4 3 5775 8669 2352 
4 8 3204 6538 2452 
4 9 22287 25976 2805 
4 2 12511 14023 1820 
4 15 40 3732 4996 
4 16 21378 24945 3760 
4 0 11836 14016 2949 
4 18 4357 6131 3414 
4 19 8079 12583 1972 
4 18 4538 7323 4552 
4 17 16832 18760 3330 
4 13 97 3325 3712 
4 18 16097 18832 4552 
4 15 18096 20952 2498 
4 12 9089 11442 3342 
4 8 8232 10348 3678 
5 7 1075 4972 2838 
5 4 491 2067 4568 
5 17 3380 5810 1984 
5 9 12889 15705 4896 
5 1 3198 5477 4984 
5 4 6151 7750 2284 
5 12 11614 13920 2841 
5 8 11628 15169 2058 
5 9 17379 20801 3672 
5 16 15971 19194 2985 
5 0 3837 7024 2748 
5 9 17746 20477 3672 
5 1 3092 6280 4984 
5 3 6394 8296 2790 
6 11 17649 20649 1918 
6 15 18931 22790 2931 
6 5 17110 18741 3687 
6 18 19790 21632 4744 
6 9 13112 15136 2142 
6 12 578 4466 2458 
6 13 13419 15209 4036 
6 14 568 3257 1968 
6 13 12793 14802 4036 
6 7 17159 19589 3252 
6 4 16335 19730 2230 
6 9 18203 19743 4284 
6 8 3363 5194 4552 
7 15 20081 23453 4672 
7 6 17690 20393 2040 
7 0 8528 12269 3006 
7 9 13998 16262 2084 
7 15 18261 21507 3504 
7 16 20030 22066 3126 
7 9 21721 24719 2084 
7 3 4402 6838 2856 
7 1 18797 21105 3792 
7 5 22131 24873 4392 
7 18 9202 11517 2382 
7 18 8353 10955 2382 
7 19 3589 5740 3588 
7 2 9026 11397 2102 
7 16 2812 4829 2084 
7 6 17537 19763 4080 
8 2 6069 9856 2994 
8 18 12581 14909 4300 
8 11 11670 13577 2988 
8 6 19747 21203 1914 
8 17 6360 8570 5004 
8 1 20964 24651 4372 
8 13 17903 19668 4164 
8 9 17099 19311 4148 
8 9 21832 24549 4148 
9 19 18530 22326 3000 
9 8 10711 12497 2198 
9 18 17983 20102 4348 
9 3 20577 23929 2074 
9 16 17740 21247 3339 
9 11 12385 14691 2140 
9 14 10872 12665 1978 
9 18 20633 23972 3261 
9 5 11508 14700 3880 
9 17 20936 25248 3060 
9 10 5169 7312 3381 
9 18 19071 22372 3261 
9 19 14421 16459 3000 
9 6 582 2527 2904 
9 6 20562 22825 1936 
9 10 14774 18026 2254 
9 19 4478 7868 3000 
9 0 16455 19273 1938 
9 8 12744 14735 2198 
10 14 13877 15913 2120 
10 13 11003 14472 2230 
10 12 11278 13734 2236 
10 2 22440 24255 2922 
10 5 1981 4060 2070 
10 14 13631 16489 4240 
10 8 13133 15057 3630 
10 14 5479 9205 3180 
10 5 10258 11831 3105 
11 9 20213 22486 2310 
11 16 20202 23026 2214 
11 3 3614 5373 3996 
11 12 19452 23283 4464 
11 6 22382 24719 2026 
11 10 22299 24730 1950 
11 4 11386 15261 4952 
11 16 12812 16138 3321 
11 5 10069 12525 4800 
11 5 22101 25790 4800 
11 18 5121 8303 3585 
11 7 9419 12094 3537 
11 10 6260 7838 1950 
11 4 360 2845 3714 
11 6 19537 22730 4052 
12 6 12601 15179 3375 
12 5 13383 16244 1936 
12 16 16387 20050 2036 
12 10 2927 4762 2232 
12 14 18890 21397 4244 
12 16 17775 20989 3054 
12 14 2276 3888 4244 
12 5 11773 15309 1936 
12 19 12892 16861 2176 
12 11 4440 7933 2374 
12 0 17787 20902 2208 
12 19 8520 11394 2176 
13 5 14660 17778 2042 
13 17 18207 20592 3992 
13 16 6835 9097 2296 
13 12 13821 16557 3764 
13 10 10023 12186 3696 
13 14 10878 13396 2144 
13 7 8757 10603 3117 
13 14 18578 21366 3216 
13 8 21608 24392 3904 
13 12 3076 5956 2823 
13 7 4170 5707 4156 
13 5 2160 5122 3063 
14 11 17017 18526 2868 
14 0 1712 5058 2232 
14 18 2776 5344 3712 
14 3 16726 19121 3624 
14 11 1895 3495 3824 
14 2 18959 22148 3402 
14 8 12385 15928 1954 
14 5 19092 21281 3585 
14 8 13315 16636 1954 
14 2 19758 22104 3402 
14 1 8624 12275 2430 
14 2 9100 11637 2268 
14 15 20202 22966 3796 
14 9 20689 23263 3720 
14 6 21623 24386 4604 
14 12 3414 6300 2504 
15 5 19138 22430 3144 
15 13 6808 10023 3372 
15 6 11347 13309 2168 
15 14 4509 7838 3339 
15 10 13716 15887 3258 
15 11 22373 25989 4812 
15 9 9641 10991 1842 
15 6 17180 19022 4336 
15 8 19897 21638 3441 
15 17 17363 20400 3441 
15 19 16889 19147 3501 
15 3 6389 8761 3648 
15 16 21725 25091 3216 
15 12 9757 11341 2820 
15 6 17541 18871 4336 
15 3 19492 23430 3648 
15 2 12223 13578 3414 
15 8 9028 11147 2294 
15 13 17236 19863 2248 
15 13 10867 12785 4496 
15 3 4086 6897 4864 
16 19 16014 18095 4288 
16 8 11659 13753 3198 
16 4 807 3947 2901 
16 15 6333 8367 2504 
16 1 21542 24426 4376 
16 2 22295 25752 4276 
16 18 11214 13906 1878 
16 7 10687 14060 2178 
16 3 397 3367 3093 
16 14 16388 19678 3603 
16 8 6126 8185 3198 
16 15 20105 22866 5008 
16 8 10935 13479 3198 
16 7 13561 15723 2178 
16 0 8730 11715 3880 
16 4 19851 24084 3868 
16 11 6166 8207 4572 
16 19 12452 14128 3216 
16 2 19026 23396 4276 
17 4 17774 21917 3744 
17 3 5655 8062 3375 
17 15 16938 19095 4100 
17 7 13061 15801 3567 
17 16 21996 25065 2204 
17 9 21674 24447 3339 
17 4 18426 20939 3744 
17 15 878 2887 2050 
17 2 8748 12025 2410 
17 13 20877 23860 3186 
17 9 19440 22192 3339 
18 15 4910 6931 2296 
18 14 13682 15931 4476 
18 0 8677 11211 3884 
18 15 18722 20066 2296 
18 4 8365 10700 3920 
18 2 22602 24880 3680 
18 13 6598 8540 2772 
18 17 8196 10657 5008 
18 19 19485 21391 2733 
18 15 20322 21942 3444 
18 6 10228 12847 1976 
18 7 2994 5617 3644 
18 15 9962 11828 2296 
18 17 17647 22295 3756 
18 0 2941 5326 2913 
18 2 13656 16455 3680 
18 7 2797 5389 2733 
18 1 11547 13037 4020 
18 14 22005 23628 3357 
18 2 13415 16818 2760 
18 14 2679 4653 4476 
18 8 3455 6266 2244 
19 12 20043 22070 4504 
19 15 851 2852 3423 
19 10 2148 4195 3522 
19 15 6051 8212 4564 
19 18 10260 13257 3411 
19 11 8042 10787 2304 
19 10 13754 16816 4696 
19 10 8465 10580 2348 
19 2 3918 6780 1868 
19 4 10232 12250 3540 
19 13 10506 12640 2178 
19 16 20198 22948 3240 
19 2 13451 16445 1868 
19 10 111 3267 3522 
19 1 17083 20001 4004 
19 16 12854 15236 4320 
19 13 12657 14224 3267 
19 15 10864 13602 2282 
19 17 5515 7616 2088 
19 5 3270 6835 3555 

0 1 0 3562
0 1 1 3562
0 1 2 3562
0 1 3 0
0 1 4 0
0 2 0 0
0 2 1 0
0 2 2 0
0 2 3 0
0 2 4 0
0 3 0 0
0 3 1 0
0 3 2 0
0 3 3 0
0 3 4 0
0 4 0 0
0 4 1 0
0 4 2 0
0 4 3 0
0 4 4 0
0 5 0 3475
0 5 1 3475
0 5 2 0
0 5 3 0
0 5 4 0
0 6 0 0
0 6 1 0
0 6 2 0
0 6 3 0
0 6 4 0
0 7 0 3926
0 7 1 3926
0 7 2 3926
0 7 3 0
0 7 4 0
0 8 0 0
0 8 1 0
0 8 2 0
0 8 3 0
0 8 4 0
0 9 0 0
0 9 1 0
0 9 2 0
0 9 3 0
0 9 4 0
0 10 0 3102
0 10 1 3102
0 10 2 3102
0 10 3 0
0 10 4 0
0 11 0 0
0 11 1 0
0 11 2 0
0 11 3 0
0 11 4 0
0 12 0 3631
0 12 1 3631
0 12 2 0
0 12 3 0
0 12 4 0
0 13 0 0
0 13 1 0
0 13 2 0
0 13 3 0
0 13 4 0
0 14 0 3773
0 14 1 3773
0 14 2 0
0 14 3 0
0 14 4 0
0 15 0 3578
0 15 1 3578
0 15 2 3578
0 15 3 0
0 15 4 0
0 16 0 0
0 16 1 0
0 16 2 0
0 16 3 0
0 16 4 0
0 17 0 0
0 17 1 0
0 17 2 0
0 17 3 0
0 17 4 0
0 18 0 3504
0 18 1 3504
0 18 2 0
0 18 3 0
0 18 4 0
0 19 0 0
0 19 1 0
0 19 2 0
0 19 3 0
0 19 4 0
1 0 0 0
1 0 1 0
1 0 2 0
1 0 3 0
1 0 4 0
1 2 0 3231
1 2 1 3231
1 2 2 3231
1 2 3 0
1 2 4 0
1 3 0 0
1 3 1 0
1 3 2 0
1 3 3 0
1 3 4 0
1 4 0 0
1 4 1 0
1 4 2 0
1 4 3 0
1 4 4 0
1 5 0 0
1 5 1 0
1 5 2 0
1 5 3 0
1 5 4 0
1 6 0 0
1 6 1 0
1 6 2 0
1 6 3 0
1 6 4 0
1 7 0 3306
1 7 1 3306
1 7 2 0
1 7 3 0
1 7 4 0
1 8 0 3361
1 8 1 3361
1 8 2 0
1 8 3 0
1 8 4 0
1 9 0 0
1 9 1 0
1 9 2 0
1 9 3 0
1 9 4 0
1 10 0 3055
1 10 1 3055
1 10 2 3055
1 10 3 0
1 10 4 0
1 11 0 3101
1 11 1 3101
1 11 2 3101
1 11 3 0
1 11 4 0
1 12 0 0
1 12 1 0
1 12 2 0
1 12 3 0
1 12 4 0
1 13 0 3977
1 13 1 3977
1 13 2 0
1 13 3 0
1 13 4 0
1 14 0 0
1 14 1 0
1 14 2 0
1 14 3 0
1 14 4 0
1 15 0 0
1 15 1 0
1 15 2 0
1 15 3 0
1 15 4 0
1 16 0 3411
1 16 1 3411
1 16 2 0
1 16 3 0
1 16 4 0
1 17 0 3445
1 17 1 3445
1 17 2 0
1 17 3 0
1 17 4 0
1 18 0 3468
1 18 1 3468
1 18 2 0
1 18 3 0
1 18 4 0
1 19 0 0
1 19 1 0
1 19 2 0
1 19 3 0
1 19 4 0
2 0 0 0
2 0 1 0
2 0 2 0
2 0 3 0
2 0 4 0
2 1 0 0
2 1 1 0
2 1 2 0
2 1 3 0
2 1 4 0
2 3 0 0
2 3 1 0
2 3 2 0
2 3 3 0
2 3 4 0
2 4 0 3555
2 4 1 3555
2 4 2 0
2 4 3 0
2 4 4 0
2 5 0 3856
2 5 1 3856
2 5 2 0
2 5 3 0
2 5 4 0
2 6 0 0
2 6 1 0
2 6 2 0
2 6 3 0
2 6 4 0
2 7 0 0
2 7 1 0
2 7 2 0
2 7 3 0
2 7 4 0
2 8 0 3753
2 8 1 3753
2 8 2 0
2 8 3 0
2 8 4 0
2 9 0 3674
2 9 1 3674
2 9 2 3674
2 9 3 0
2 9 4 0
2 10 0 0
2 10 1 0
2 10 2 0
2 10 3 0
2 10 4 0
2 11 0 0
2 11 1 0
2 11 2 0
2 11 3 0
2 11 4 0
2 12 0 0
2 12 1 0
2 12 2 0
2 12 3 0
2 12 4 0
2 13 0 3504
2 13 1 3504
2 13 2 3504
2 13 3 0
2 13 4 0
2 14 0 0
2 14 1 0
2 14 2 0
2 14 3 0
2 14 4 0
2 15 0 0
2 15 1 0
2 15 2 0
2 15 3 0
2 15 4 0
2 16 0 0
2 16 1 0
2 16 2 0
2 16 3 0
2 16 4 0
2 17 0 3593
2 17 1 3593
2 17 2 0
2 17 3 0
2 17 4 0
2 18 0 3111
2 18 1 3111
2 18 2 0
2 18 3 0
2 18 4 0
2 19 0 0
2 19 1 0
2 19 2 0
2 19 3 0
2 19 4 0
3 0 0 0
3 0 1 0
3 0 2 0
3 0 3 0
3 0 4 0
3 1 0 0
3 1 1 0
3 1 2 0
3 1 3 0
3 1 4 0
3 2 0 0
3 2 1 0
3 2 2 0
3 2 3 0
3 2 4 0
3 4 0 3190
3 4 1 3190
3 4 2 0
3 4 3 0
3 4 4 0
3 5 0 0
3 5 1 0
3 5 2 0
3 5 3 0
3 5 4 0
3 6 0 3761
3 6 1 3761
3 6 2 0
3 6 3 0
3 6 4 0
3 7 0 3538
3 7 1 3538
3 7 2 0
3 7 3 0
3 7 4 0
3 8 0 3995
3 8 1 3995
3 8 2 0
3 8 3 0
3 8 4 0
3 9 0 0
3 9 1 0
3 9 2 0
3 9 3 0
3 9 4 0
3 10 0 0
3 10 1 0
3 10 2 0
3 10 3 0
3 10 4 0
3 11 0 0
3 11 1 0
3 11 2 0
3 11 3 0
3 11 4 0
3 12 0 0
3 12 1 0
3 12 2 0
3 12 3 0
3 12 4 0
3 13 0 0
3 13 1 0
3 13 2 0
3 13 3 0
3 13 4 0
3 14 0 3890
3 14 1 3890
3 14 2 3890
3 14 3 0
3 14 4 0
3 15 0 0
3 15 1 0
3 15 2 0
3 15 3 0
3 15 4 0
3 16 0 0
3 16 1 0
3 16 2 0
3 16 3 0
3 16 4 0
3 17 0 3321
3 17 1 3321
3 17 2 0
3 17 3 0
3 17 4 0
3 18 0 3988
3 18 1 3988
3 18 2 3988
3 18 3 0
3 18 4 0
3 19 0 3052
3 19 1 3052
3 19 2 0
3 19 3 0
3 19 4 0
4 0 0 0
4 0 1 0
4 0 2 0
4 0 3 0
4 0 4 0
4 1 0 3644
4 1 1 3644
4 1 2 0
4 1 3 0
4 1 4 0
4 2 0 3849
4 2 1 3849
4 2 2 3849
4 2 3 0
4 2 4 0
4 3 0 0
4 3 1 0
4 3 2 0
4 3 3 0
4 3 4 0
4 5 0 3306
4 5 1 3306
4 5 2 3306
4 5 3 0
4 5 4 0
4 6 0 0
4 6 1 0
4 6 2 0
4 6 3 0
4 6 4 0
4 7 0 3617
4 7 1 3617
4 7 2 0
4 7 3 0
4 7 4 0
4 8 0 0
4 8 1 0
4 8 2 0
4 8 3 0
4 8 4 0
4 9 0 3019
4 9 1 3019
4 9 2 0
4 9 3 0
4 9 4 0
4 10 0 3644
4 10 1 3644
4 10 2 3644
4 10 3 0
4 10 4 0
4 11 0 0
4 11 1 0
4 11 2 0
4 11 3 0
4 11 4 0
4 12 0 3758
4 12 1 3758
4 12 2 0
4 12 3 0
4 12 4 0
4 13 0 0
4 13 1 0
4 13 2 0
4 13 3 0
4 13 4 0
4 14 0 3038
4 14 1 3038
4 14 2 3038
4 14 3 0
4 14 4 0
4 15 0 3839
4 15 1 3839
4 15 2 3839
4 15 3 0
4 15 4 0
4 16 0 0
4 16 1 0
4 16 2 0
4 16 3 0
4 16 4 0
4 17 0 3018
4 17 1 3018
4 17 2 0
4 17 3 0
4 17 4 0
4 18 0 0
4 18 1 0
4 18 2 0
4 18 3 0
4 18 4 0
4 19 0 0
4 19 1 0
4 19 2 0
4 19 3 0
4 19 4 0
5 0 0 3043
5 0 1 3043
5 0 2 3043
5 0 3 0
5 0 4 0
5 1 0 0
5 1 1 0
5 1 2 0
5 1 3 0
5 1 4 0
5 2 0 3957
5 2 1 3957
5 2 2 0
5 2 3 0
5 2 4 0
5 3 0 0
5 3 1 0
5 3 2 0
5 3 3 0
5 3 4 0
5 4 0 0
5 4 1 0
5 4 2 0
5 4 3 0
5 4 4 0
5 6 0 0
5 6 1 0
5 6 2 0
5 6 3 0
5 6 4 0
5 7 0 3536
5 7 1 3536
5 7 2 3536
5 7 3 0
5 7 4 0
5 8 0 0
5 8 1 0
5 8 2 0
5 8 3 0
5 8 4 0
5 9 0 0
5 9 1 0
5 9 2 0
5 9 3 0
5 9 4 0
5 10 0 3966
5 10 1 3966
5 10 2 3966
5 10 3 0
5 10 4 0
5 11 0 0
5 11 1 0
5 11 2 0
5 11 3 0
5 11 4 0
5 12 0 0
5 12 1 0
5 12 2 0
5 12 3 0
5 12 4 0
5 13 0 0
5 13 1 0
5 13 2 0
5 13 3 0
5 13 4 0
5 14 0 0
5 14 1 0
5 14 2 0
5 14 3 0
5 14 4 0
5 15 0 3017
5 15 1 3017
5 15 2 0
5 15 3 0
5 15 4 0
5 16 0 3662
5 16 1 3662
5 16 2 3662
5 16 3 0
5 16 4 0
5 17 0 0
5 17 1 0
5 17 2 0
5 17 3 0
5 17 4 0
5 18 0 3443
5 18 1 3443
5 18 2 3443
5 18 3 0
5 18 4 0
5 19 0 3043
5 19 1 3043
5 19 2 0
5 19 3 0
5 19 4 0
6 0 0 3381
6 0 1 3381
6 0 2 3381
6 0 3 0
6 0 4 0
6 1 0 0
6 1 1 0
6 1 2 0
6 1 3 0
6 1 4 0
6 2 0 3083
6 2 1 3083
6 2 2 3083
6 2 3 0
6 2 4 0
6 3 0 0
6 3 1 0
6 3 2 0
6 3 3 0
6 3 4 0
6 4 0 0
6 4 1 0
6 4 2 0
6 4 3 0
6 4 4 0
6 5 0 3373
6 5 1 3373
6 5 2 0
6 5 3 0
6 5 4 0
6 7 0 3313
6 7 1 3313
6 7 2 0
6 7 3 0
6 7 4 0
6 8 0 3939
6 8 1 3939
6 8 2 3939
6 8 3 0
6 8 4 0
6 9 0 3285
6 9 1 3285
6 9 2 0
6 9 3 0
6 9 4 0
6 10 0 0
6 10 1 0
6 10 2 0
6 10 3 0
6 10 4 0
6 11 0 0
6 11 1 0
6 11 2 0
6 11 3 0
6 11 4 0
6 12 0 3590
6 12 1 3590
6 12 2 3590
6 12 3 0
6 12 4 0
6 13 0 0
6 13 1 0
6 13 2 0
6 13 3 0
6 13 4 0
6 14 0 0
6 14 1 0
6 14 2 0
6 14 3 0
6 14 4 0
6 15 0 0
6 15 1 0
6 15 2 0
6 15 3 0
6 15 4 0
6 16 0 3828
6 16 1 3828
6 16 2 3828
6 16 3 0
6 16 4 0
6 17 0 0
6 17 1 0
6 17 2 0
6 17 3 0
6 17 4 0
6 18 0 3759
6 18 1 3759
6 18 2 3759
6 18 3 0
6 18 4 0
6 19 0 0
6 19 1 0
6 19 2 0
6 19 3 0
6 19 4 0
7 0 0 0
7 0 1 0
7 0 2 0
7 0 3 0
7 0 4 0
7 1 0 3585
7 1 1 3585
7 1 2 0
7 1 3 0
7 1 4 0
7 2 0 3091
7 2 1 3091
7 2 2 0
7 2 3 0
7 2 4 0
7 3 0 0
7 3 1 0
7 3 2 0
7 3 3 0
7 3 4 0
7 4 0 0
7 4 1 0
7 4 2 0
7 4 3 0
7 4 4 0
7 5 0 0
7 5 1 0
7 5 2 0
7 5 3 0
7 5 4 0
7 6 0 3122
7 6 1 3122
7 6 2 3122
7 6 3 0
7 6 4 0
7 8 0 0
7 8 1 0
7 8 2 0
7 8 3 0
7 8 4 0
7 9 0 0
7 9 1 0
7 9 2 0
7 9 3 0
7 9 4 0
7 10 0 0
7 10 1 0
7 10 2 0
7 10 3 0
7 10 4 0
7 11 0 0
7 11 1 0
7 11 2 0
7 11 3 0
7 11 4 0
7 12 0 3183
7 12 1 3183
7 12 2 3183
7 12 3 0
7 12 4 0
7 13 0 3530
7 13 1 3530
7 13 2 0
7 13 3 0
7 13 4 0
7 14 0 0
7 14 1 0
7 14 2 0
7 14 3 0
7 14 4 0
7 15 0 0
7 15 1 0
7 15 2 0
7 15 3 0
7 15 4 0
7 16 0 3690
7 16 1 3690
7 16 2 3690
7 16 3 0
7 16 4 0
7 17 0 0
7 17 1 0
7 17 2 0
7 17 3 0
7 17 4 0
7 18 0 3367
7 18 1 3367
7 18 2 3367
7 18 3 0
7 18 4 0
7 19 0 0
7 19 1 0
7 19 2 0
7 19 3 0
7 19 4 0
8 0 0 3184
8 0 1 3184
8 0 2 0
8 0 3 0
8 0 4 0
8 1 0 3629
8 1 1 3629
8 1 2 0
8 1 3 0
8 1 4 0
8 2 0 0
8 2 1 0
8 2 2 0
8 2 3 0
8 2 4 0
8 3 0 3777
8 3 1 3777
8 3 2 0
8 3 3 0
8 3 4 0
8 4 0 0
8 4 1 0
8 4 2 0
8 4 3 0
8 4 4 0
8 5 0 3380
8 5 1 3380
8 5 2 0
8 5 3 0
8 5 4 0
8 6 0 3379
8 6 1 3379
8 6 2 3379
8 6 3 0
8 6 4 0
8 7 0 3910
8 7 1 3910
8 7 2 3910
8 7 3 0
8 7 4 0
8 9 0 0
8 9 1 0
8 9 2 0
8 9 3 0
8 9 4 0
8 10 0 3164
8 10 1 3164
8 10 2 0
8 10 3 0
8 10 4 0
8 11 0 0
8 11 1 0
8 11 2 0
8 11 3 0
8 11 4 0
8 12 0 0
8 12 1 0
8 12 2 0
8 12 3 0
8 12 4 0
8 13 0 3386
8 13 1 3386
8 13 2 0
8 13 3 0
8 13 4 0
8 14 0 0
8 14 1 0
8 14 2 0
8 14 3 0
8 14 4 0
8 15 0 0
8 15 1 0
8 15 2 0
8 15 3 0
8 15 4 0
8 16 0 0
8 16 1 0
8 16 2 0
8 16 3 0
8 16 4 0
8 17 0 0
8 17 1 0
8 17 2 0
8 17 3 0
8 17 4 0
8 18 0 3368
8 18 1 3368
8 18 2 3368
8 18 3 0
8 18 4 0
8 19 0 0
8 19 1 0
8 19 2 0
8 19 3 0
8 19 4 0
9 0 0 0
9 0 1 0
9 0 2 0
9 0 3 0
9 0 4 0
9 1 0 3271
9 1 1 3271
9 1 2 0
9 1 3 0
9 1 4 0
9 2 0 0
9 2 1 0
9 2 2 0
9 2 3 0
9 2 4 0
9 3 0 0
9 3 1 0
9 3 2 0
9 3 3 0
9 3 4 0
9 4 0 0
9 4 1 0
9 4 2 0
9 4 3 0
9 4 4 0
9 5 0 0
9 5 1 0
9 5 2 0
9 5 3 0
9 5 4 0
9 6 0 0
9 6 1 0
9 6 2 0
9 6 3 0
9 6 4 0
9 7 0 0
9 7 1 0
9 7 2 0
9 7 3 0
9 7 4 0
9 8 0 0
9 8 1 0
9 8 2 0
9 8 3 0
9 8 4 0
9 10 0 3253
9 10 1 3253
9 10 2 0
9 10 3 0
9 10 4 0
9 11 0 0
9 11 1 0
9 11 2 0
9 11 3 0
9 11 4 0
9 12 0 0
9 12 1 0
9 12 2 0
9 12 3 0
9 12 4 0
9 13 0 3937
9 13 1 3937
9 13 2 3937
9 13 3 0
9 13 4 0
9 14 0 3517
9 14 1 3517
9 14 2 3517
9 14 3 0
9 14 4 0
9 15 0 3743
9 15 1 3743
9 15 2 0
9 15 3 0
9 15 4 0
9 16 0 0
9 16 1 0
9 16 2 0
9 16 3 0
9 16 4 0
9 17 0 0
9 17 1 0
9 17 2 0
9 17 3 0
9 17 4 0
9 18 0 3434
9 18 1 3434
9 18 2 3434
9 18 3 0
9 18 4 0
9 19 0 3682
9 19 1 3682
9 19 2 0
9 19 3 0
9 19 4 0
10 0 0 0
10 0 1 0
10 0 2 0
10 0 3 0
10 0 4 0
10 1 0 0
10 1 1 0
10 1 2 0
10 1 3 0
10 1 4 0
10 2 0 0
10 2 1 0
10 2 2 0
10 2 3 0
10 2 4 0
10 3 0 0
10 3 1 0
10 3 2 0
10 3 3 0
10 3 4 0
10 4 0 3733
10 4 1 3733
10 4 2 3733
10 4 3 0
10 4 4 0
10 5 0 3949
10 5 1 3949
10 5 2 0
10 5 3 0
10 5 4 0
10 6 0 3809
10 6 1 3809
10 6 2 0
10 6 3 0
10 6 4 0
10 7 0 3288
10 7 1 3288
10 7 2 0
10 7 3 0
10 7 4 0
10 8 0 3604
10 8 1 3604
10 8 2 0
10 8 3 0
10 8 4 0
10 9 0 3061
10 9 1 3061
10 9 2 3061
10 9 3 0
10 9 4 0
10 11 0 3793
10 11 1 3793
10 11 2 3793
10 11 3 0
10 11 4 0
10 12 0 0
10 12 1 0
10 12 2 0
10 12 3 0
10 12 4 0
10 13 0 0
10 13 1 0
10 13 2 0
10 13 3 0
10 13 4 0
10 14 0 3063
10 14 1 3063
10 14 2 3063
10 14 3 0
10 14 4 0
10 15 0 3600
10 15 1 3600
10 15 2 0
10 15 3 0
10 15 4 0
10 16 0 3034
10 16 1 3034
10 16 2 3034
10 16 3 0
10 16 4 0
10 17 0 0
10 17 1 0
10 17 2 0
10 17 3 0
10 17 4 0
10 18 0 3180
10 18 1 3180
10 18 2 3180
10 18 3 0
10 18 4 0
10 19 0 3638
10 19 1 3638
10 19 2 3638
10 19 3 0
10 19 4 0
11 0 0 0
11 0 1 0
11 0 2 0
11 0 3 0
11 0 4 0
11 1 0 3063
11 1 1 3063
11 1 2 0
11 1 3 0
11 1 4 0
11 2 0 0
11 2 1 0
11 2 2 0
11 2 3 0
11 2 4 0
11 3 0 3365
11 3 1 3365
11 3 2 0
11 3 3 0
11 3 4 0
11 4 0 0
11 4 1 0
11 4 2 0
11 4 3 0
11 4 4 0
11 5 0 0
11 5 1 0
11 5 2 0
11 5 3 0
11 5 4 0
11 6 0 3758
11 6 1 3758
11 6 2 3758
11 6 3 0
11 6 4 0
11 7 0 3015
11 7 1 3015
11 7 2 3015
11 7 3 0
11 7 4 0
11 8 0 3639
11 8 1 3639
11 8 2 3639
11 8 3 0
11 8 4 0
11 9 0 0
11 9 1 0
11 9 2 0
11 9 3 0
11 9 4 0
11 10 0 0
11 10 1 0
11 10 2 0
11 10 3 0
11 10 4 0
11 12 0 3247
11 12 1 3247
11 12 2 0
11 12 3 0
11 12 4 0
11 13 0 0
11 13 1 0
11 13 2 0
11 13 3 0
11 13 4 0
11 14 0 0
11 14 1 0
11 14 2 0
11 14 3 0
11 14 4 0
11 15 0 0
11 15 1 0
11 15 2 0
11 15 3 0
11 15 4 0
11 16 0 0
11 16 1 0
11 16 2 0
11 16 3 0
11 16 4 0
11 17 0 0
11 17 1 0
11 17 2 0
11 17 3 0
11 17 4 0
11 18 0 0
11 18 1 0
11 18 2 0
11 18 3 0
11 18 4 0
11 19 0 3970
11 19 1 3970
11 19 2 0
11 19 3 0
11 19 4 0
12 0 0 3859
12 0 1 3859
12 0 2 3859
12 0 3 0
12 0 4 0
12 1 0 0
12 1 1 0
12 1 2 0
12 1 3 0
12 1 4 0
12 2 0 3459
12 2 1 3459
12 2 2 3459
12 2 3 0
12 2 4 0
12 3 0 3534
12 3 1 3534
12 3 2 0
12 3 3 0
12 3 4 0
12 4 0 0
12 4 1 0
12 4 2 0
12 4 3 0
12 4 4 0
12 5 0 3162
12 5 1 3162
12 5 2 0
12 5 3 0
12 5 4 0
12 6 0 0
12 6 1 0
12 6 2 0
12 6 3 0
12 6 4 0
12 7 0 3308
12 7 1 3308
12 7 2 0
12 7 3 0
12 7 4 0
12 8 0 3521
12 8 1 3521
12 8 2 0
12 8 3 0
12 8 4 0
12 9 0 3820
12 9 1 3820
12 9 2 3820
12 9 3 0
12 9 4 0
12 10 0 0
12 10 1 0
12 10 2 0
12 10 3 0
12 10 4 0
12 11 0 0
12 11 1 0
12 11 2 0
12 11 3 0
12 11 4 0
12 13 0 3354
12 13 1 3354
12 13 2 0
12 13 3 0
12 13 4 0
12 14 0 0
12 14 1 0
12 14 2 0
12 14 3 0
12 14 4 0
12 15 0 3499
12 15 1 3499
12 15 2 0
12 15 3 0
12 15 4 0
12 16 0 0
12 16 1 0
12 16 2 0
12 16 3 0
12 16 4 0
12 17 0 3720
12 17 1 3720
12 17 2 0
12 17 3 0
12 17 4 0
12 18 0 3747
12 18 1 3747
12 18 2 3747
12 18 3 0
12 18 4 0
12 19 0 0
12 19 1 0
12 19 2 0
12 19 3 0
12 19 4 0
13 0 0 3456
13 0 1 3456
13 0 2 0
13 0 3 0
13 0 4 0
13 1 0 0
13 1 1 0
13 1 2 0
13 1 3 0
13 1 4 0
13 2 0 3046
13 2 1 3046
13 2 2 0
13 2 3 0
13 2 4 0
13 3 0 0
13 3 1 0
13 3 2 0
13 3 3 0
13 3 4 0
13 4 0 0
13 4 1 0
13 4 2 0
13 4 3 0
13 4 4 0
13 5 0 0
13 5 1 0
13 5 2 0
13 5 3 0
13 5 4 0
13 6 0 0
13 6 1 0
13 6 2 0
13 6 3 0
13 6 4 0
13 7 0 3105
13 7 1 3105
13 7 2 3105
13 7 3 0
13 7 4 0
13 8 0 0
13 8 1 0
13 8 2 0
13 8 3 0
13 8 4 0
13 9 0 0
13 9 1 0
13 9 2 0
13 9 3 0
13 9 4 0
13 10 0 0
13 10 1 0
13 10 2 0
13 10 3 0
13 10 4 0
13 11 0 0
13 11 1 0
13 11 2 0
13 11 3 0
13 11 4 0
13 12 0 3887
13 12 1 3887
13 12 2 3887
13 12 3 0
13 12 4 0
13 14 0 0
13 14 1 0
13 14 2 0
13 14 3 0
13 14 4 0
13 15 0 3976
13 15 1 3976
13 15 2 3976
13 15 3 0
13 15 4 0
13 16 0 0
13 16 1 0
13 16 2 0
13 16 3 0
13 16 4 0
13 17 0 0
13 17 1 0
13 17 2 0
13 17 3 0
13 17 4 0
13 18 0 0
13 18 1 0
13 18 2 0
13 18 3 0
13 18 4 0
13 19 0 3470
13 19 1 3470
13 19 2 0
13 19 3 0
13 19 4 0
14 0 0 0
14 0 1 0
14 0 2 0
14 0 3 0
14 0 4 0
14 1 0 0
14 1 1 0
14 1 2 0
14 1 3 0
14 1 4 0
14 2 0 0
14 2 1 0
14 2 2 0
14 2 3 0
14 2 4 0
14 3 0 3255
14 3 1 3255
14 3 2 3255
14 3 3 0
14 3 4 0
14 4 0 3250
14 4 1 3250
14 4 2 0
14 4 3 0
14 4 4 0
14 5 0 0
14 5 1 0
14 5 2 0
14 5 3 0
14 5 4 0
14 6 0 0
14 6 1 0
14 6 2 0
14 6 3 0
14 6 4 0
14 7 0 3569
14 7 1 3569
14 7 2 3569
14 7 3 0
14 7 4 0
14 8 0 0
14 8 1 0
14 8 2 0
14 8 3 0
14 8 4 0
14 9 0 3571
14 9 1 3571
14 9 2 3571
14 9 3 0
14 9 4 0
14 10 0 3357
14 10 1 3357
14 10 2 3357
14 10 3 0
14 10 4 0
14 11 0 3175
14 11 1 3175
14 11 2 0
14 11 3 0
14 11 4 0
14 12 0 0
14 12 1 0
14 12 2 0
14 12 3 0
14 12 4 0
14 13 0 3958
14 13 1 3958
14 13 2 0
14 13 3 0
14 13 4 0
14 15 0 0
14 15 1 0
14 15 2 0
14 15 3 0
14 15 4 0
14 16 0 0
14 16 1 0
14 16 2 0
14 16 3 0
14 16 4 0
14 17 0 0
14 17 1 0
14 17 2 0
14 17 3 0
14 17 4 0
14 18 0 3583
14 18 1 3583
14 18 2 0
14 18 3 0
14 18 4 0
14 19 0 3120
14 19 1 3120
14 19 2 3120
14 19 3 0
14 19 4 0
15 0 0 3511
15 0 1 3511
15 0 2 0
15 0 3 0
15 0 4 0
15 1 0 3006
15 1 1 3006
15 1 2 0
15 1 3 0
15 1 4 0
15 2 0 3923
15 2 1 3923
15 2 2 0
15 2 3 0
15 2 4 0
15 3 0 3622
15 3 1 3622
15 3 2 3622
15 3 3 0
15 3 4 0
15 4 0 0
15 4 1 0
15 4 2 0
15 4 3 0
15 4 4 0
15 5 0 3946
15 5 1 3946
15 5 2 0
15 5 3 0
15 5 4 0
15 6 0 0
15 6 1 0
15 6 2 0
15 6 3 0
15 6 4 0
15 7 0 0
15 7 1 0
15 7 2 0
15 7 3 0
15 7 4 0
15 8 0 0
15 8 1 0
15 8 2 0
15 8 3 0
15 8 4 0
15 9 0 3167
15 9 1 3167
15 9 2 0
15 9 3 0
15 9 4 0
15 10 0 3592
15 10 1 3592
15 10 2 0
15 10 3 0
15 10 4 0
15 11 0 0
15 11 1 0
15 11 2 0
15 11 3 0
15 11 4 0
15 12 0 3426
15 12 1 3426
15 12 2 0
15 12 3 0
15 12 4 0
15 13 0 0
15 13 1 0
15 13 2 0
15 13 3 0
15 13 4 0
15 14 0 0
15 14 1 0
15 14 2 0
15 14 3 0
15 14 4 0
15 16 0 0
15 16 1 0
15 16 2 0
15 16 3 0
15 16 4 0
15 17 0 0
15 17 1 0
15 17 2 0
15 17 3 0
15 17 4 0
15 18 0 0
15 18 1 0
15 18 2 0
15 18 3 0
15 18 4 0
15 19 0 0
15 19 1 0
15 19 2 0
15 19 3 0
15 19 4 0
16 0 0 0
16 0 1 0
16 0 2 0
16 0 3 0
16 0 4 0
16 1 0 0
16 1 1 0
16 1 2 0
16 1 3 0
16 1 4 0
16 2 0 0
16 2 1 0
16 2 2 0
16 2 3 0
16 2 4 0
16 3 0 0
16 3 1 0
16 3 2 0
16 3 3 0
16 3 4 0
16 4 0 0
16 4 1 0
16 4 2 0
16 4 3 0
16 4 4 0
16 5 0 3946
16 5 1 3946
16 5 2 0
16 5 3 0
16 5 4 0
16 6 0 0
16 6 1 0
16 6 2 0
16 6 3 0
16 6 4 0
16 7 0 0
16 7 1 0
16 7 2 0
16 7 3 0
16 7 4 0
16 8 0 0
16 8 1 0
16 8 2 0
16 8 3 0
16 8 4 0
16 9 0 0
16 9 1 0
16 9 2 0
16 9 3 0
16 9 4 0
16 10 0 3176
16 10 1 3176
16 10 2 0
16 10 3 0
16 10 4 0
16 11 0 3329
16 11 1 3329
16 11 2 0
16 11 3 0
16 11 4 0
16 12 0 0
16 12 1 0
16 12 2 0
16 12 3 0
16 12 4 0
16 13 0 0
16 13 1 0
16 13 2 0
16 13 3 0
16 13 4 0
16 14 0 3011
16 14 1 3011
16 14 2 0
16 14 3 0
16 14 4 0
16 15 0 0
16 15 1 0
16 15 2 0
16 15 3 0
16 15 4 0
16 17 0 3893
16 17 1 3893
16 17 2 0
16 17 3 0
16 17 4 0
16 18 0 0
16 18 1 0
16 18 2 0
16 18 3 0
16 18 4 0
16 19 0 3928
16 19 1 3928
16 19 2 0
16 19 3 0
16 19 4 0
17 0 0 0
17 0 1 0
17 0 2 0
17 0 3 0
17 0 4 0
17 1 0 3387
17 1 1 3387
17 1 2 0
17 1 3 0
17 1 4 0
17 2 0 0
17 2 1 0
17 2 2 0
17 2 3 0
17 2 4 0
17 3 0 3199
17 3 1 3199
17 3 2 0
17 3 3 0
17 3 4 0
17 4 0 0
17 4 1 0
17 4 2 0
17 4 3 0
17 4 4 0
17 5 0 3393
17 5 1 3393
17 5 2 3393
17 5 3 0
17 5 4 0
17 6 0 0
17 6 1 0
17 6 2 0
17 6 3 0
17 6 4 0
17 7 0 0
17 7 1 0
17 7 2 0
17 7 3 0
17 7 4 0
17 8 0 0
17 8 1 0
17 8 2 0
17 8 3 0
17 8 4 0
17 9 0 0
17 9 1 0
17 9 2 0
17 9 3 0
17 9 4 0
17 10 0 0
17 10 1 0
17 10 2 0
17 10 3 0
17 10 4 0
17 11 0 3664
17 11 1 3664
17 11 2 0
17 11 3 0
17 11 4 0
17 12 0 0
17 12 1 0
17 12 2 0
17 12 3 0
17 12 4 0
17 13 0 0
17 13 1 0
17 13 2 0
17 13 3 0
17 13 4 0
17 14 0 3490
17 14 1 3490
17 14 2 3490
17 14 3 0
17 14 4 0
17 15 0 0
17 15 1 0
17 15 2 0
17 15 3 0
17 15 4 0
17 16 0 0
17 16 1 0
17 16 2 0
17 16 3 0
17 16 4 0
17 18 0 0
17 18 1 0
17 18 2 0
17 18 3 0
17 18 4 0
17 19 0 0
17 19 1 0
17 19 2 0
17 19 3 0
17 19 4 0
18 0 0 0
18 0 1 0
18 0 2 0
18 0 3 0
18 0 4 0
18 1 0 3574
18 1 1 3574
18 1 2 3574
18 1 3 0
18 1 4 0
18 2 0 0
18 2 1 0
18 2 2 0
18 2 3 0
18 2 4 0
18 3 0 0
18 3 1 0
18 3 2 0
18 3 3 0
18 3 4 0
18 4 0 0
18 4 1 0
18 4 2 0
18 4 3 0
18 4 4 0
18 5 0 0
18 5 1 0
18 5 2 0
18 5 3 0
18 5 4 0
18 6 0 3087
18 6 1 3087
18 6 2 0
18 6 3 0
18 6 4 0
18 7 0 0
18 7 1 0
18 7 2 0
18 7 3 0
18 7 4 0
18 8 0 3292
18 8 1 3292
18 8 2 0
18 8 3 0
18 8 4 0
18 9 0 3945
18 9 1 3945
18 9 2 0
18 9 3 0
18 9 4 0
18 10 0 3685
18 10 1 3685
18 10 2 0
18 10 3 0
18 10 4 0
18 11 0 3168
18 11 1 3168
18 11 2 3168
18 11 3 0
18 11 4 0
18 12 0 0
18 12 1 0
18 12 2 0
18 12 3 0
18 12 4 0
18 13 0 0
18 13 1 0
18 13 2 0
18 13 3 0
18 13 4 0
18 14 0 0
18 14 1 0
18 14 2 0
18 14 3 0
18 14 4 0
18 15 0 0
18 15 1 0
18 15 2 0
18 15 3 0
18 15 4 0
18 16 0 3699
18 16 1 3699
18 16 2 3699
18 16 3 0
18 16 4 0
18 17 0 0
18 17 1 0
18 17 2 0
18 17 3 0
18 17 4 0
18 19 0 0
18 19 1 0
18 19 2 0
18 19 3 0
18 19 4 0
19 0 0 0
19 0 1 0
19 0 2 0
19 0 3 0
19 0 4 0
19 1 0 0
19 1 1 0
19 1 2 0
19 1 3 0
19 1 4 0
19 2 0 0
19 2 1 0
19 2 2 0
19 2 3 0
19 2 4 0
19 3 0 3279
19 3 1 3279
19 3 2 0
19 3 3 0
19 3 4 0
19 4 0 3934
19 4 1 3934
19 4 2 3934
19 4 3 0
19 4 4 0
19 5 0 0
19 5 1 0
19 5 2 0
19 5 3 0
19 5 4 0
19 6 0 0
19 6 1 0
19 6 2 0
19 6 3 0
19 6 4 0
19 7 0 0
19 7 1 0
19 7 2 0
19 7 3 0
19 7 4 0
19 8 0 3049
19 8 1 3049
19 8 2 0
19 8 3 0
19 8 4 0
19 9 0 0
19 9 1 0
19 9 2 0
19 9 3 0
19 9 4 0
19 10 0 3400
19 10 1 3400
19 10 2 3400
19 10 3 0
19 10 4 0
19 11 0 3260
19 11 1 3260
19 11 2 0
19 11 3 0
19 11 4 0
19 12 0 0
19 12 1 0
19 12 2 0
19 12 3 0
19 12 4 0
19 13 0 0
19 13 1 0
19 13 2 0
19 13 3 0
19 13 4 0
19 14 0 3143
19 14 1 3143
19 14 2 0
19 14 3 0
19 14 4 0
19 15 0 0
19 15 1 0
19 15 2 0
19 15 3 0
19 15 4 0
19 16 0 0
19 16 1 0
19 16 2 0
19 16 3 0
19 16 4 0
19 17 0 0
19 17 1 0
19 17 2 0
19 17 3 0
19 17 4 0
19 18 0 3317
19 18 1 3317
19 18 2 3317
19 18 3 0
19 18 4 0

