30 4 24 523

   0 1064 1218 1047 1101 1176 1207 1174 1111 1217 1032 1211 1133 1229 1014  919  996 1172  924  993 1143 1009 1072 1193 1074 1090 1171  926  976 1112 
 918    0 1219  934 1004 1120 1004 1013 1004  988 1032 1191 1139 1110 1119 1250 1116 1205 1007 1032  940 1114 1077 1159 1121 1012  996 1124 1074 1139 
 939 1132    0 1207  937 1199 1104  934 1200  993 1203  992 1166 1212 1005  930  944  945 1034 1069  973 1096 1072  949 1234 1174  956 1094  993 1102 
1047 1167  971    0 1176 1185  954 1187 1234  919 1113  949 1071 1055 1142  949 1232 1158 1098  973  969 1243 1113 1114 1102  983 1172 1242 1026 1201 
 928  929 1005 1243    0 1091 1041 1106  931 1249  940 1009 1238  925 1096 1024 1122 1116  949 1233 1160  945 1173 1217 1031  951 1103 1170 1245 1077 
 933 1156  932  966 1095    0 1136 1028 1084  909  951  952  915 1228 1145 1150  946 1204 1071 1035 1233 1133 1247 1176  950 1009 1100 1059  960 1111 
1010  941  989  992 1122 1064    0 1180 1141 1129 1057 1198 1008 1024  933 1192 1037 1136 1079 1226 1039 1142 1232 1124 1146 1215  950 1083 1209 1141 
1056 1139 1018  927 1130 1023  949    0 1242 1224 1199 1062 1226 1212  969  956 1018 1017 1210 1126 1047 1034  940 1246  909 1233 1101 1008  986 1220 
1119  968 1232 1220 1150 1069 1116 1114    0 1137 1209 1221 1174  966 1243 1222 1010 1108  915 1055 1108 1152 1231 1221  976 1158  958 1153 1027 1111 
1126  979  943  997 1074 1022 1183  994 1195    0 1010 1184 1101 1017 1194 1127 1139 1075 1152  926 1120  909  976 1248 1178 1136 1201 1156 1040  916 
1015 1068 1106 1234 1190 1087 1174 1125 1252 1042    0  994 1023  951 1207 1173 1198 1011 1074  949 1003  960 1037 1021 1163 1048 1244 1081  994 1106 
1093  923  987 1065 1234  998 1121 1178 1195 1211  933    0 1008 1000 1120 1242 1207 1016 1108 1046  962 1133 1023 1168 1178 1033  983 1077  922 1013 
1004  999  992  915  994  942  936 1178 1074  933 1079 1103    0 1195 1217 1206 1046  984 1199 1246 1074 1159 1107 1051 1191  916 1045 1221 1239  986 
 943 1005  951 1080 1020 1137 1074 1230 1068 1021 1021 1224 1202    0  945  914 1018 1159 1072  941 1230  944 1134 1098 1035 1101 1018 1235 1241 1179 
1087 1221 1188  917 1116 1215 1077  971 1048 1249 1085 1187 1100  990    0 1012 1118 1057 1052 1091 1186  979 1239 1106  934 1188 1102  968  936 1021 
1063 1183 1124 1007 1200 1207  999 1120 1058 1099 1138 1144 1085 1219  968    0 1030 1095 1014  919  938 1185  943 1235 1004  917 1239  946  922 1037 
1012 1089  961 1241  977 1140 1145  978 1180 1073  973 1216 1245 1151 1090 1206    0 1069  983 1076 1115 1111 1243 1019  922  952 1116  978 1108 1184 
1150 1162 1154 1022 1189 1137 1106 1187 1180 1203 1019 1041 1216 1056 1176 1250 1002    0 1124 1127  922  983 1243  964 1160 1020  967 1210  977 1169 
1123 1016 1204 1039 1224  955 1026 1086  912 1136  975 1228 1129 1014 1250 1007 1113 1235    0 1199 1090 1051 1032 1228 1237  927 1000 1027  939 1030 
1202 1027  933 1079  997 1197 1186 1044  918 1202 1167 1085 1226 1236  967 1129  972 1037  942    0  994 1107 1136 1129  909 1022 1217 1224  970 1007 
1238 1047 1022 1038  940 1154 1225 1172 1039 1163 1127 1140 1216  990 1166 1067 1117 1139  965 1171    0 1183 1024  943  972 1131 1226 1003 1157  972 
 942  918  910  937 1056  993 1161 1055 1074 1000 1089  956  920 1220  955 1231 1021 1073 1143 1139 1123    0  993 1157 1241 1111  957 1144 1214 1174 
1194 1097 1081  951 1067 1072  983 1071 1243  912 1181 1183  938 1119 1154 1117  940 1033 1218 1221 1146 1027    0 1110 1046 1122 1120  937  919 1082 
 997 1079 1132 1223 1143  923  982 1111  963 1195 1224  960  956  952 1136  963 1046 1143 1079 1221  954  984 1089    0 1126 1099 1184 1058 1163 1166 
1175 1070 1117 1081 1086  959 1112 1184 1062  973 1170 1187 1021  987  937 1227 1183 1112 1087 1123 1105 1194 1146  935    0 1183 1003 1155 1169 1161 
 992 1180 1043  974 1009  931 1011 1240 1231 1101 1074 1186 1058 1075 1105  949 1243 1185 1245 1135 1193 1030 1037 1217 1191    0 1097 1123 1228 1196 
1122 1160 1174 1050 1138 1098 1224 1057 1154 1226 1203 1170 1014  936 1164 1233 1103 1212 1102 1198  926 1185  930  942  956  934    0  956 1178 1001 
 954 1072 1086  969 1126  992 1151  910  964  908 1076 1117 1233  956 1088 1246 1196 1011 1017 1232 1096 1242 1096 1029 1142 1180 1182    0 1085 1077 
1169  951 1051 1164 1158  970 1077 1231 1078 1212  953 1229  908 1117  908 1022 1175  962 1069 1193 1244 1161 1201 1163 1133 1246 1208 1180    0  946 
1204 1031 1152  966 1030  990 1050 1044 1031 1214 1059 1168 1205  935 1063 1214 1100 1040 1024 1123 1141 1053 1249 1180 1243 1143 1228 1217  936    0 

   0  661  895  603 1069  888  895  787 1182 1108 1011 1039 1004  795  983 1165  695  883 1007  932  988  629 1169  678  636  743  666  682  954 1070 
1080    0  669  837 1086 1135 1146  865  765 1072 1171 1184  713  640 1117 1016  836 1057  957  653  962 1093  705 1013 1040  731 1168 1122  727 1188 
 656  764    0 1165 1181  775 1123  891 1008 1045  938 1061  687 1079  686  945  801  944 1118  640  860  637 1079 1095  639 1103  612  628 1102  797 
 765  739  798    0  705  910 1063  600  979  954  721 1094  996  780  698  869  664  991  883 1089  623  987  923 1026  750  976  942  722  838  969 
1027  681 1145  850    0  857 1183  933 1114  770  948 1006  668 1084  799 1074  863  759  864  841  699  692 1073 1176  705  932  851 1064  848  996 
 877 1034  901  937  999    0  634  817 1019  732  823  903 1200 1012  979 1141 1200 1042  731  831  883  964 1120  694  712  971  861 1045  870 1018 
 881 1076  718  663  960  883    0  648 1105 1089  955 1107  867 1041 1066  933  624  842 1117  801  937 1173 1024  750  984 1173  615  622  688  919 
1014 1012  821  813  803  976  866    0 1068 1140  724 1037 1177  859  860  890  711  683  998  713  988 1020  685 1112 1183  637  976  951 1040  954 
1166 1041 1080  963  735  964  982 1193    0 1032  780  875  758  940  755 1165  969  820 1016  745 1039  662 1104 1005  951  987  703  723  790  728 
1019  925  614  882 1068 1028  994  976 1080    0  756  650  954 1188 1078  744  774  633  853 1062 1156 1197  800 1076  756  631  905  942  788  676 
 624  859 1024  896  829 1127  914  696 1025  696    0  653  953 1103  834  981  780 1150  964  663  628 1067  842  695  758 1142 1032  636  976  835 
 929  912  765  779  916 1146  786  884  690  831 1075    0 1000  664  791  866 1035 1191  693  989  831  802 1116  851  938 1180  896  875  788  919 
 904  680  763  812  871  756  775  830  684 1020  763  987    0  951  665 1146  641  683  915 1164  842 1019  842  703  905  853  680  961 1020  674 
1182 1110  864  747  820 1055 1022  635  720  751  825  812 1198    0  817  995  902  928 1063 1089 1156  776  748  929  712 1140  776 1069 1045  823 
1087 1097  976 1077 1081 1034 1142  875  722 1010 1031  725 1111  612    0  632 1074  961 1063 1144  947 1189 1042  674 1198  642  725 1130  645  700 
 947 1157  994  854 1165  830  816  830 1109  761 1056  689  785  629  607    0 1064  932 1092  871  619  637 1081  690 1028  800 1094  677  637  952 
 800  810  679  830  618  723  772  882  670  710  777  861  697 1126  814 1155    0  631 1030  974 1050  783  967  812  843  947  780  690 1068  971 
 872  945 1037 1168  681  634  783 1096  923  911  783  817  750  982 1011 1199 1033    0 1063  792  925  623 1156  946  768 1006  606  681 1174  608 
 837  836  731  878  687  679  849  845  727  702  620  859 1138 1019 1189  641 1196 1196    0  757  876  624  683  682 1016 1016  692  640  762 1008 
 858  883  765  883  674 1135 1174  634  974 1118  658 1098 1121  632  866  854  763  707 1000    0 1148  829  623  885  625  884 1107  835 1140 1021 
 921 1105 1015  837  881 1006  874  642  895  617 1040  885  963  729  950 1173  792 1119  770  949    0  893  665  834  616  864  897  786 1044 1148 
 817 1179  670  718  656  650 1193  691 1057  756  861  884 1173 1119  801  832  725  983  997  801 1062    0  819  926  756  852  804  723  730 1164 
 675 1060  606 1126  737 1155  643  882  671  656  922  641 1080  969 1107 1093  794 1015 1033  992  932  795    0 1033  608  784  868 1019  735 1012 
 806 1005  630  859 1074  922  721  625  762 1092 1027 1059 1179 1183 1024  889  668 1009  903  986  603  610  905    0  854  860  964 1024 1130  619 
1064  951  762  639  998 1088  864  848 1097  963 1004  900  990 1067  988  759  969 1065  980  950  995  969  978  928    0  848 1120  730  945  768 
1016  682  819 1102  959 1115  945  693  876 1188  993  884 1148 1100  897 1106  869  682  902  894 1137 1186  781  626  923    0 1045  934 1194 1062 
 833  635  639  676  749 1178  943 1158  760 1023  719  921 1002  849  834 1143 1035 1141  768 1032  789  672  855  696 1088  733    0  682 1156 1003 
 958  928 1068 1102 1065  813  848  691  712 1175 1002  687  600 1146  788  760 1179  815 1156 1166 1139  833  847  866 1181  637  765    0 1051  841 
1099 1008 1058  700 1077  901 1169  743  994  731 1174  774 1096  600 1005  959 1173 1084  740 1191  893  791  970  830 1031  620  888 1044    0  854 
1111  901  941  682  892  984  965 1036  922  617  725  906 1194 1199  875 1091  660  888 1066  674  825  780  624  995  879 1052 1104 1106  869    0 

0 369 1070
1 606 1005
2 669 825
3 256 879
4 256 984
5 539 915
6 464 957
7 674 1028
8 237 715
9 539 779
10 510 1013
11 685 988
12 690 887
13 358 985
14 429 935
15 430 1045
16 270 812
17 421 836
18 557 1022
19 278 988
20 467 968
21 667 876
22 362 754
23 639 908
24 388 776
25 655 932
26 487 822
27 332 991
28 510 705
29 661 885

0 6 34311 36691 3621 
0 16 6338 8186 1992 
0 15 2662 6657 3676 
0 21 27107 29144 2018 
0 23 14634 17318 3579 
0 11 33395 36293 4844 
0 21 31080 32809 4036 
0 17 14113 16726 3516 
1 6 8928 12079 3012 
1 14 12188 15304 2238 
1 8 29917 32158 4016 
1 6 9367 13710 3012 
1 3 698 2673 2802 
1 16 30273 32312 4464 
1 26 5568 8698 2988 
1 20 34624 38154 1880 
1 15 2748 6710 3750 
1 25 6437 8739 3036 
1 20 34084 37653 1880 
1 23 15873 19661 2318 
1 27 14778 17975 3372 
1 13 18809 20255 2220 
1 16 4798 7715 3348 
1 19 25521 28048 3096 
1 23 25227 28215 4636 
1 5 16401 20010 2240 
1 10 3690 7179 2064 
1 3 13794 15618 3736 
2 19 33271 35075 4276 
2 10 1085 4640 3609 
2 28 25161 29073 2979 
2 7 2054 5199 3736 
2 6 16920 21299 4416 
2 5 32970 35124 4796 
2 10 31283 34500 4812 
2 9 17827 20230 3972 
3 0 33957 36940 4188 
3 8 360 3404 4936 
3 24 13579 16444 4408 
3 10 31631 33613 4452 
3 13 8158 10030 2110 
3 6 14905 17636 1908 
3 18 31435 34499 3294 
3 16 27929 29515 2464 
3 16 19861 22410 4928 
3 20 1478 3384 1938 
3 1 18322 20191 3501 
3 28 2060 4691 3078 
3 1 34473 36512 4668 
3 9 17899 20808 3676 
3 25 26885 29959 3932 
3 16 32330 34195 3696 
3 22 28965 31429 4452 
3 29 21993 24919 4804 
3 1 7359 9568 4668 
3 24 33405 35250 4408 
4 26 19207 21845 3309 
4 24 4226 6051 4124 
4 24 34196 35711 4124 
4 15 10183 13716 2048 
4 25 29193 32482 3804 
4 19 32764 36001 3699 
4 11 733 3087 4036 
4 28 2596 5665 4980 
4 11 3309 5844 2018 
4 12 8962 11366 3714 
4 14 32763 34664 4384 
4 12 24802 27400 4952 
4 6 4475 7704 3123 
4 22 20821 23364 3519 
5 12 19886 24482 2745 
5 21 13176 15354 2266 
5 28 29652 32331 3840 
5 0 2272 4859 2799 
5 25 20149 23664 3027 
5 16 17409 21249 3784 
5 7 15813 18893 3084 
5 1 13586 15912 4624 
5 10 2456 5616 1902 
5 8 1653 4832 2168 
5 2 24914 28346 2796 
5 25 24844 28504 4036 
5 11 14389 16258 3808 
5 13 26497 30484 3684 
5 18 1583 3732 3213 
5 16 195 4887 1892 
5 12 7464 10331 2745 
5 18 29918 31526 3213 
5 16 4566 8562 1892 
6 14 14019 17600 1866 
6 18 19865 22333 2158 
6 5 17484 20185 4256 
6 2 10234 12696 1978 
6 7 27459 29584 4720 
6 2 25721 28155 1978 
6 12 18139 20427 3024 
6 0 20344 23101 2020 
6 1 2983 6544 2823 
6 13 9449 13415 4096 
6 8 29817 33982 2282 
6 13 8154 10319 3072 
6 0 29669 31439 4040 
6 7 29743 31635 3540 
6 3 25785 27661 1984 
6 1 9685 13580 1882 
6 29 423 3804 3423 
6 28 32240 34703 3627 
6 23 14618 16913 2248 
6 17 5403 7154 2272 
6 12 487 3244 3024 
7 26 26867 30595 3303 
7 13 15715 17570 3636 
7 20 22095 25859 2094 
7 11 14735 16829 4248 
7 1 25727 29552 4556 
7 5 31930 35033 3069 
7 21 9445 12321 2068 
7 23 28831 31722 3738 
7 3 17674 20121 3708 
7 5 31780 35030 4092 
7 28 5772 8257 1972 
7 22 28270 30188 2820 
7 25 10206 12448 4932 
7 28 7561 10847 1972 
7 14 18415 20780 2907 
7 12 30248 33731 2452 
7 5 8690 11657 3069 
7 29 1925 5187 2440 
7 11 10296 12815 2124 
8 6 22243 24963 3348 
8 24 34369 36651 3904 
8 16 22478 25065 4040 
8 5 22407 25626 2138 
8 4 2846 5073 4600 
8 10 8520 10735 2418 
8 22 1754 5629 2462 
8 1 4680 7532 2904 
8 4 32885 35486 4600 
8 4 8979 11757 4600 
8 20 5056 7913 3324 
8 27 28991 31781 3459 
8 14 1301 4041 4972 
8 3 9887 11870 3660 
8 3 1936 5007 4880 
8 25 4170 7663 2316 
8 26 14646 17233 2874 
8 12 2246 4633 4696 
8 28 2298 4762 3081 
8 1 33503 35637 3872 
8 13 8410 10581 1932 
8 16 12282 14917 4040 
9 10 6167 7769 4040 
9 16 6308 8630 4556 
9 26 6301 8328 2402 
9 27 33784 36195 2312 
9 16 16 2988 3417 
9 4 2374 4937 2148 
9 20 34616 38222 2240 
9 18 4698 7359 4608 
9 16 15707 18315 4556 
9 19 20147 23630 2778 
10 1 32099 34684 3204 
10 2 15792 19447 2212 
10 20 30177 32337 4012 
10 9 26157 28258 2084 
10 15 6977 10165 2346 
10 11 34459 35902 1988 
10 1 16131 18630 4272 
10 18 13641 16947 2148 
10 18 25662 28804 4296 
10 3 19836 22864 2468 
10 25 15083 17641 4192 
10 2 20711 24540 2212 
10 29 8517 10838 3318 
10 27 16122 18290 2162 
10 12 12590 16125 3069 
10 22 13376 16651 2074 
11 0 12881 15305 4372 
11 27 8409 11314 2154 
11 21 10091 13098 4532 
11 21 13415 15772 2266 
11 0 1898 5363 3279 
11 21 31347 33520 2266 
11 29 1102 4208 4052 
11 9 24681 26351 4844 
11 12 5338 7718 3024 
11 17 19796 22356 4064 
11 27 28087 30615 4308 
11 13 6214 7781 3000 
11 16 3921 6477 2414 
11 9 13163 15065 3633 
11 23 8519 11795 2336 
11 26 9355 11774 1966 
11 24 16645 19074 2356 
11 21 27623 30293 2266 
11 8 7069 8538 3585 
11 3 3439 5402 2130 
12 14 21311 23039 3651 
12 28 20261 22749 4956 
12 27 6085 9736 4884 
12 28 14281 16565 4956 
12 24 15805 18013 4764 
12 18 5358 8240 4796 
12 27 21981 25229 3663 
12 1 31667 34257 2997 
12 2 803 2336 2976 
12 24 27570 30927 4764 
12 28 5514 9430 3717 
12 20 19142 21339 4296 
12 4 4982 7429 2982 
12 1 2908 4274 2997 
12 27 29051 31165 2442 
12 21 14226 17731 3477 
12 29 4588 6003 2958 
12 28 25208 27921 3717 
12 27 12827 14816 2442 
12 1 4164 6272 1998 
13 1 15354 19183 2010 
13 19 5568 9194 3764 
13 14 24641 26340 1890 
13 0 26653 30683 3772 
13 25 31304 34370 4404 
13 15 21016 23722 3656 
13 21 5251 8292 1888 
13 11 5325 6973 3672 
13 24 31934 33941 3105 
13 8 18075 20703 3204 
13 27 22373 26306 4940 
13 20 30941 34212 3690 
13 20 32800 35181 3690 
13 4 21835 23565 4080 
13 6 6830 10263 2148 
13 27 6985 9411 2470 
13 18 969 4030 3216 
13 24 34377 36491 4140 
13 8 32241 35092 4272 
13 22 27987 30403 3402 
13 29 7723 10150 4716 
13 26 29530 31873 3054 
13 7 3136 5206 4920 
14 18 20337 23961 2104 
14 23 24426 26744 3318 
14 3 18964 22582 1834 
14 27 9812 13269 3872 
14 23 20240 22248 2212 
14 29 3129 5474 4084 
14 22 5415 8405 3717 
14 19 34505 37582 4364 
14 26 15583 17330 3306 
14 19 18388 21762 2182 
14 0 9322 12485 2174 
14 18 4591 7854 4208 
14 29 20598 23377 2042 
14 6 29663 32438 3231 
14 23 3553 5581 3318 
14 21 1683 4619 1958 
15 27 16536 18675 3784 
15 0 19115 21283 3189 
15 26 26749 30785 3717 
15 7 2478 4918 4480 
15 1 4821 7262 3549 
15 22 2762 5356 3772 
15 2 4783 7148 2248 
15 17 17160 20832 3285 
15 24 17731 20845 4016 
15 0 31563 34404 2126 
15 4 10136 14178 2400 
15 7 8241 9992 4480 
15 7 3834 6880 3360 
15 13 12380 14889 4876 
15 5 1488 3538 3621 
15 4 13872 18135 2400 
15 16 29926 33511 4120 
15 4 1047 4681 4800 
15 13 692 3113 4876 
15 0 25419 27644 3189 
16 22 1918 4509 3729 
16 14 8023 9944 3270 
16 14 26878 29051 2180 
16 6 20030 22816 3435 
16 17 16505 18303 4276 
16 20 4743 8733 4460 
16 19 21051 24333 3228 
16 12 32003 34470 2490 
16 3 13451 15351 4964 
16 21 27987 30304 4444 
16 17 5293 6611 4276 
16 17 32417 34007 2138 
16 29 8129 11420 2368 
16 10 5601 8382 2919 
16 29 20305 22907 2368 
16 20 25457 28586 4460 
16 27 6003 8121 2934 
16 3 13584 16580 2482 
16 18 24376 27939 2949 
16 22 19164 22074 3729 
16 18 15146 19152 2949 
16 8 1890 4174 4720 
17 19 31132 32929 4508 
17 23 30676 34412 2892 
17 4 29337 31652 4756 
17 26 25119 27040 1934 
17 15 298 4854 5000 
17 15 15543 19283 3750 
17 27 7902 9475 4840 
17 1 13365 16483 2324 
17 22 32211 36811 4972 
17 4 21414 23089 3567 
17 7 29214 32797 4748 
17 0 20647 23533 3450 
17 16 22131 24785 3006 
17 1 25607 28593 3486 
17 12 16989 19831 2432 
17 9 24584 27654 3609 
17 27 262 2148 2420 
17 20 5979 9207 1844 
17 2 27097 30570 4616 
17 21 28704 30747 1966 
17 29 21943 23864 2338 
17 13 15126 17963 3168 
17 26 20003 21354 1934 
17 11 1033 3794 4164 
18 15 3481 5948 4028 
18 29 32391 35404 2060 
18 10 14457 16434 2925 
18 26 29655 31385 4000 
18 5 12516 14179 3820 
18 12 31983 35840 2258 
18 3 26354 28575 3117 
18 23 9170 11509 3684 
18 28 29868 31483 1878 
18 21 2403 3831 2102 
18 24 28903 31229 2474 
18 1 9997 12270 3048 
18 28 6719 9660 2817 
18 26 13168 15783 2000 
18 28 29968 32695 2817 
19 10 26038 28466 4668 
19 18 4633 7643 2826 
19 8 3726 6034 3672 
19 28 4413 8665 1940 
19 10 31452 33623 4668 
19 6 26453 29493 2372 
19 3 15976 19251 4316 
19 7 8505 9830 4176 
19 15 28706 31532 3387 
19 14 26881 29435 3868 
19 15 6105 9341 4516 
19 14 1151 4545 2901 
19 15 30871 33544 4516 
19 11 5580 9104 3255 
19 24 30648 32229 1818 
19 3 9614 12289 3237 
19 25 3859 7085 3066 
19 17 14660 16243 3111 
20 26 2781 6162 2452 
20 12 7439 10385 3648 
20 24 14620 15950 2916 
20 25 33185 35431 4524 
20 7 22007 24408 3516 
20 0 1224 4797 2476 
20 7 30137 32576 2344 
20 14 16556 19178 3498 
20 2 28740 32383 4088 
20 19 17165 19622 4684 
21 8 9361 13060 3222 
21 13 32226 35135 2440 
21 9 28830 31831 3000 
21 0 24937 27371 3768 
21 26 13322 16337 2871 
21 26 12780 15497 2871 
21 20 14456 18576 4492 
21 22 32403 34360 2979 
21 14 467 2317 3820 
21 7 32053 34132 3165 
21 17 12443 14812 2146 
21 8 33096 36045 4296 
21 26 14923 16844 3828 
21 2 6990 8966 3640 
21 14 3681 6132 3820 
21 18 29258 32677 3429 
21 17 8493 11697 2146 
21 23 14627 18247 3471 
21 11 4708 7068 2868 
21 11 8189 11512 2868 
21 16 14237 16093 4084 
21 25 4166 6219 4444 
21 20 30470 33730 2246 
21 8 2695 5200 3222 
22 8 7047 9522 3729 
22 17 12332 15366 3099 
22 14 28183 31747 4616 
22 28 7721 9514 1838 
22 23 3922 6318 4440 
22 15 6115 8355 2234 
22 9 9675 11367 1824 
22 28 13917 16482 2757 
22 9 10029 11767 2736 
22 18 2386 4482 2436 
22 21 27117 30217 4108 
22 15 15415 17939 3351 
22 5 28972 31582 4288 
22 13 19551 22535 4476 
22 12 7951 12238 1876 
22 18 19244 23169 3654 
23 22 25440 27621 4356 
23 16 25217 26993 2092 
23 4 26251 29999 2286 
23 13 29431 33890 2856 
23 15 33404 36879 2889 
23 4 26283 29644 4572 
23 11 19044 22824 3840 
23 12 30611 33086 3824 
23 29 30023 31570 2332 
24 14 28466 32259 1874 
24 4 6991 10673 2172 
24 12 19111 23061 4084 
24 10 30151 33875 3510 
24 10 753 2961 2340 
24 22 20358 22353 4584 
24 25 30433 33401 2366 
24 20 17122 20335 2210 
24 27 27223 28909 3465 
24 29 5020 7016 4644 
24 19 9086 11651 2246 
24 21 24370 27625 2388 
24 25 13060 15146 3549 
24 29 7343 10015 2322 
24 4 32175 35358 4344 
24 4 30706 33909 2172 
24 4 1736 4310 3258 
24 20 12538 15851 4420 
24 11 3459 6042 2374 
24 7 31254 34493 3552 
24 20 15869 19460 3315 
25 11 24365 27821 2372 
25 18 30472 32447 2490 
25 16 30415 33334 2486 
25 16 33283 36202 2486 
25 11 28229 30995 3558 
25 26 24942 27136 2194 
25 14 4068 5933 2210 
25 24 31958 34763 3573 
25 8 31933 35270 2462 
25 10 21198 24177 4296 
25 22 27932 30353 2074 
25 13 8839 12161 2150 
25 19 977 3453 4540 
25 18 17578 20852 2490 
25 22 19275 21532 4148 
25 20 14741 17128 3579 
25 24 28938 31882 2382 
25 7 31585 33178 3720 
25 19 21794 24341 3405 
25 23 13873 16101 4868 
25 5 6849 10383 2793 
25 14 5536 8253 2210 
25 17 12783 15190 3555 
26 20 1876 4842 2778 
26 19 31647 34567 2396 
26 10 25969 27838 4812 
26 19 34506 38190 2396 
26 6 5817 9475 2448 
26 10 29046 31893 2406 
26 29 17965 21706 3003 
26 18 25399 27357 4408 
26 2 3197 4954 3522 
26 5 9904 13049 4392 
26 15 4099 7333 3699 
26 17 8144 12616 4848 
26 6 8002 10566 2448 
26 27 22029 23904 2868 
26 18 7881 9977 3306 
26 23 9509 12265 2826 
26 17 17078 20261 2424 
26 18 16533 18982 4408 
26 19 29626 32608 2396 
26 17 3565 6543 2424 
27 6 29049 31983 3453 
27 1 4017 7524 3216 
27 0 16891 20320 2862 
27 17 24815 27643 4044 
27 24 14380 17049 3426 
27 26 918 2463 4728 
27 6 25631 28505 4604 
27 11 29864 32371 2234 
27 1 16987 19993 4288 
27 19 1610 5399 4928 
27 0 10302 12955 1908 
27 20 27353 31715 4384 
27 11 25989 27500 2234 
27 29 15847 17798 4308 
27 10 20473 23789 2152 
27 3 6117 10227 2907 
27 28 32298 34967 3255 
27 24 2742 5352 3426 
27 9 34410 38640 2724 
27 5 17787 20876 1984 
27 4 17289 19983 4504 
28 27 14620 18388 2360 
28 1 32173 35580 2853 
28 18 554 2877 4276 
28 2 5808 8643 4204 
28 1 22511 25041 1902 
28 7 9283 11675 3693 
28 26 5020 7044 4832 
28 27 8169 11781 3540 
29 3 150 1943 1932 
29 28 21328 23248 1872 
29 15 17965 22045 4856 
29 11 4750 6616 3504 
29 4 29356 32763 3090 
29 26 3294 6672 2456 
29 0 13301 16722 2408 
29 0 15567 19311 2408 
29 16 28564 30372 4400 
29 27 22038 25356 3651 
29 12 9049 11663 4820 
29 28 27702 30517 1872 
29 27 31320 34969 3651 
29 9 9532 11130 3642 
29 4 28257 30495 3090 
29 12 30101 33527 3615 

0 1 0 3300
0 1 1 3300
0 1 2 3300
0 1 3 0
0 1 4 0
0 2 0 3445
0 2 1 3445
0 2 2 3445
0 2 3 0
0 2 4 0
0 3 0 0
0 3 1 0
0 3 2 0
0 3 3 0
0 3 4 0
0 4 0 3526
0 4 1 3526
0 4 2 3526
0 4 3 0
0 4 4 0
0 5 0 0
0 5 1 0
0 5 2 0
0 5 3 0
0 5 4 0
0 6 0 0
0 6 1 0
0 6 2 0
0 6 3 0
0 6 4 0
0 7 0 3577
0 7 1 3577
0 7 2 0
0 7 3 0
0 7 4 0
0 8 0 0
0 8 1 0
0 8 2 0
0 8 3 0
0 8 4 0
0 9 0 0
0 9 1 0
0 9 2 0
0 9 3 0
0 9 4 0
0 10 0 0
0 10 1 0
0 10 2 0
0 10 3 0
0 10 4 0
0 11 0 3698
0 11 1 3698
0 11 2 3698
0 11 3 0
0 11 4 0
0 12 0 0
0 12 1 0
0 12 2 0
0 12 3 0
0 12 4 0
0 13 0 0
0 13 1 0
0 13 2 0
0 13 3 0
0 13 4 0
0 14 0 3872
0 14 1 3872
0 14 2 3872
0 14 3 0
0 14 4 0
0 15 0 0
0 15 1 0
0 15 2 0
0 15 3 0
0 15 4 0
0 16 0 3908
0 16 1 3908
0 16 2 0
0 16 3 0
0 16 4 0
0 17 0 0
0 17 1 0
0 17 2 0
0 17 3 0
0 17 4 0
0 18 0 0
0 18 1 0
0 18 2 0
0 18 3 0
0 18 4 0
0 19 0 3307
0 19 1 3307
0 19 2 3307
0 19 3 0
0 19 4 0
0 20 0 3530
0 20 1 3530
0 20 2 3530
0 20 3 0
0 20 4 0
0 21 0 3720
0 21 1 3720
0 21 2 3720
0 21 3 0
0 21 4 0
0 22 0 0
0 22 1 0
0 22 2 0
0 22 3 0
0 22 4 0
0 23 0 0
0 23 1 0
0 23 2 0
0 23 3 0
0 23 4 0
0 24 0 0
0 24 1 0
0 24 2 0
0 24 3 0
0 24 4 0
0 25 0 0
0 25 1 0
0 25 2 0
0 25 3 0
0 25 4 0
0 26 0 0
0 26 1 0
0 26 2 0
0 26 3 0
0 26 4 0
0 27 0 0
0 27 1 0
0 27 2 0
0 27 3 0
0 27 4 0
0 28 0 0
0 28 1 0
0 28 2 0
0 28 3 0
0 28 4 0
0 29 0 0
0 29 1 0
0 29 2 0
0 29 3 0
0 29 4 0
1 0 0 0
1 0 1 0
1 0 2 0
1 0 3 0
1 0 4 0
1 2 0 0
1 2 1 0
1 2 2 0
1 2 3 0
1 2 4 0
1 3 0 0
1 3 1 0
1 3 2 0
1 3 3 0
1 3 4 0
1 4 0 0
1 4 1 0
1 4 2 0
1 4 3 0
1 4 4 0
1 5 0 0
1 5 1 0
1 5 2 0
1 5 3 0
1 5 4 0
1 6 0 0
1 6 1 0
1 6 2 0
1 6 3 0
1 6 4 0
1 7 0 0
1 7 1 0
1 7 2 0
1 7 3 0
1 7 4 0
1 8 0 0
1 8 1 0
1 8 2 0
1 8 3 0
1 8 4 0
1 9 0 3741
1 9 1 3741
1 9 2 0
1 9 3 0
1 9 4 0
1 10 0 0
1 10 1 0
1 10 2 0
1 10 3 0
1 10 4 0
1 11 0 0
1 11 1 0
1 11 2 0
1 11 3 0
1 11 4 0
1 12 0 3051
1 12 1 3051
1 12 2 3051
1 12 3 0
1 12 4 0
1 13 0 3364
1 13 1 3364
1 13 2 3364
1 13 3 0
1 13 4 0
1 14 0 3796
1 14 1 3796
1 14 2 0
1 14 3 0
1 14 4 0
1 15 0 0
1 15 1 0
1 15 2 0
1 15 3 0
1 15 4 0
1 16 0 3604
1 16 1 3604
1 16 2 3604
1 16 3 0
1 16 4 0
1 17 0 0
1 17 1 0
1 17 2 0
1 17 3 0
1 17 4 0
1 18 0 3277
1 18 1 3277
1 18 2 0
1 18 3 0
1 18 4 0
1 19 0 3575
1 19 1 3575
1 19 2 0
1 19 3 0
1 19 4 0
1 20 0 0
1 20 1 0
1 20 2 0
1 20 3 0
1 20 4 0
1 21 0 3796
1 21 1 3796
1 21 2 3796
1 21 3 0
1 21 4 0
1 22 0 3705
1 22 1 3705
1 22 2 0
1 22 3 0
1 22 4 0
1 23 0 0
1 23 1 0
1 23 2 0
1 23 3 0
1 23 4 0
1 24 0 3348
1 24 1 3348
1 24 2 3348
1 24 3 0
1 24 4 0
1 25 0 0
1 25 1 0
1 25 2 0
1 25 3 0
1 25 4 0
1 26 0 0
1 26 1 0
1 26 2 0
1 26 3 0
1 26 4 0
1 27 0 3825
1 27 1 3825
1 27 2 3825
1 27 3 0
1 27 4 0
1 28 0 0
1 28 1 0
1 28 2 0
1 28 3 0
1 28 4 0
1 29 0 0
1 29 1 0
1 29 2 0
1 29 3 0
1 29 4 0
2 0 0 0
2 0 1 0
2 0 2 0
2 0 3 0
2 0 4 0
2 1 0 0
2 1 1 0
2 1 2 0
2 1 3 0
2 1 4 0
2 3 0 0
2 3 1 0
2 3 2 0
2 3 3 0
2 3 4 0
2 4 0 3113
2 4 1 3113
2 4 2 0
2 4 3 0
2 4 4 0
2 5 0 0
2 5 1 0
2 5 2 0
2 5 3 0
2 5 4 0
2 6 0 3730
2 6 1 3730
2 6 2 3730
2 6 3 0
2 6 4 0
2 7 0 0
2 7 1 0
2 7 2 0
2 7 3 0
2 7 4 0
2 8 0 3050
2 8 1 3050
2 8 2 3050
2 8 3 0
2 8 4 0
2 9 0 0
2 9 1 0
2 9 2 0
2 9 3 0
2 9 4 0
2 10 0 0
2 10 1 0
2 10 2 0
2 10 3 0
2 10 4 0
2 11 0 0
2 11 1 0
2 11 2 0
2 11 3 0
2 11 4 0
2 12 0 0
2 12 1 0
2 12 2 0
2 12 3 0
2 12 4 0
2 13 0 0
2 13 1 0
2 13 2 0
2 13 3 0
2 13 4 0
2 14 0 0
2 14 1 0
2 14 2 0
2 14 3 0
2 14 4 0
2 15 0 0
2 15 1 0
2 15 2 0
2 15 3 0
2 15 4 0
2 16 0 3358
2 16 1 3358
2 16 2 3358
2 16 3 0
2 16 4 0
2 17 0 0
2 17 1 0
2 17 2 0
2 17 3 0
2 17 4 0
2 18 0 0
2 18 1 0
2 18 2 0
2 18 3 0
2 18 4 0
2 19 0 0
2 19 1 0
2 19 2 0
2 19 3 0
2 19 4 0
2 20 0 0
2 20 1 0
2 20 2 0
2 20 3 0
2 20 4 0
2 21 0 0
2 21 1 0
2 21 2 0
2 21 3 0
2 21 4 0
2 22 0 0
2 22 1 0
2 22 2 0
2 22 3 0
2 22 4 0
2 23 0 0
2 23 1 0
2 23 2 0
2 23 3 0
2 23 4 0
2 24 0 3027
2 24 1 3027
2 24 2 0
2 24 3 0
2 24 4 0
2 25 0 3974
2 25 1 3974
2 25 2 3974
2 25 3 0
2 25 4 0
2 26 0 0
2 26 1 0
2 26 2 0
2 26 3 0
2 26 4 0
2 27 0 3763
2 27 1 3763
2 27 2 3763
2 27 3 0
2 27 4 0
2 28 0 0
2 28 1 0
2 28 2 0
2 28 3 0
2 28 4 0
2 29 0 3401
2 29 1 3401
2 29 2 3401
2 29 3 0
2 29 4 0
3 0 0 0
3 0 1 0
3 0 2 0
3 0 3 0
3 0 4 0
3 1 0 3439
3 1 1 3439
3 1 2 3439
3 1 3 0
3 1 4 0
3 2 0 0
3 2 1 0
3 2 2 0
3 2 3 0
3 2 4 0
3 4 0 0
3 4 1 0
3 4 2 0
3 4 3 0
3 4 4 0
3 5 0 3580
3 5 1 3580
3 5 2 3580
3 5 3 0
3 5 4 0
3 6 0 3986
3 6 1 3986
3 6 2 0
3 6 3 0
3 6 4 0
3 7 0 0
3 7 1 0
3 7 2 0
3 7 3 0
3 7 4 0
3 8 0 3254
3 8 1 3254
3 8 2 0
3 8 3 0
3 8 4 0
3 9 0 3826
3 9 1 3826
3 9 2 3826
3 9 3 0
3 9 4 0
3 10 0 0
3 10 1 0
3 10 2 0
3 10 3 0
3 10 4 0
3 11 0 3585
3 11 1 3585
3 11 2 0
3 11 3 0
3 11 4 0
3 12 0 0
3 12 1 0
3 12 2 0
3 12 3 0
3 12 4 0
3 13 0 0
3 13 1 0
3 13 2 0
3 13 3 0
3 13 4 0
3 14 0 0
3 14 1 0
3 14 2 0
3 14 3 0
3 14 4 0
3 15 0 3210
3 15 1 3210
3 15 2 3210
3 15 3 0
3 15 4 0
3 16 0 3783
3 16 1 3783
3 16 2 3783
3 16 3 0
3 16 4 0
3 17 0 3487
3 17 1 3487
3 17 2 3487
3 17 3 0
3 17 4 0
3 18 0 0
3 18 1 0
3 18 2 0
3 18 3 0
3 18 4 0
3 19 0 3624
3 19 1 3624
3 19 2 3624
3 19 3 0
3 19 4 0
3 20 0 3888
3 20 1 3888
3 20 2 0
3 20 3 0
3 20 4 0
3 21 0 3197
3 21 1 3197
3 21 2 0
3 21 3 0
3 21 4 0
3 22 0 0
3 22 1 0
3 22 2 0
3 22 3 0
3 22 4 0
3 23 0 0
3 23 1 0
3 23 2 0
3 23 3 0
3 23 4 0
3 24 0 3038
3 24 1 3038
3 24 2 3038
3 24 3 0
3 24 4 0
3 25 0 0
3 25 1 0
3 25 2 0
3 25 3 0
3 25 4 0
3 26 0 0
3 26 1 0
3 26 2 0
3 26 3 0
3 26 4 0
3 27 0 3334
3 27 1 3334
3 27 2 0
3 27 3 0
3 27 4 0
3 28 0 3876
3 28 1 3876
3 28 2 3876
3 28 3 0
3 28 4 0
3 29 0 0
3 29 1 0
3 29 2 0
3 29 3 0
3 29 4 0
4 0 0 3694
4 0 1 3694
4 0 2 3694
4 0 3 0
4 0 4 0
4 1 0 0
4 1 1 0
4 1 2 0
4 1 3 0
4 1 4 0
4 2 0 3596
4 2 1 3596
4 2 2 3596
4 2 3 0
4 2 4 0
4 3 0 3369
4 3 1 3369
4 3 2 3369
4 3 3 0
4 3 4 0
4 5 0 0
4 5 1 0
4 5 2 0
4 5 3 0
4 5 4 0
4 6 0 0
4 6 1 0
4 6 2 0
4 6 3 0
4 6 4 0
4 7 0 0
4 7 1 0
4 7 2 0
4 7 3 0
4 7 4 0
4 8 0 0
4 8 1 0
4 8 2 0
4 8 3 0
4 8 4 0
4 9 0 0
4 9 1 0
4 9 2 0
4 9 3 0
4 9 4 0
4 10 0 0
4 10 1 0
4 10 2 0
4 10 3 0
4 10 4 0
4 11 0 0
4 11 1 0
4 11 2 0
4 11 3 0
4 11 4 0
4 12 0 0
4 12 1 0
4 12 2 0
4 12 3 0
4 12 4 0
4 13 0 3922
4 13 1 3922
4 13 2 3922
4 13 3 0
4 13 4 0
4 14 0 3777
4 14 1 3777
4 14 2 0
4 14 3 0
4 14 4 0
4 15 0 0
4 15 1 0
4 15 2 0
4 15 3 0
4 15 4 0
4 16 0 3445
4 16 1 3445
4 16 2 3445
4 16 3 0
4 16 4 0
4 17 0 0
4 17 1 0
4 17 2 0
4 17 3 0
4 17 4 0
4 18 0 3883
4 18 1 3883
4 18 2 3883
4 18 3 0
4 18 4 0
4 19 0 3205
4 19 1 3205
4 19 2 3205
4 19 3 0
4 19 4 0
4 20 0 0
4 20 1 0
4 20 2 0
4 20 3 0
4 20 4 0
4 21 0 0
4 21 1 0
4 21 2 0
4 21 3 0
4 21 4 0
4 22 0 3079
4 22 1 3079
4 22 2 3079
4 22 3 0
4 22 4 0
4 23 0 0
4 23 1 0
4 23 2 0
4 23 3 0
4 23 4 0
4 24 0 0
4 24 1 0
4 24 2 0
4 24 3 0
4 24 4 0
4 25 0 3174
4 25 1 3174
4 25 2 0
4 25 3 0
4 25 4 0
4 26 0 0
4 26 1 0
4 26 2 0
4 26 3 0
4 26 4 0
4 27 0 3138
4 27 1 3138
4 27 2 0
4 27 3 0
4 27 4 0
4 28 0 0
4 28 1 0
4 28 2 0
4 28 3 0
4 28 4 0
4 29 0 3761
4 29 1 3761
4 29 2 3761
4 29 3 0
4 29 4 0
5 0 0 3948
5 0 1 3948
5 0 2 0
5 0 3 0
5 0 4 0
5 1 0 3396
5 1 1 3396
5 1 2 3396
5 1 3 0
5 1 4 0
5 2 0 3636
5 2 1 3636
5 2 2 3636
5 2 3 0
5 2 4 0
5 3 0 3910
5 3 1 3910
5 3 2 0
5 3 3 0
5 3 4 0
5 4 0 3638
5 4 1 3638
5 4 2 0
5 4 3 0
5 4 4 0
5 6 0 0
5 6 1 0
5 6 2 0
5 6 3 0
5 6 4 0
5 7 0 3724
5 7 1 3724
5 7 2 3724
5 7 3 0
5 7 4 0
5 8 0 0
5 8 1 0
5 8 2 0
5 8 3 0
5 8 4 0
5 9 0 0
5 9 1 0
5 9 2 0
5 9 3 0
5 9 4 0
5 10 0 0
5 10 1 0
5 10 2 0
5 10 3 0
5 10 4 0
5 11 0 3362
5 11 1 3362
5 11 2 0
5 11 3 0
5 11 4 0
5 12 0 0
5 12 1 0
5 12 2 0
5 12 3 0
5 12 4 0
5 13 0 0
5 13 1 0
5 13 2 0
5 13 3 0
5 13 4 0
5 14 0 0
5 14 1 0
5 14 2 0
5 14 3 0
5 14 4 0
5 15 0 0
5 15 1 0
5 15 2 0
5 15 3 0
5 15 4 0
5 16 0 3554
5 16 1 3554
5 16 2 3554
5 16 3 0
5 16 4 0
5 17 0 0
5 17 1 0
5 17 2 0
5 17 3 0
5 17 4 0
5 18 0 0
5 18 1 0
5 18 2 0
5 18 3 0
5 18 4 0
5 19 0 0
5 19 1 0
5 19 2 0
5 19 3 0
5 19 4 0
5 20 0 0
5 20 1 0
5 20 2 0
5 20 3 0
5 20 4 0
5 21 0 3942
5 21 1 3942
5 21 2 3942
5 21 3 0
5 21 4 0
5 22 0 0
5 22 1 0
5 22 2 0
5 22 3 0
5 22 4 0
5 23 0 3225
5 23 1 3225
5 23 2 3225
5 23 3 0
5 23 4 0
5 24 0 3966
5 24 1 3966
5 24 2 0
5 24 3 0
5 24 4 0
5 25 0 0
5 25 1 0
5 25 2 0
5 25 3 0
5 25 4 0
5 26 0 3342
5 26 1 3342
5 26 2 0
5 26 3 0
5 26 4 0
5 27 0 3823
5 27 1 3823
5 27 2 0
5 27 3 0
5 27 4 0
5 28 0 0
5 28 1 0
5 28 2 0
5 28 3 0
5 28 4 0
5 29 0 3062
5 29 1 3062
5 29 2 3062
5 29 3 0
5 29 4 0
6 0 0 0
6 0 1 0
6 0 2 0
6 0 3 0
6 0 4 0
6 1 0 0
6 1 1 0
6 1 2 0
6 1 3 0
6 1 4 0
6 2 0 3569
6 2 1 3569
6 2 2 3569
6 2 3 0
6 2 4 0
6 3 0 0
6 3 1 0
6 3 2 0
6 3 3 0
6 3 4 0
6 4 0 3415
6 4 1 3415
6 4 2 0
6 4 3 0
6 4 4 0
6 5 0 3222
6 5 1 3222
6 5 2 0
6 5 3 0
6 5 4 0
6 7 0 0
6 7 1 0
6 7 2 0
6 7 3 0
6 7 4 0
6 8 0 3414
6 8 1 3414
6 8 2 3414
6 8 3 0
6 8 4 0
6 9 0 0
6 9 1 0
6 9 2 0
6 9 3 0
6 9 4 0
6 10 0 0
6 10 1 0
6 10 2 0
6 10 3 0
6 10 4 0
6 11 0 3117
6 11 1 3117
6 11 2 0
6 11 3 0
6 11 4 0
6 12 0 3143
6 12 1 3143
6 12 2 0
6 12 3 0
6 12 4 0
6 13 0 0
6 13 1 0
6 13 2 0
6 13 3 0
6 13 4 0
6 14 0 0
6 14 1 0
6 14 2 0
6 14 3 0
6 14 4 0
6 15 0 3833
6 15 1 3833
6 15 2 3833
6 15 3 0
6 15 4 0
6 16 0 3907
6 16 1 3907
6 16 2 0
6 16 3 0
6 16 4 0
6 17 0 3793
6 17 1 3793
6 17 2 0
6 17 3 0
6 17 4 0
6 18 0 0
6 18 1 0
6 18 2 0
6 18 3 0
6 18 4 0
6 19 0 0
6 19 1 0
6 19 2 0
6 19 3 0
6 19 4 0
6 20 0 0
6 20 1 0
6 20 2 0
6 20 3 0
6 20 4 0
6 21 0 0
6 21 1 0
6 21 2 0
6 21 3 0
6 21 4 0
6 22 0 0
6 22 1 0
6 22 2 0
6 22 3 0
6 22 4 0
6 23 0 3427
6 23 1 3427
6 23 2 3427
6 23 3 0
6 23 4 0
6 24 0 0
6 24 1 0
6 24 2 0
6 24 3 0
6 24 4 0
6 25 0 0
6 25 1 0
6 25 2 0
6 25 3 0
6 25 4 0
6 26 0 0
6 26 1 0
6 26 2 0
6 26 3 0
6 26 4 0
6 27 0 0
6 27 1 0
6 27 2 0
6 27 3 0
6 27 4 0
6 28 0 0
6 28 1 0
6 28 2 0
6 28 3 0
6 28 4 0
6 29 0 0
6 29 1 0
6 29 2 0
6 29 3 0
6 29 4 0
7 0 0 3817
7 0 1 3817
7 0 2 3817
7 0 3 0
7 0 4 0
7 1 0 3401
7 1 1 3401
7 1 2 0
7 1 3 0
7 1 4 0
7 2 0 3089
7 2 1 3089
7 2 2 3089
7 2 3 0
7 2 4 0
7 3 0 0
7 3 1 0
7 3 2 0
7 3 3 0
7 3 4 0
7 4 0 0
7 4 1 0
7 4 2 0
7 4 3 0
7 4 4 0
7 5 0 0
7 5 1 0
7 5 2 0
7 5 3 0
7 5 4 0
7 6 0 0
7 6 1 0
7 6 2 0
7 6 3 0
7 6 4 0
7 8 0 3948
7 8 1 3948
7 8 2 3948
7 8 3 0
7 8 4 0
7 9 0 0
7 9 1 0
7 9 2 0
7 9 3 0
7 9 4 0
7 10 0 3525
7 10 1 3525
7 10 2 3525
7 10 3 0
7 10 4 0
7 11 0 0
7 11 1 0
7 11 2 0
7 11 3 0
7 11 4 0
7 12 0 3243
7 12 1 3243
7 12 2 0
7 12 3 0
7 12 4 0
7 13 0 3726
7 13 1 3726
7 13 2 0
7 13 3 0
7 13 4 0
7 14 0 3840
7 14 1 3840
7 14 2 3840
7 14 3 0
7 14 4 0
7 15 0 0
7 15 1 0
7 15 2 0
7 15 3 0
7 15 4 0
7 16 0 0
7 16 1 0
7 16 2 0
7 16 3 0
7 16 4 0
7 17 0 0
7 17 1 0
7 17 2 0
7 17 3 0
7 17 4 0
7 18 0 0
7 18 1 0
7 18 2 0
7 18 3 0
7 18 4 0
7 19 0 3279
7 19 1 3279
7 19 2 3279
7 19 3 0
7 19 4 0
7 20 0 0
7 20 1 0
7 20 2 0
7 20 3 0
7 20 4 0
7 21 0 3721
7 21 1 3721
7 21 2 0
7 21 3 0
7 21 4 0
7 22 0 0
7 22 1 0
7 22 2 0
7 22 3 0
7 22 4 0
7 23 0 3458
7 23 1 3458
7 23 2 3458
7 23 3 0
7 23 4 0
7 24 0 3960
7 24 1 3960
7 24 2 0
7 24 3 0
7 24 4 0
7 25 0 0
7 25 1 0
7 25 2 0
7 25 3 0
7 25 4 0
7 26 0 0
7 26 1 0
7 26 2 0
7 26 3 0
7 26 4 0
7 27 0 3003
7 27 1 3003
7 27 2 3003
7 27 3 0
7 27 4 0
7 28 0 0
7 28 1 0
7 28 2 0
7 28 3 0
7 28 4 0
7 29 0 0
7 29 1 0
7 29 2 0
7 29 3 0
7 29 4 0
8 0 0 3814
8 0 1 3814
8 0 2 3814
8 0 3 0
8 0 4 0
8 1 0 0
8 1 1 0
8 1 2 0
8 1 3 0
8 1 4 0
8 2 0 3151
8 2 1 3151
8 2 2 3151
8 2 3 0
8 2 4 0
8 3 0 3882
8 3 1 3882
8 3 2 3882
8 3 3 0
8 3 4 0
8 4 0 0
8 4 1 0
8 4 2 0
8 4 3 0
8 4 4 0
8 5 0 0
8 5 1 0
8 5 2 0
8 5 3 0
8 5 4 0
8 6 0 0
8 6 1 0
8 6 2 0
8 6 3 0
8 6 4 0
8 7 0 0
8 7 1 0
8 7 2 0
8 7 3 0
8 7 4 0
8 9 0 3262
8 9 1 3262
8 9 2 0
8 9 3 0
8 9 4 0
8 10 0 0
8 10 1 0
8 10 2 0
8 10 3 0
8 10 4 0
8 11 0 3307
8 11 1 3307
8 11 2 3307
8 11 3 0
8 11 4 0
8 12 0 0
8 12 1 0
8 12 2 0
8 12 3 0
8 12 4 0
8 13 0 0
8 13 1 0
8 13 2 0
8 13 3 0
8 13 4 0
8 14 0 3842
8 14 1 3842
8 14 2 3842
8 14 3 0
8 14 4 0
8 15 0 0
8 15 1 0
8 15 2 0
8 15 3 0
8 15 4 0
8 16 0 0
8 16 1 0
8 16 2 0
8 16 3 0
8 16 4 0
8 17 0 0
8 17 1 0
8 17 2 0
8 17 3 0
8 17 4 0
8 18 0 0
8 18 1 0
8 18 2 0
8 18 3 0
8 18 4 0
8 19 0 0
8 19 1 0
8 19 2 0
8 19 3 0
8 19 4 0
8 20 0 3196
8 20 1 3196
8 20 2 0
8 20 3 0
8 20 4 0
8 21 0 3000
8 21 1 3000
8 21 2 3000
8 21 3 0
8 21 4 0
8 22 0 0
8 22 1 0
8 22 2 0
8 22 3 0
8 22 4 0
8 23 0 0
8 23 1 0
8 23 2 0
8 23 3 0
8 23 4 0
8 24 0 3441
8 24 1 3441
8 24 2 0
8 24 3 0
8 24 4 0
8 25 0 3057
8 25 1 3057
8 25 2 3057
8 25 3 0
8 25 4 0
8 26 0 0
8 26 1 0
8 26 2 0
8 26 3 0
8 26 4 0
8 27 0 3302
8 27 1 3302
8 27 2 3302
8 27 3 0
8 27 4 0
8 28 0 3639
8 28 1 3639
8 28 2 3639
8 28 3 0
8 28 4 0
8 29 0 3759
8 29 1 3759
8 29 2 0
8 29 3 0
8 29 4 0
9 0 0 0
9 0 1 0
9 0 2 0
9 0 3 0
9 0 4 0
9 1 0 3908
9 1 1 3908
9 1 2 0
9 1 3 0
9 1 4 0
9 2 0 3834
9 2 1 3834
9 2 2 3834
9 2 3 0
9 2 4 0
9 3 0 0
9 3 1 0
9 3 2 0
9 3 3 0
9 3 4 0
9 4 0 0
9 4 1 0
9 4 2 0
9 4 3 0
9 4 4 0
9 5 0 0
9 5 1 0
9 5 2 0
9 5 3 0
9 5 4 0
9 6 0 0
9 6 1 0
9 6 2 0
9 6 3 0
9 6 4 0
9 7 0 0
9 7 1 0
9 7 2 0
9 7 3 0
9 7 4 0
9 8 0 0
9 8 1 0
9 8 2 0
9 8 3 0
9 8 4 0
9 10 0 3125
9 10 1 3125
9 10 2 0
9 10 3 0
9 10 4 0
9 11 0 0
9 11 1 0
9 11 2 0
9 11 3 0
9 11 4 0
9 12 0 0
9 12 1 0
9 12 2 0
9 12 3 0
9 12 4 0
9 13 0 3270
9 13 1 3270
9 13 2 3270
9 13 3 0
9 13 4 0
9 14 0 3656
9 14 1 3656
9 14 2 3656
9 14 3 0
9 14 4 0
9 15 0 3899
9 15 1 3899
9 15 2 3899
9 15 3 0
9 15 4 0
9 16 0 0
9 16 1 0
9 16 2 0
9 16 3 0
9 16 4 0
9 17 0 0
9 17 1 0
9 17 2 0
9 17 3 0
9 17 4 0
9 18 0 0
9 18 1 0
9 18 2 0
9 18 3 0
9 18 4 0
9 19 0 3895
9 19 1 3895
9 19 2 0
9 19 3 0
9 19 4 0
9 20 0 0
9 20 1 0
9 20 2 0
9 20 3 0
9 20 4 0
9 21 0 3874
9 21 1 3874
9 21 2 0
9 21 3 0
9 21 4 0
9 22 0 0
9 22 1 0
9 22 2 0
9 22 3 0
9 22 4 0
9 23 0 0
9 23 1 0
9 23 2 0
9 23 3 0
9 23 4 0
9 24 0 0
9 24 1 0
9 24 2 0
9 24 3 0
9 24 4 0
9 25 0 0
9 25 1 0
9 25 2 0
9 25 3 0
9 25 4 0
9 26 0 3020
9 26 1 3020
9 26 2 0
9 26 3 0
9 26 4 0
9 27 0 0
9 27 1 0
9 27 2 0
9 27 3 0
9 27 4 0
9 28 0 0
9 28 1 0
9 28 2 0
9 28 3 0
9 28 4 0
9 29 0 0
9 29 1 0
9 29 2 0
9 29 3 0
9 29 4 0
10 0 0 3676
10 0 1 3676
10 0 2 3676
10 0 3 0
10 0 4 0
10 1 0 0
10 1 1 0
10 1 2 0
10 1 3 0
10 1 4 0
10 2 0 3650
10 2 1 3650
10 2 2 3650
10 2 3 0
10 2 4 0
10 3 0 3704
10 3 1 3704
10 3 2 3704
10 3 3 0
10 3 4 0
10 4 0 0
10 4 1 0
10 4 2 0
10 4 3 0
10 4 4 0
10 5 0 0
10 5 1 0
10 5 2 0
10 5 3 0
10 5 4 0
10 6 0 0
10 6 1 0
10 6 2 0
10 6 3 0
10 6 4 0
10 7 0 0
10 7 1 0
10 7 2 0
10 7 3 0
10 7 4 0
10 8 0 0
10 8 1 0
10 8 2 0
10 8 3 0
10 8 4 0
10 9 0 3315
10 9 1 3315
10 9 2 3315
10 9 3 0
10 9 4 0
10 11 0 0
10 11 1 0
10 11 2 0
10 11 3 0
10 11 4 0
10 12 0 0
10 12 1 0
10 12 2 0
10 12 3 0
10 12 4 0
10 13 0 0
10 13 1 0
10 13 2 0
10 13 3 0
10 13 4 0
10 14 0 0
10 14 1 0
10 14 2 0
10 14 3 0
10 14 4 0
10 15 0 3249
10 15 1 3249
10 15 2 0
10 15 3 0
10 15 4 0
10 16 0 3749
10 16 1 3749
10 16 2 3749
10 16 3 0
10 16 4 0
10 17 0 3776
10 17 1 3776
10 17 2 0
10 17 3 0
10 17 4 0
10 18 0 0
10 18 1 0
10 18 2 0
10 18 3 0
10 18 4 0
10 19 0 3717
10 19 1 3717
10 19 2 0
10 19 3 0
10 19 4 0
10 20 0 0
10 20 1 0
10 20 2 0
10 20 3 0
10 20 4 0
10 21 0 3674
10 21 1 3674
10 21 2 3674
10 21 3 0
10 21 4 0
10 22 0 0
10 22 1 0
10 22 2 0
10 22 3 0
10 22 4 0
10 23 0 3336
10 23 1 3336
10 23 2 3336
10 23 3 0
10 23 4 0
10 24 0 0
10 24 1 0
10 24 2 0
10 24 3 0
10 24 4 0
10 25 0 3037
10 25 1 3037
10 25 2 0
10 25 3 0
10 25 4 0
10 26 0 4000
10 26 1 4000
10 26 2 0
10 26 3 0
10 26 4 0
10 27 0 0
10 27 1 0
10 27 2 0
10 27 3 0
10 27 4 0
10 28 0 0
10 28 1 0
10 28 2 0
10 28 3 0
10 28 4 0
10 29 0 3490
10 29 1 3490
10 29 2 3490
10 29 3 0
10 29 4 0
11 0 0 3374
11 0 1 3374
11 0 2 3374
11 0 3 0
11 0 4 0
11 1 0 0
11 1 1 0
11 1 2 0
11 1 3 0
11 1 4 0
11 2 0 3543
11 2 1 3543
11 2 2 3543
11 2 3 0
11 2 4 0
11 3 0 0
11 3 1 0
11 3 2 0
11 3 3 0
11 3 4 0
11 4 0 0
11 4 1 0
11 4 2 0
11 4 3 0
11 4 4 0
11 5 0 0
11 5 1 0
11 5 2 0
11 5 3 0
11 5 4 0
11 6 0 3904
11 6 1 3904
11 6 2 0
11 6 3 0
11 6 4 0
11 7 0 3762
11 7 1 3762
11 7 2 3762
11 7 3 0
11 7 4 0
11 8 0 0
11 8 1 0
11 8 2 0
11 8 3 0
11 8 4 0
11 9 0 3523
11 9 1 3523
11 9 2 3523
11 9 3 0
11 9 4 0
11 10 0 0
11 10 1 0
11 10 2 0
11 10 3 0
11 10 4 0
11 12 0 3527
11 12 1 3527
11 12 2 3527
11 12 3 0
11 12 4 0
11 13 0 0
11 13 1 0
11 13 2 0
11 13 3 0
11 13 4 0
11 14 0 3399
11 14 1 3399
11 14 2 0
11 14 3 0
11 14 4 0
11 15 0 0
11 15 1 0
11 15 2 0
11 15 3 0
11 15 4 0
11 16 0 3763
11 16 1 3763
11 16 2 0
11 16 3 0
11 16 4 0
11 17 0 0
11 17 1 0
11 17 2 0
11 17 3 0
11 17 4 0
11 18 0 3983
11 18 1 3983
11 18 2 3983
11 18 3 0
11 18 4 0
11 19 0 0
11 19 1 0
11 19 2 0
11 19 3 0
11 19 4 0
11 20 0 3247
11 20 1 3247
11 20 2 3247
11 20 3 0
11 20 4 0
11 21 0 3292
11 21 1 3292
11 21 2 3292
11 21 3 0
11 21 4 0
11 22 0 0
11 22 1 0
11 22 2 0
11 22 3 0
11 22 4 0
11 23 0 3672
11 23 1 3672
11 23 2 3672
11 23 3 0
11 23 4 0
11 24 0 3573
11 24 1 3573
11 24 2 0
11 24 3 0
11 24 4 0
11 25 0 0
11 25 1 0
11 25 2 0
11 25 3 0
11 25 4 0
11 26 0 0
11 26 1 0
11 26 2 0
11 26 3 0
11 26 4 0
11 27 0 0
11 27 1 0
11 27 2 0
11 27 3 0
11 27 4 0
11 28 0 0
11 28 1 0
11 28 2 0
11 28 3 0
11 28 4 0
11 29 0 3065
11 29 1 3065
11 29 2 0
11 29 3 0
11 29 4 0
12 0 0 0
12 0 1 0
12 0 2 0
12 0 3 0
12 0 4 0
12 1 0 0
12 1 1 0
12 1 2 0
12 1 3 0
12 1 4 0
12 2 0 0
12 2 1 0
12 2 2 0
12 2 3 0
12 2 4 0
12 3 0 3134
12 3 1 3134
12 3 2 3134
12 3 3 0
12 3 4 0
12 4 0 0
12 4 1 0
12 4 2 0
12 4 3 0
12 4 4 0
12 5 0 3162
12 5 1 3162
12 5 2 0
12 5 3 0
12 5 4 0
12 6 0 0
12 6 1 0
12 6 2 0
12 6 3 0
12 6 4 0
12 7 0 0
12 7 1 0
12 7 2 0
12 7 3 0
12 7 4 0
12 8 0 3392
12 8 1 3392
12 8 2 0
12 8 3 0
12 8 4 0
12 9 0 0
12 9 1 0
12 9 2 0
12 9 3 0
12 9 4 0
12 10 0 0
12 10 1 0
12 10 2 0
12 10 3 0
12 10 4 0
12 11 0 0
12 11 1 0
12 11 2 0
12 11 3 0
12 11 4 0
12 13 0 0
12 13 1 0
12 13 2 0
12 13 3 0
12 13 4 0
12 14 0 0
12 14 1 0
12 14 2 0
12 14 3 0
12 14 4 0
12 15 0 0
12 15 1 0
12 15 2 0
12 15 3 0
12 15 4 0
12 16 0 0
12 16 1 0
12 16 2 0
12 16 3 0
12 16 4 0
12 17 0 3519
12 17 1 3519
12 17 2 0
12 17 3 0
12 17 4 0
12 18 0 0
12 18 1 0
12 18 2 0
12 18 3 0
12 18 4 0
12 19 0 0
12 19 1 0
12 19 2 0
12 19 3 0
12 19 4 0
12 20 0 0
12 20 1 0
12 20 2 0
12 20 3 0
12 20 4 0
12 21 0 3710
12 21 1 3710
12 21 2 0
12 21 3 0
12 21 4 0
12 22 0 0
12 22 1 0
12 22 2 0
12 22 3 0
12 22 4 0
12 23 0 0
12 23 1 0
12 23 2 0
12 23 3 0
12 23 4 0
12 24 0 3812
12 24 1 3812
12 24 2 0
12 24 3 0
12 24 4 0
12 25 0 0
12 25 1 0
12 25 2 0
12 25 3 0
12 25 4 0
12 26 0 0
12 26 1 0
12 26 2 0
12 26 3 0
12 26 4 0
12 27 0 0
12 27 1 0
12 27 2 0
12 27 3 0
12 27 4 0
12 28 0 3000
12 28 1 3000
12 28 2 3000
12 28 3 0
12 28 4 0
12 29 0 0
12 29 1 0
12 29 2 0
12 29 3 0
12 29 4 0
13 0 0 3908
13 0 1 3908
13 0 2 3908
13 0 3 0
13 0 4 0
13 1 0 0
13 1 1 0
13 1 2 0
13 1 3 0
13 1 4 0
13 2 0 3298
13 2 1 3298
13 2 2 0
13 2 3 0
13 2 4 0
13 3 0 0
13 3 1 0
13 3 2 0
13 3 3 0
13 3 4 0
13 4 0 0
13 4 1 0
13 4 2 0
13 4 3 0
13 4 4 0
13 5 0 0
13 5 1 0
13 5 2 0
13 5 3 0
13 5 4 0
13 6 0 0
13 6 1 0
13 6 2 0
13 6 3 0
13 6 4 0
13 7 0 3675
13 7 1 3675
13 7 2 0
13 7 3 0
13 7 4 0
13 8 0 3980
13 8 1 3980
13 8 2 3980
13 8 3 0
13 8 4 0
13 9 0 0
13 9 1 0
13 9 2 0
13 9 3 0
13 9 4 0
13 10 0 0
13 10 1 0
13 10 2 0
13 10 3 0
13 10 4 0
13 11 0 3385
13 11 1 3385
13 11 2 3385
13 11 3 0
13 11 4 0
13 12 0 0
13 12 1 0
13 12 2 0
13 12 3 0
13 12 4 0
13 14 0 3028
13 14 1 3028
13 14 2 0
13 14 3 0
13 14 4 0
13 15 0 0
13 15 1 0
13 15 2 0
13 15 3 0
13 15 4 0
13 16 0 0
13 16 1 0
13 16 2 0
13 16 3 0
13 16 4 0
13 17 0 3861
13 17 1 3861
13 17 2 0
13 17 3 0
13 17 4 0
13 18 0 3892
13 18 1 3892
13 18 2 0
13 18 3 0
13 18 4 0
13 19 0 3543
13 19 1 3543
13 19 2 3543
13 19 3 0
13 19 4 0
13 20 0 0
13 20 1 0
13 20 2 0
13 20 3 0
13 20 4 0
13 21 0 0
13 21 1 0
13 21 2 0
13 21 3 0
13 21 4 0
13 22 0 0
13 22 1 0
13 22 2 0
13 22 3 0
13 22 4 0
13 23 0 0
13 23 1 0
13 23 2 0
13 23 3 0
13 23 4 0
13 24 0 0
13 24 1 0
13 24 2 0
13 24 3 0
13 24 4 0
13 25 0 3404
13 25 1 3404
13 25 2 0
13 25 3 0
13 25 4 0
13 26 0 0
13 26 1 0
13 26 2 0
13 26 3 0
13 26 4 0
13 27 0 0
13 27 1 0
13 27 2 0
13 27 3 0
13 27 4 0
13 28 0 3923
13 28 1 3923
13 28 2 3923
13 28 3 0
13 28 4 0
13 29 0 0
13 29 1 0
13 29 2 0
13 29 3 0
13 29 4 0
14 0 0 3107
14 0 1 3107
14 0 2 0
14 0 3 0
14 0 4 0
14 1 0 0
14 1 1 0
14 1 2 0
14 1 3 0
14 1 4 0
14 2 0 0
14 2 1 0
14 2 2 0
14 2 3 0
14 2 4 0
14 3 0 0
14 3 1 0
14 3 2 0
14 3 3 0
14 3 4 0
14 4 0 0
14 4 1 0
14 4 2 0
14 4 3 0
14 4 4 0
14 5 0 0
14 5 1 0
14 5 2 0
14 5 3 0
14 5 4 0
14 6 0 0
14 6 1 0
14 6 2 0
14 6 3 0
14 6 4 0
14 7 0 0
14 7 1 0
14 7 2 0
14 7 3 0
14 7 4 0
14 8 0 0
14 8 1 0
14 8 2 0
14 8 3 0
14 8 4 0
14 9 0 3595
14 9 1 3595
14 9 2 3595
14 9 3 0
14 9 4 0
14 10 0 0
14 10 1 0
14 10 2 0
14 10 3 0
14 10 4 0
14 11 0 3730
14 11 1 3730
14 11 2 0
14 11 3 0
14 11 4 0
14 12 0 0
14 12 1 0
14 12 2 0
14 12 3 0
14 12 4 0
14 13 0 3909
14 13 1 3909
14 13 2 0
14 13 3 0
14 13 4 0
14 15 0 0
14 15 1 0
14 15 2 0
14 15 3 0
14 15 4 0
14 16 0 3714
14 16 1 3714
14 16 2 0
14 16 3 0
14 16 4 0
14 17 0 0
14 17 1 0
14 17 2 0
14 17 3 0
14 17 4 0
14 18 0 3040
14 18 1 3040
14 18 2 3040
14 18 3 0
14 18 4 0
14 19 0 3727
14 19 1 3727
14 19 2 0
14 19 3 0
14 19 4 0
14 20 0 3722
14 20 1 3722
14 20 2 0
14 20 3 0
14 20 4 0
14 21 0 3788
14 21 1 3788
14 21 2 0
14 21 3 0
14 21 4 0
14 22 0 0
14 22 1 0
14 22 2 0
14 22 3 0
14 22 4 0
14 23 0 3551
14 23 1 3551
14 23 2 3551
14 23 3 0
14 23 4 0
14 24 0 0
14 24 1 0
14 24 2 0
14 24 3 0
14 24 4 0
14 25 0 0
14 25 1 0
14 25 2 0
14 25 3 0
14 25 4 0
14 26 0 0
14 26 1 0
14 26 2 0
14 26 3 0
14 26 4 0
14 27 0 0
14 27 1 0
14 27 2 0
14 27 3 0
14 27 4 0
14 28 0 0
14 28 1 0
14 28 2 0
14 28 3 0
14 28 4 0
14 29 0 3226
14 29 1 3226
14 29 2 0
14 29 3 0
14 29 4 0
15 0 0 0
15 0 1 0
15 0 2 0
15 0 3 0
15 0 4 0
15 1 0 0
15 1 1 0
15 1 2 0
15 1 3 0
15 1 4 0
15 2 0 0
15 2 1 0
15 2 2 0
15 2 3 0
15 2 4 0
15 3 0 0
15 3 1 0
15 3 2 0
15 3 3 0
15 3 4 0
15 4 0 3896
15 4 1 3896
15 4 2 0
15 4 3 0
15 4 4 0
15 5 0 0
15 5 1 0
15 5 2 0
15 5 3 0
15 5 4 0
15 6 0 3873
15 6 1 3873
15 6 2 0
15 6 3 0
15 6 4 0
15 7 0 0
15 7 1 0
15 7 2 0
15 7 3 0
15 7 4 0
15 8 0 0
15 8 1 0
15 8 2 0
15 8 3 0
15 8 4 0
15 9 0 3072
15 9 1 3072
15 9 2 0
15 9 3 0
15 9 4 0
15 10 0 3537
15 10 1 3537
15 10 2 3537
15 10 3 0
15 10 4 0
15 11 0 3304
15 11 1 3304
15 11 2 0
15 11 3 0
15 11 4 0
15 12 0 0
15 12 1 0
15 12 2 0
15 12 3 0
15 12 4 0
15 13 0 3094
15 13 1 3094
15 13 2 3094
15 13 3 0
15 13 4 0
15 14 0 0
15 14 1 0
15 14 2 0
15 14 3 0
15 14 4 0
15 16 0 0
15 16 1 0
15 16 2 0
15 16 3 0
15 16 4 0
15 17 0 0
15 17 1 0
15 17 2 0
15 17 3 0
15 17 4 0
15 18 0 0
15 18 1 0
15 18 2 0
15 18 3 0
15 18 4 0
15 19 0 0
15 19 1 0
15 19 2 0
15 19 3 0
15 19 4 0
15 20 0 0
15 20 1 0
15 20 2 0
15 20 3 0
15 20 4 0
15 21 0 0
15 21 1 0
15 21 2 0
15 21 3 0
15 21 4 0
15 22 0 0
15 22 1 0
15 22 2 0
15 22 3 0
15 22 4 0
15 23 0 3288
15 23 1 3288
15 23 2 3288
15 23 3 0
15 23 4 0
15 24 0 0
15 24 1 0
15 24 2 0
15 24 3 0
15 24 4 0
15 25 0 3048
15 25 1 3048
15 25 2 3048
15 25 3 0
15 25 4 0
15 26 0 0
15 26 1 0
15 26 2 0
15 26 3 0
15 26 4 0
15 27 0 0
15 27 1 0
15 27 2 0
15 27 3 0
15 27 4 0
15 28 0 3059
15 28 1 3059
15 28 2 3059
15 28 3 0
15 28 4 0
15 29 0 0
15 29 1 0
15 29 2 0
15 29 3 0
15 29 4 0
16 0 0 0
16 0 1 0
16 0 2 0
16 0 3 0
16 0 4 0
16 1 0 3599
16 1 1 3599
16 1 2 0
16 1 3 0
16 1 4 0
16 2 0 0
16 2 1 0
16 2 2 0
16 2 3 0
16 2 4 0
16 3 0 0
16 3 1 0
16 3 2 0
16 3 3 0
16 3 4 0
16 4 0 0
16 4 1 0
16 4 2 0
16 4 3 0
16 4 4 0
16 5 0 0
16 5 1 0
16 5 2 0
16 5 3 0
16 5 4 0
16 6 0 3905
16 6 1 3905
16 6 2 0
16 6 3 0
16 6 4 0
16 7 0 0
16 7 1 0
16 7 2 0
16 7 3 0
16 7 4 0
16 8 0 0
16 8 1 0
16 8 2 0
16 8 3 0
16 8 4 0
16 9 0 3129
16 9 1 3129
16 9 2 0
16 9 3 0
16 9 4 0
16 10 0 0
16 10 1 0
16 10 2 0
16 10 3 0
16 10 4 0
16 11 0 0
16 11 1 0
16 11 2 0
16 11 3 0
16 11 4 0
16 12 0 0
16 12 1 0
16 12 2 0
16 12 3 0
16 12 4 0
16 13 0 0
16 13 1 0
16 13 2 0
16 13 3 0
16 13 4 0
16 14 0 3303
16 14 1 3303
16 14 2 3303
16 14 3 0
16 14 4 0
16 15 0 3303
16 15 1 3303
16 15 2 0
16 15 3 0
16 15 4 0
16 17 0 3433
16 17 1 3433
16 17 2 0
16 17 3 0
16 17 4 0
16 18 0 0
16 18 1 0
16 18 2 0
16 18 3 0
16 18 4 0
16 19 0 0
16 19 1 0
16 19 2 0
16 19 3 0
16 19 4 0
16 20 0 0
16 20 1 0
16 20 2 0
16 20 3 0
16 20 4 0
16 21 0 0
16 21 1 0
16 21 2 0
16 21 3 0
16 21 4 0
16 22 0 0
16 22 1 0
16 22 2 0
16 22 3 0
16 22 4 0
16 23 0 0
16 23 1 0
16 23 2 0
16 23 3 0
16 23 4 0
16 24 0 0
16 24 1 0
16 24 2 0
16 24 3 0
16 24 4 0
16 25 0 0
16 25 1 0
16 25 2 0
16 25 3 0
16 25 4 0
16 26 0 3164
16 26 1 3164
16 26 2 0
16 26 3 0
16 26 4 0
16 27 0 3966
16 27 1 3966
16 27 2 3966
16 27 3 0
16 27 4 0
16 28 0 0
16 28 1 0
16 28 2 0
16 28 3 0
16 28 4 0
16 29 0 0
16 29 1 0
16 29 2 0
16 29 3 0
16 29 4 0
17 0 0 0
17 0 1 0
17 0 2 0
17 0 3 0
17 0 4 0
17 1 0 0
17 1 1 0
17 1 2 0
17 1 3 0
17 1 4 0
17 2 0 0
17 2 1 0
17 2 2 0
17 2 3 0
17 2 4 0
17 3 0 3628
17 3 1 3628
17 3 2 3628
17 3 3 0
17 3 4 0
17 4 0 0
17 4 1 0
17 4 2 0
17 4 3 0
17 4 4 0
17 5 0 0
17 5 1 0
17 5 2 0
17 5 3 0
17 5 4 0
17 6 0 3636
17 6 1 3636
17 6 2 0
17 6 3 0
17 6 4 0
17 7 0 3446
17 7 1 3446
17 7 2 0
17 7 3 0
17 7 4 0
17 8 0 0
17 8 1 0
17 8 2 0
17 8 3 0
17 8 4 0
17 9 0 0
17 9 1 0
17 9 2 0
17 9 3 0
17 9 4 0
17 10 0 0
17 10 1 0
17 10 2 0
17 10 3 0
17 10 4 0
17 11 0 0
17 11 1 0
17 11 2 0
17 11 3 0
17 11 4 0
17 12 0 0
17 12 1 0
17 12 2 0
17 12 3 0
17 12 4 0
17 13 0 3190
17 13 1 3190
17 13 2 3190
17 13 3 0
17 13 4 0
17 14 0 3918
17 14 1 3918
17 14 2 0
17 14 3 0
17 14 4 0
17 15 0 0
17 15 1 0
17 15 2 0
17 15 3 0
17 15 4 0
17 16 0 3000
17 16 1 3000
17 16 2 3000
17 16 3 0
17 16 4 0
17 18 0 0
17 18 1 0
17 18 2 0
17 18 3 0
17 18 4 0
17 19 0 3928
17 19 1 3928
17 19 2 0
17 19 3 0
17 19 4 0
17 20 0 0
17 20 1 0
17 20 2 0
17 20 3 0
17 20 4 0
17 21 0 0
17 21 1 0
17 21 2 0
17 21 3 0
17 21 4 0
17 22 0 0
17 22 1 0
17 22 2 0
17 22 3 0
17 22 4 0
17 23 0 3457
17 23 1 3457
17 23 2 0
17 23 3 0
17 23 4 0
17 24 0 3190
17 24 1 3190
17 24 2 0
17 24 3 0
17 24 4 0
17 25 0 3585
17 25 1 3585
17 25 2 0
17 25 3 0
17 25 4 0
17 26 0 0
17 26 1 0
17 26 2 0
17 26 3 0
17 26 4 0
17 27 0 0
17 27 1 0
17 27 2 0
17 27 3 0
17 27 4 0
17 28 0 0
17 28 1 0
17 28 2 0
17 28 3 0
17 28 4 0
17 29 0 0
17 29 1 0
17 29 2 0
17 29 3 0
17 29 4 0
18 0 0 0
18 0 1 0
18 0 2 0
18 0 3 0
18 0 4 0
18 1 0 3640
18 1 1 3640
18 1 2 0
18 1 3 0
18 1 4 0
18 2 0 3413
18 2 1 3413
18 2 2 0
18 2 3 0
18 2 4 0
18 3 0 3654
18 3 1 3654
18 3 2 0
18 3 3 0
18 3 4 0
18 4 0 0
18 4 1 0
18 4 2 0
18 4 3 0
18 4 4 0
18 5 0 0
18 5 1 0
18 5 2 0
18 5 3 0
18 5 4 0
18 6 0 0
18 6 1 0
18 6 2 0
18 6 3 0
18 6 4 0
18 7 0 3841
18 7 1 3841
18 7 2 3841
18 7 3 0
18 7 4 0
18 8 0 0
18 8 1 0
18 8 2 0
18 8 3 0
18 8 4 0
18 9 0 3349
18 9 1 3349
18 9 2 0
18 9 3 0
18 9 4 0
18 10 0 3621
18 10 1 3621
18 10 2 3621
18 10 3 0
18 10 4 0
18 11 0 3380
18 11 1 3380
18 11 2 0
18 11 3 0
18 11 4 0
18 12 0 3757
18 12 1 3757
18 12 2 3757
18 12 3 0
18 12 4 0
18 13 0 3333
18 13 1 3333
18 13 2 0
18 13 3 0
18 13 4 0
18 14 0 0
18 14 1 0
18 14 2 0
18 14 3 0
18 14 4 0
18 15 0 3860
18 15 1 3860
18 15 2 3860
18 15 3 0
18 15 4 0
18 16 0 0
18 16 1 0
18 16 2 0
18 16 3 0
18 16 4 0
18 17 0 0
18 17 1 0
18 17 2 0
18 17 3 0
18 17 4 0
18 19 0 3483
18 19 1 3483
18 19 2 3483
18 19 3 0
18 19 4 0
18 20 0 0
18 20 1 0
18 20 2 0
18 20 3 0
18 20 4 0
18 21 0 0
18 21 1 0
18 21 2 0
18 21 3 0
18 21 4 0
18 22 0 0
18 22 1 0
18 22 2 0
18 22 3 0
18 22 4 0
18 23 0 0
18 23 1 0
18 23 2 0
18 23 3 0
18 23 4 0
18 24 0 0
18 24 1 0
18 24 2 0
18 24 3 0
18 24 4 0
18 25 0 0
18 25 1 0
18 25 2 0
18 25 3 0
18 25 4 0
18 26 0 0
18 26 1 0
18 26 2 0
18 26 3 0
18 26 4 0
18 27 0 0
18 27 1 0
18 27 2 0
18 27 3 0
18 27 4 0
18 28 0 0
18 28 1 0
18 28 2 0
18 28 3 0
18 28 4 0
18 29 0 3427
18 29 1 3427
18 29 2 3427
18 29 3 0
18 29 4 0
19 0 0 0
19 0 1 0
19 0 2 0
19 0 3 0
19 0 4 0
19 1 0 0
19 1 1 0
19 1 2 0
19 1 3 0
19 1 4 0
19 2 0 3655
19 2 1 3655
19 2 2 0
19 2 3 0
19 2 4 0
19 3 0 0
19 3 1 0
19 3 2 0
19 3 3 0
19 3 4 0
19 4 0 3392
19 4 1 3392
19 4 2 0
19 4 3 0
19 4 4 0
19 5 0 0
19 5 1 0
19 5 2 0
19 5 3 0
19 5 4 0
19 6 0 0
19 6 1 0
19 6 2 0
19 6 3 0
19 6 4 0
19 7 0 3118
19 7 1 3118
19 7 2 3118
19 7 3 0
19 7 4 0
19 8 0 3856
19 8 1 3856
19 8 2 0
19 8 3 0
19 8 4 0
19 9 0 0
19 9 1 0
19 9 2 0
19 9 3 0
19 9 4 0
19 10 0 3959
19 10 1 3959
19 10 2 0
19 10 3 0
19 10 4 0
19 11 0 3406
19 11 1 3406
19 11 2 0
19 11 3 0
19 11 4 0
19 12 0 0
19 12 1 0
19 12 2 0
19 12 3 0
19 12 4 0
19 13 0 0
19 13 1 0
19 13 2 0
19 13 3 0
19 13 4 0
19 14 0 0
19 14 1 0
19 14 2 0
19 14 3 0
19 14 4 0
19 15 0 0
19 15 1 0
19 15 2 0
19 15 3 0
19 15 4 0
19 16 0 0
19 16 1 0
19 16 2 0
19 16 3 0
19 16 4 0
19 17 0 0
19 17 1 0
19 17 2 0
19 17 3 0
19 17 4 0
19 18 0 0
19 18 1 0
19 18 2 0
19 18 3 0
19 18 4 0
19 20 0 0
19 20 1 0
19 20 2 0
19 20 3 0
19 20 4 0
19 21 0 0
19 21 1 0
19 21 2 0
19 21 3 0
19 21 4 0
19 22 0 0
19 22 1 0
19 22 2 0
19 22 3 0
19 22 4 0
19 23 0 0
19 23 1 0
19 23 2 0
19 23 3 0
19 23 4 0
19 24 0 3722
19 24 1 3722
19 24 2 3722
19 24 3 0
19 24 4 0
19 25 0 0
19 25 1 0
19 25 2 0
19 25 3 0
19 25 4 0
19 26 0 0
19 26 1 0
19 26 2 0
19 26 3 0
19 26 4 0
19 27 0 0
19 27 1 0
19 27 2 0
19 27 3 0
19 27 4 0
19 28 0 0
19 28 1 0
19 28 2 0
19 28 3 0
19 28 4 0
19 29 0 0
19 29 1 0
19 29 2 0
19 29 3 0
19 29 4 0
20 0 0 3854
20 0 1 3854
20 0 2 3854
20 0 3 0
20 0 4 0
20 1 0 3943
20 1 1 3943
20 1 2 0
20 1 3 0
20 1 4 0
20 2 0 3291
20 2 1 3291
20 2 2 3291
20 2 3 0
20 2 4 0
20 3 0 0
20 3 1 0
20 3 2 0
20 3 3 0
20 3 4 0
20 4 0 3907
20 4 1 3907
20 4 2 3907
20 4 3 0
20 4 4 0
20 5 0 3868
20 5 1 3868
20 5 2 0
20 5 3 0
20 5 4 0
20 6 0 3320
20 6 1 3320
20 6 2 0
20 6 3 0
20 6 4 0
20 7 0 0
20 7 1 0
20 7 2 0
20 7 3 0
20 7 4 0
20 8 0 3753
20 8 1 3753
20 8 2 3753
20 8 3 0
20 8 4 0
20 9 0 0
20 9 1 0
20 9 2 0
20 9 3 0
20 9 4 0
20 10 0 3910
20 10 1 3910
20 10 2 3910
20 10 3 0
20 10 4 0
20 11 0 0
20 11 1 0
20 11 2 0
20 11 3 0
20 11 4 0
20 12 0 0
20 12 1 0
20 12 2 0
20 12 3 0
20 12 4 0
20 13 0 0
20 13 1 0
20 13 2 0
20 13 3 0
20 13 4 0
20 14 0 0
20 14 1 0
20 14 2 0
20 14 3 0
20 14 4 0
20 15 0 0
20 15 1 0
20 15 2 0
20 15 3 0
20 15 4 0
20 16 0 3528
20 16 1 3528
20 16 2 0
20 16 3 0
20 16 4 0
20 17 0 0
20 17 1 0
20 17 2 0
20 17 3 0
20 17 4 0
20 18 0 3068
20 18 1 3068
20 18 2 3068
20 18 3 0
20 18 4 0
20 19 0 3599
20 19 1 3599
20 19 2 3599
20 19 3 0
20 19 4 0
20 21 0 3069
20 21 1 3069
20 21 2 3069
20 21 3 0
20 21 4 0
20 22 0 0
20 22 1 0
20 22 2 0
20 22 3 0
20 22 4 0
20 23 0 0
20 23 1 0
20 23 2 0
20 23 3 0
20 23 4 0
20 24 0 3360
20 24 1 3360
20 24 2 3360
20 24 3 0
20 24 4 0
20 25 0 0
20 25 1 0
20 25 2 0
20 25 3 0
20 25 4 0
20 26 0 3785
20 26 1 3785
20 26 2 0
20 26 3 0
20 26 4 0
20 27 0 3604
20 27 1 3604
20 27 2 3604
20 27 3 0
20 27 4 0
20 28 0 0
20 28 1 0
20 28 2 0
20 28 3 0
20 28 4 0
20 29 0 0
20 29 1 0
20 29 2 0
20 29 3 0
20 29 4 0
21 0 0 0
21 0 1 0
21 0 2 0
21 0 3 0
21 0 4 0
21 1 0 0
21 1 1 0
21 1 2 0
21 1 3 0
21 1 4 0
21 2 0 0
21 2 1 0
21 2 2 0
21 2 3 0
21 2 4 0
21 3 0 3734
21 3 1 3734
21 3 2 3734
21 3 3 0
21 3 4 0
21 4 0 3831
21 4 1 3831
21 4 2 3831
21 4 3 0
21 4 4 0
21 5 0 0
21 5 1 0
21 5 2 0
21 5 3 0
21 5 4 0
21 6 0 3590
21 6 1 3590
21 6 2 3590
21 6 3 0
21 6 4 0
21 7 0 0
21 7 1 0
21 7 2 0
21 7 3 0
21 7 4 0
21 8 0 3607
21 8 1 3607
21 8 2 3607
21 8 3 0
21 8 4 0
21 9 0 3656
21 9 1 3656
21 9 2 0
21 9 3 0
21 9 4 0
21 10 0 3521
21 10 1 3521
21 10 2 3521
21 10 3 0
21 10 4 0
21 11 0 3270
21 11 1 3270
21 11 2 3270
21 11 3 0
21 11 4 0
21 12 0 3622
21 12 1 3622
21 12 2 0
21 12 3 0
21 12 4 0
21 13 0 3785
21 13 1 3785
21 13 2 0
21 13 3 0
21 13 4 0
21 14 0 3312
21 14 1 3312
21 14 2 0
21 14 3 0
21 14 4 0
21 15 0 3588
21 15 1 3588
21 15 2 0
21 15 3 0
21 15 4 0
21 16 0 0
21 16 1 0
21 16 2 0
21 16 3 0
21 16 4 0
21 17 0 0
21 17 1 0
21 17 2 0
21 17 3 0
21 17 4 0
21 18 0 0
21 18 1 0
21 18 2 0
21 18 3 0
21 18 4 0
21 19 0 0
21 19 1 0
21 19 2 0
21 19 3 0
21 19 4 0
21 20 0 0
21 20 1 0
21 20 2 0
21 20 3 0
21 20 4 0
21 22 0 0
21 22 1 0
21 22 2 0
21 22 3 0
21 22 4 0
21 23 0 0
21 23 1 0
21 23 2 0
21 23 3 0
21 23 4 0
21 24 0 0
21 24 1 0
21 24 2 0
21 24 3 0
21 24 4 0
21 25 0 3426
21 25 1 3426
21 25 2 3426
21 25 3 0
21 25 4 0
21 26 0 3048
21 26 1 3048
21 26 2 3048
21 26 3 0
21 26 4 0
21 27 0 3072
21 27 1 3072
21 27 2 3072
21 27 3 0
21 27 4 0
21 28 0 3451
21 28 1 3451
21 28 2 3451
21 28 3 0
21 28 4 0
21 29 0 3524
21 29 1 3524
21 29 2 3524
21 29 3 0
21 29 4 0
22 0 0 3651
22 0 1 3651
22 0 2 0
22 0 3 0
22 0 4 0
22 1 0 0
22 1 1 0
22 1 2 0
22 1 3 0
22 1 4 0
22 2 0 0
22 2 1 0
22 2 2 0
22 2 3 0
22 2 4 0
22 3 0 3955
22 3 1 3955
22 3 2 3955
22 3 3 0
22 3 4 0
22 4 0 3860
22 4 1 3860
22 4 2 0
22 4 3 0
22 4 4 0
22 5 0 3952
22 5 1 3952
22 5 2 0
22 5 3 0
22 5 4 0
22 6 0 3596
22 6 1 3596
22 6 2 0
22 6 3 0
22 6 4 0
22 7 0 0
22 7 1 0
22 7 2 0
22 7 3 0
22 7 4 0
22 8 0 3081
22 8 1 3081
22 8 2 3081
22 8 3 0
22 8 4 0
22 9 0 0
22 9 1 0
22 9 2 0
22 9 3 0
22 9 4 0
22 10 0 0
22 10 1 0
22 10 2 0
22 10 3 0
22 10 4 0
22 11 0 0
22 11 1 0
22 11 2 0
22 11 3 0
22 11 4 0
22 12 0 0
22 12 1 0
22 12 2 0
22 12 3 0
22 12 4 0
22 13 0 3548
22 13 1 3548
22 13 2 3548
22 13 3 0
22 13 4 0
22 14 0 0
22 14 1 0
22 14 2 0
22 14 3 0
22 14 4 0
22 15 0 0
22 15 1 0
22 15 2 0
22 15 3 0
22 15 4 0
22 16 0 3740
22 16 1 3740
22 16 2 3740
22 16 3 0
22 16 4 0
22 17 0 0
22 17 1 0
22 17 2 0
22 17 3 0
22 17 4 0
22 18 0 3946
22 18 1 3946
22 18 2 3946
22 18 3 0
22 18 4 0
22 19 0 0
22 19 1 0
22 19 2 0
22 19 3 0
22 19 4 0
22 20 0 0
22 20 1 0
22 20 2 0
22 20 3 0
22 20 4 0
22 21 0 0
22 21 1 0
22 21 2 0
22 21 3 0
22 21 4 0
22 23 0 0
22 23 1 0
22 23 2 0
22 23 3 0
22 23 4 0
22 24 0 0
22 24 1 0
22 24 2 0
22 24 3 0
22 24 4 0
22 25 0 0
22 25 1 0
22 25 2 0
22 25 3 0
22 25 4 0
22 26 0 0
22 26 1 0
22 26 2 0
22 26 3 0
22 26 4 0
22 27 0 0
22 27 1 0
22 27 2 0
22 27 3 0
22 27 4 0
22 28 0 0
22 28 1 0
22 28 2 0
22 28 3 0
22 28 4 0
22 29 0 3354
22 29 1 3354
22 29 2 0
22 29 3 0
22 29 4 0
23 0 0 3634
23 0 1 3634
23 0 2 3634
23 0 3 0
23 0 4 0
23 1 0 0
23 1 1 0
23 1 2 0
23 1 3 0
23 1 4 0
23 2 0 3200
23 2 1 3200
23 2 2 0
23 2 3 0
23 2 4 0
23 3 0 0
23 3 1 0
23 3 2 0
23 3 3 0
23 3 4 0
23 4 0 0
23 4 1 0
23 4 2 0
23 4 3 0
23 4 4 0
23 5 0 0
23 5 1 0
23 5 2 0
23 5 3 0
23 5 4 0
23 6 0 0
23 6 1 0
23 6 2 0
23 6 3 0
23 6 4 0
23 7 0 0
23 7 1 0
23 7 2 0
23 7 3 0
23 7 4 0
23 8 0 0
23 8 1 0
23 8 2 0
23 8 3 0
23 8 4 0
23 9 0 0
23 9 1 0
23 9 2 0
23 9 3 0
23 9 4 0
23 10 0 3442
23 10 1 3442
23 10 2 3442
23 10 3 0
23 10 4 0
23 11 0 0
23 11 1 0
23 11 2 0
23 11 3 0
23 11 4 0
23 12 0 0
23 12 1 0
23 12 2 0
23 12 3 0
23 12 4 0
23 13 0 0
23 13 1 0
23 13 2 0
23 13 3 0
23 13 4 0
23 14 0 3696
23 14 1 3696
23 14 2 0
23 14 3 0
23 14 4 0
23 15 0 3273
23 15 1 3273
23 15 2 0
23 15 3 0
23 15 4 0
23 16 0 0
23 16 1 0
23 16 2 0
23 16 3 0
23 16 4 0
23 17 0 0
23 17 1 0
23 17 2 0
23 17 3 0
23 17 4 0
23 18 0 0
23 18 1 0
23 18 2 0
23 18 3 0
23 18 4 0
23 19 0 0
23 19 1 0
23 19 2 0
23 19 3 0
23 19 4 0
23 20 0 0
23 20 1 0
23 20 2 0
23 20 3 0
23 20 4 0
23 21 0 0
23 21 1 0
23 21 2 0
23 21 3 0
23 21 4 0
23 22 0 0
23 22 1 0
23 22 2 0
23 22 3 0
23 22 4 0
23 24 0 0
23 24 1 0
23 24 2 0
23 24 3 0
23 24 4 0
23 25 0 0
23 25 1 0
23 25 2 0
23 25 3 0
23 25 4 0
23 26 0 0
23 26 1 0
23 26 2 0
23 26 3 0
23 26 4 0
23 27 0 0
23 27 1 0
23 27 2 0
23 27 3 0
23 27 4 0
23 28 0 3993
23 28 1 3993
23 28 2 0
23 28 3 0
23 28 4 0
23 29 0 0
23 29 1 0
23 29 2 0
23 29 3 0
23 29 4 0
24 0 0 3001
24 0 1 3001
24 0 2 3001
24 0 3 0
24 0 4 0
24 1 0 0
24 1 1 0
24 1 2 0
24 1 3 0
24 1 4 0
24 2 0 0
24 2 1 0
24 2 2 0
24 2 3 0
24 2 4 0
24 3 0 3997
24 3 1 3997
24 3 2 3997
24 3 3 0
24 3 4 0
24 4 0 3092
24 4 1 3092
24 4 2 0
24 4 3 0
24 4 4 0
24 5 0 3480
24 5 1 3480
24 5 2 0
24 5 3 0
24 5 4 0
24 6 0 3354
24 6 1 3354
24 6 2 3354
24 6 3 0
24 6 4 0
24 7 0 0
24 7 1 0
24 7 2 0
24 7 3 0
24 7 4 0
24 8 0 3381
24 8 1 3381
24 8 2 3381
24 8 3 0
24 8 4 0
24 9 0 0
24 9 1 0
24 9 2 0
24 9 3 0
24 9 4 0
24 10 0 0
24 10 1 0
24 10 2 0
24 10 3 0
24 10 4 0
24 11 0 0
24 11 1 0
24 11 2 0
24 11 3 0
24 11 4 0
24 12 0 0
24 12 1 0
24 12 2 0
24 12 3 0
24 12 4 0
24 13 0 0
24 13 1 0
24 13 2 0
24 13 3 0
24 13 4 0
24 14 0 3787
24 14 1 3787
24 14 2 3787
24 14 3 0
24 14 4 0
24 15 0 3380
24 15 1 3380
24 15 2 0
24 15 3 0
24 15 4 0
24 16 0 0
24 16 1 0
24 16 2 0
24 16 3 0
24 16 4 0
24 17 0 3396
24 17 1 3396
24 17 2 0
24 17 3 0
24 17 4 0
24 18 0 0
24 18 1 0
24 18 2 0
24 18 3 0
24 18 4 0
24 19 0 3361
24 19 1 3361
24 19 2 3361
24 19 3 0
24 19 4 0
24 20 0 0
24 20 1 0
24 20 2 0
24 20 3 0
24 20 4 0
24 21 0 0
24 21 1 0
24 21 2 0
24 21 3 0
24 21 4 0
24 22 0 0
24 22 1 0
24 22 2 0
24 22 3 0
24 22 4 0
24 23 0 0
24 23 1 0
24 23 2 0
24 23 3 0
24 23 4 0
24 25 0 3519
24 25 1 3519
24 25 2 0
24 25 3 0
24 25 4 0
24 26 0 0
24 26 1 0
24 26 2 0
24 26 3 0
24 26 4 0
24 27 0 0
24 27 1 0
24 27 2 0
24 27 3 0
24 27 4 0
24 28 0 0
24 28 1 0
24 28 2 0
24 28 3 0
24 28 4 0
24 29 0 0
24 29 1 0
24 29 2 0
24 29 3 0
24 29 4 0
25 0 0 0
25 0 1 0
25 0 2 0
25 0 3 0
25 0 4 0
25 1 0 0
25 1 1 0
25 1 2 0
25 1 3 0
25 1 4 0
25 2 0 0
25 2 1 0
25 2 2 0
25 2 3 0
25 2 4 0
25 3 0 0
25 3 1 0
25 3 2 0
25 3 3 0
25 3 4 0
25 4 0 0
25 4 1 0
25 4 2 0
25 4 3 0
25 4 4 0
25 5 0 0
25 5 1 0
25 5 2 0
25 5 3 0
25 5 4 0
25 6 0 0
25 6 1 0
25 6 2 0
25 6 3 0
25 6 4 0
25 7 0 0
25 7 1 0
25 7 2 0
25 7 3 0
25 7 4 0
25 8 0 0
25 8 1 0
25 8 2 0
25 8 3 0
25 8 4 0
25 9 0 3887
25 9 1 3887
25 9 2 3887
25 9 3 0
25 9 4 0
25 10 0 0
25 10 1 0
25 10 2 0
25 10 3 0
25 10 4 0
25 11 0 3665
25 11 1 3665
25 11 2 0
25 11 3 0
25 11 4 0
25 12 0 0
25 12 1 0
25 12 2 0
25 12 3 0
25 12 4 0
25 13 0 0
25 13 1 0
25 13 2 0
25 13 3 0
25 13 4 0
25 14 0 3398
25 14 1 3398
25 14 2 3398
25 14 3 0
25 14 4 0
25 15 0 0
25 15 1 0
25 15 2 0
25 15 3 0
25 15 4 0
25 16 0 0
25 16 1 0
25 16 2 0
25 16 3 0
25 16 4 0
25 17 0 0
25 17 1 0
25 17 2 0
25 17 3 0
25 17 4 0
25 18 0 3699
25 18 1 3699
25 18 2 3699
25 18 3 0
25 18 4 0
25 19 0 0
25 19 1 0
25 19 2 0
25 19 3 0
25 19 4 0
25 20 0 0
25 20 1 0
25 20 2 0
25 20 3 0
25 20 4 0
25 21 0 0
25 21 1 0
25 21 2 0
25 21 3 0
25 21 4 0
25 22 0 0
25 22 1 0
25 22 2 0
25 22 3 0
25 22 4 0
25 23 0 0
25 23 1 0
25 23 2 0
25 23 3 0
25 23 4 0
25 24 0 0
25 24 1 0
25 24 2 0
25 24 3 0
25 24 4 0
25 26 0 0
25 26 1 0
25 26 2 0
25 26 3 0
25 26 4 0
25 27 0 3139
25 27 1 3139
25 27 2 0
25 27 3 0
25 27 4 0
25 28 0 0
25 28 1 0
25 28 2 0
25 28 3 0
25 28 4 0
25 29 0 0
25 29 1 0
25 29 2 0
25 29 3 0
25 29 4 0
26 0 0 0
26 0 1 0
26 0 2 0
26 0 3 0
26 0 4 0
26 1 0 0
26 1 1 0
26 1 2 0
26 1 3 0
26 1 4 0
26 2 0 0
26 2 1 0
26 2 2 0
26 2 3 0
26 2 4 0
26 3 0 0
26 3 1 0
26 3 2 0
26 3 3 0
26 3 4 0
26 4 0 0
26 4 1 0
26 4 2 0
26 4 3 0
26 4 4 0
26 5 0 0
26 5 1 0
26 5 2 0
26 5 3 0
26 5 4 0
26 6 0 0
26 6 1 0
26 6 2 0
26 6 3 0
26 6 4 0
26 7 0 0
26 7 1 0
26 7 2 0
26 7 3 0
26 7 4 0
26 8 0 0
26 8 1 0
26 8 2 0
26 8 3 0
26 8 4 0
26 9 0 0
26 9 1 0
26 9 2 0
26 9 3 0
26 9 4 0
26 10 0 3009
26 10 1 3009
26 10 2 0
26 10 3 0
26 10 4 0
26 11 0 0
26 11 1 0
26 11 2 0
26 11 3 0
26 11 4 0
26 12 0 3830
26 12 1 3830
26 12 2 0
26 12 3 0
26 12 4 0
26 13 0 0
26 13 1 0
26 13 2 0
26 13 3 0
26 13 4 0
26 14 0 0
26 14 1 0
26 14 2 0
26 14 3 0
26 14 4 0
26 15 0 3222
26 15 1 3222
26 15 2 3222
26 15 3 0
26 15 4 0
26 16 0 0
26 16 1 0
26 16 2 0
26 16 3 0
26 16 4 0
26 17 0 0
26 17 1 0
26 17 2 0
26 17 3 0
26 17 4 0
26 18 0 0
26 18 1 0
26 18 2 0
26 18 3 0
26 18 4 0
26 19 0 0
26 19 1 0
26 19 2 0
26 19 3 0
26 19 4 0
26 20 0 3367
26 20 1 3367
26 20 2 3367
26 20 3 0
26 20 4 0
26 21 0 3822
26 21 1 3822
26 21 2 3822
26 21 3 0
26 21 4 0
26 22 0 3045
26 22 1 3045
26 22 2 3045
26 22 3 0
26 22 4 0
26 23 0 0
26 23 1 0
26 23 2 0
26 23 3 0
26 23 4 0
26 24 0 3089
26 24 1 3089
26 24 2 0
26 24 3 0
26 24 4 0
26 25 0 0
26 25 1 0
26 25 2 0
26 25 3 0
26 25 4 0
26 27 0 3030
26 27 1 3030
26 27 2 0
26 27 3 0
26 27 4 0
26 28 0 0
26 28 1 0
26 28 2 0
26 28 3 0
26 28 4 0
26 29 0 3025
26 29 1 3025
26 29 2 0
26 29 3 0
26 29 4 0
27 0 0 0
27 0 1 0
27 0 2 0
27 0 3 0
27 0 4 0
27 1 0 0
27 1 1 0
27 1 2 0
27 1 3 0
27 1 4 0
27 2 0 0
27 2 1 0
27 2 2 0
27 2 3 0
27 2 4 0
27 3 0 0
27 3 1 0
27 3 2 0
27 3 3 0
27 3 4 0
27 4 0 0
27 4 1 0
27 4 2 0
27 4 3 0
27 4 4 0
27 5 0 0
27 5 1 0
27 5 2 0
27 5 3 0
27 5 4 0
27 6 0 0
27 6 1 0
27 6 2 0
27 6 3 0
27 6 4 0
27 7 0 0
27 7 1 0
27 7 2 0
27 7 3 0
27 7 4 0
27 8 0 3632
27 8 1 3632
27 8 2 0
27 8 3 0
27 8 4 0
27 9 0 3315
27 9 1 3315
27 9 2 3315
27 9 3 0
27 9 4 0
27 10 0 0
27 10 1 0
27 10 2 0
27 10 3 0
27 10 4 0
27 11 0 0
27 11 1 0
27 11 2 0
27 11 3 0
27 11 4 0
27 12 0 0
27 12 1 0
27 12 2 0
27 12 3 0
27 12 4 0
27 13 0 3189
27 13 1 3189
27 13 2 3189
27 13 3 0
27 13 4 0
27 14 0 0
27 14 1 0
27 14 2 0
27 14 3 0
27 14 4 0
27 15 0 0
27 15 1 0
27 15 2 0
27 15 3 0
27 15 4 0
27 16 0 0
27 16 1 0
27 16 2 0
27 16 3 0
27 16 4 0
27 17 0 0
27 17 1 0
27 17 2 0
27 17 3 0
27 17 4 0
27 18 0 3880
27 18 1 3880
27 18 2 3880
27 18 3 0
27 18 4 0
27 19 0 0
27 19 1 0
27 19 2 0
27 19 3 0
27 19 4 0
27 20 0 0
27 20 1 0
27 20 2 0
27 20 3 0
27 20 4 0
27 21 0 3004
27 21 1 3004
27 21 2 3004
27 21 3 0
27 21 4 0
27 22 0 0
27 22 1 0
27 22 2 0
27 22 3 0
27 22 4 0
27 23 0 3600
27 23 1 3600
27 23 2 0
27 23 3 0
27 23 4 0
27 24 0 3217
27 24 1 3217
27 24 2 0
27 24 3 0
27 24 4 0
27 25 0 3329
27 25 1 3329
27 25 2 0
27 25 3 0
27 25 4 0
27 26 0 0
27 26 1 0
27 26 2 0
27 26 3 0
27 26 4 0
27 28 0 0
27 28 1 0
27 28 2 0
27 28 3 0
27 28 4 0
27 29 0 0
27 29 1 0
27 29 2 0
27 29 3 0
27 29 4 0
28 0 0 3453
28 0 1 3453
28 0 2 3453
28 0 3 0
28 0 4 0
28 1 0 0
28 1 1 0
28 1 2 0
28 1 3 0
28 1 4 0
28 2 0 0
28 2 1 0
28 2 2 0
28 2 3 0
28 2 4 0
28 3 0 0
28 3 1 0
28 3 2 0
28 3 3 0
28 3 4 0
28 4 0 3603
28 4 1 3603
28 4 2 3603
28 4 3 0
28 4 4 0
28 5 0 3998
28 5 1 3998
28 5 2 3998
28 5 3 0
28 5 4 0
28 6 0 0
28 6 1 0
28 6 2 0
28 6 3 0
28 6 4 0
28 7 0 0
28 7 1 0
28 7 2 0
28 7 3 0
28 7 4 0
28 8 0 3394
28 8 1 3394
28 8 2 0
28 8 3 0
28 8 4 0
28 9 0 0
28 9 1 0
28 9 2 0
28 9 3 0
28 9 4 0
28 10 0 0
28 10 1 0
28 10 2 0
28 10 3 0
28 10 4 0
28 11 0 0
28 11 1 0
28 11 2 0
28 11 3 0
28 11 4 0
28 12 0 0
28 12 1 0
28 12 2 0
28 12 3 0
28 12 4 0
28 13 0 3933
28 13 1 3933
28 13 2 3933
28 13 3 0
28 13 4 0
28 14 0 0
28 14 1 0
28 14 2 0
28 14 3 0
28 14 4 0
28 15 0 0
28 15 1 0
28 15 2 0
28 15 3 0
28 15 4 0
28 16 0 0
28 16 1 0
28 16 2 0
28 16 3 0
28 16 4 0
28 17 0 0
28 17 1 0
28 17 2 0
28 17 3 0
28 17 4 0
28 18 0 0
28 18 1 0
28 18 2 0
28 18 3 0
28 18 4 0
28 19 0 0
28 19 1 0
28 19 2 0
28 19 3 0
28 19 4 0
28 20 0 0
28 20 1 0
28 20 2 0
28 20 3 0
28 20 4 0
28 21 0 0
28 21 1 0
28 21 2 0
28 21 3 0
28 21 4 0
28 22 0 0
28 22 1 0
28 22 2 0
28 22 3 0
28 22 4 0
28 23 0 0
28 23 1 0
28 23 2 0
28 23 3 0
28 23 4 0
28 24 0 3295
28 24 1 3295
28 24 2 0
28 24 3 0
28 24 4 0
28 25 0 3183
28 25 1 3183
28 25 2 0
28 25 3 0
28 25 4 0
28 26 0 3308
28 26 1 3308
28 26 2 3308
28 26 3 0
28 26 4 0
28 27 0 0
28 27 1 0
28 27 2 0
28 27 3 0
28 27 4 0
28 29 0 0
28 29 1 0
28 29 2 0
28 29 3 0
28 29 4 0
29 0 0 0
29 0 1 0
29 0 2 0
29 0 3 0
29 0 4 0
29 1 0 3863
29 1 1 3863
29 1 2 3863
29 1 3 0
29 1 4 0
29 2 0 0
29 2 1 0
29 2 2 0
29 2 3 0
29 2 4 0
29 3 0 3361
29 3 1 3361
29 3 2 3361
29 3 3 0
29 3 4 0
29 4 0 0
29 4 1 0
29 4 2 0
29 4 3 0
29 4 4 0
29 5 0 0
29 5 1 0
29 5 2 0
29 5 3 0
29 5 4 0
29 6 0 3740
29 6 1 3740
29 6 2 3740
29 6 3 0
29 6 4 0
29 7 0 3070
29 7 1 3070
29 7 2 0
29 7 3 0
29 7 4 0
29 8 0 3992
29 8 1 3992
29 8 2 3992
29 8 3 0
29 8 4 0
29 9 0 0
29 9 1 0
29 9 2 0
29 9 3 0
29 9 4 0
29 10 0 0
29 10 1 0
29 10 2 0
29 10 3 0
29 10 4 0
29 11 0 3985
29 11 1 3985
29 11 2 0
29 11 3 0
29 11 4 0
29 12 0 3102
29 12 1 3102
29 12 2 3102
29 12 3 0
29 12 4 0
29 13 0 0
29 13 1 0
29 13 2 0
29 13 3 0
29 13 4 0
29 14 0 0
29 14 1 0
29 14 2 0
29 14 3 0
29 14 4 0
29 15 0 0
29 15 1 0
29 15 2 0
29 15 3 0
29 15 4 0
29 16 0 0
29 16 1 0
29 16 2 0
29 16 3 0
29 16 4 0
29 17 0 3371
29 17 1 3371
29 17 2 3371
29 17 3 0
29 17 4 0
29 18 0 0
29 18 1 0
29 18 2 0
29 18 3 0
29 18 4 0
29 19 0 0
29 19 1 0
29 19 2 0
29 19 3 0
29 19 4 0
29 20 0 3805
29 20 1 3805
29 20 2 0
29 20 3 0
29 20 4 0
29 21 0 3179
29 21 1 3179
29 21 2 3179
29 21 3 0
29 21 4 0
29 22 0 0
29 22 1 0
29 22 2 0
29 22 3 0
29 22 4 0
29 23 0 3171
29 23 1 3171
29 23 2 0
29 23 3 0
29 23 4 0
29 24 0 0
29 24 1 0
29 24 2 0
29 24 3 0
29 24 4 0
29 25 0 0
29 25 1 0
29 25 2 0
29 25 3 0
29 25 4 0
29 26 0 0
29 26 1 0
29 26 2 0
29 26 3 0
29 26 4 0
29 27 0 3324
29 27 1 3324
29 27 2 3324
29 27 3 0
29 27 4 0
29 28 0 3220
29 28 1 3220
29 28 2 0
29 28 3 0
29 28 4 0

