20 4 24 337

   0  783  789  980  823  964  798  949  731  752  828  733  798  874  924  905  788  855  829  835 
 783    0  871  941  773  857  807  890  798  794  959  860  733  959  729  764  921  825  914  732 
 789  871    0  815  866  898  925  772  881  785  954  786  746  935  981  955  765  957  783  808 
 980  941  815    0  723  883  785  738  913  976  734  846  806  842  749  911  728  783  885  728 
 823  773  866  723    0  793  975  946  966  715  786  801  853  966  979  882  805  797  725  821 
 964  857  898  883  793    0  923  866  982  904  744  726  867  811  773  817  723  720  887  894 
 798  807  925  785  975  923    0  748  814  726  928  734  830  721  758  982  955  874  972  715 
 949  890  772  738  946  866  748    0  906  757  804  730  814  871  784  798  846  787  771  803 
 731  798  881  913  966  982  814  906    0  945  881  804  720  950  790  863  891  864  833  829 
 752  794  785  976  715  904  726  757  945    0  912  840  822  756  949  927  925  830  976  931 
 828  959  954  734  786  744  928  804  881  912    0  953  754  850  905  950  905  718  723  755 
 733  860  786  846  801  726  734  730  804  840  953    0  924  942  790  834  818  970  777  912 
 798  733  746  806  853  867  830  814  720  822  754  924    0  981  740  808  961  981  812  837 
 874  959  935  842  966  811  721  871  950  756  850  942  981    0  894  934  835  932  748  945 
 924  729  981  749  979  773  758  784  790  949  905  790  740  894    0  937  932  857  879  801 
 905  764  955  911  882  817  982  798  863  927  950  834  808  934  937    0  799  905  917  941 
 788  921  765  728  805  723  955  846  891  925  905  818  961  835  932  799    0  741  814  737 
 855  825  957  783  797  720  874  787  864  830  718  970  981  932  857  905  741    0  834  856 
 829  914  783  885  725  887  972  771  833  976  723  777  812  748  879  917  814  834    0  723 
 835  732  808  728  821  894  715  803  829  931  755  912  837  945  801  941  737  856  723    0 

   0  930  959 1192  694  728 1087  825 1196  947  901  989  948  665  723  727 1019  875  751  954 
 930    0  741  684  819  741  637  917  688  679  848 1036  942 1053  823  751  961  872  765 1043 
 959  741    0  653  853  752  972  954 1086  846  852 1155  929  657  618 1182  982  815 1200 1085 
1192  684  653    0  817 1075  998  959  785 1133 1085  723  933  805  731  976  895 1007  886 1079 
 694  819  853  817    0  912  746  783 1091 1116  936  668 1040  974  693  749  908  734 1157  761 
 728  741  752 1075  912    0  989  903  857  715  897  760 1017  970  928 1183 1135  901  976  835 
1087  637  972  998  746  989    0  983  661  617  614  942 1180 1093  911  641  757  734 1064  926 
 825  917  954  959  783  903  983    0  837  787  936  828  839  963  652 1062 1111 1043 1142 1014 
1196  688 1086  785 1091  857  661  837    0 1015  673 1030  652 1180  646 1108  688  815  706  884 
 947  679  846 1133 1116  715  617  787 1015    0  724 1047  768 1169  678 1128 1061  621 1063 1175 
 901  848  852 1085  936  897  614  936  673  724    0 1131 1146  702 1171  993 1084  893 1028 1071 
 989 1036 1155  723  668  760  942  828 1030 1047 1131    0  644 1125  991  687  693  844  797 1181 
 948  942  929  933 1040 1017 1180  839  652  768 1146  644    0  645 1069  640 1083  664  609  671 
 665 1053  657  805  974  970 1093  963 1180 1169  702 1125  645    0  810 1023  937 1024 1196  693 
 723  823  618  731  693  928  911  652  646  678 1171  991 1069  810    0  741  822  703  819  623 
 727  751 1182  976  749 1183  641 1062 1108 1128  993  687  640 1023  741    0  627  648  868  720 
1019  961  982  895  908 1135  757 1111  688 1061 1084  693 1083  937  822  627    0  708  916  991 
 875  872  815 1007  734  901  734 1043  815  621  893  844  664 1024  703  648  708    0  817 1023 
 751  765 1200  886 1157  976 1064 1142  706 1063 1028  797  609 1196  819  868  916  817    0  682 
 954 1043 1085 1079  761  835  926 1014  884 1175 1071 1181  671  693  623  720  991 1023  682    0 

0 229 739
1 322 941
2 695 1007
3 358 825
4 289 958
5 359 783
6 398 1054
7 617 951
8 330 710
9 582 1085
10 251 981
11 426 711
12 210 815
13 379 935
14 246 1073
15 371 707
16 629 806
17 366 895
18 675 775
19 630 986

0 18 1041 2700 3316 
0 5 10985 13103 2892 
0 13 7479 9520 2622 
0 4 4085 6715 2469 
0 10 9929 13289 3312 
0 14 11013 13102 1848 
0 17 11143 14048 3420 
0 6 1411 4117 1596 
0 8 14077 16600 2193 
0 6 10090 13448 3192 
0 7 1446 3863 3796 
0 13 12020 14261 3496 
0 10 1207 4666 1656 
0 11 14037 16034 1466 
0 13 7056 8691 1748 
0 8 10468 15084 2924 
0 16 320 3163 3152 
0 10 7904 11471 2484 
1 11 2467 4570 1720 
1 5 8382 11227 2571 
1 16 824 2957 3684 
1 17 3139 5162 3300 
1 10 3325 5563 3836 
1 2 292 3092 3484 
1 16 5900 9273 1842 
1 13 5211 7738 1918 
1 8 2225 4268 3192 
1 0 10995 14045 1566 
1 17 4226 7077 2475 
1 18 1604 4174 3656 
1 7 211 2411 3560 
1 11 1770 5561 1720 
1 15 12430 15231 2292 
1 15 1459 3922 2292 
1 13 5554 9313 1918 
1 5 5938 8042 1714 
1 5 11717 14325 2571 
1 16 3706 6002 3684 
1 5 7917 9917 1714 
1 13 12902 15102 1918 
1 16 10163 13007 1842 
2 17 12015 13702 3828 
2 16 1523 4174 1530 
2 15 11268 13951 2865 
2 5 4994 7859 1796 
2 19 3299 6510 3232 
2 0 5504 9013 2367 
2 5 5559 8183 2694 
2 16 7031 9515 1530 
2 13 6058 7700 3740 
2 17 7054 9197 3828 
2 16 13430 16778 3060 
2 17 10486 13583 3828 
2 17 7830 10046 1914 
2 5 13297 14966 2694 
2 8 8753 11457 1762 
2 5 3228 5153 3592 
2 19 3545 6420 2424 
2 9 2153 4614 1570 
2 19 7524 10345 3232 
2 15 1601 5501 3820 
2 1 13011 15789 2613 
2 12 3901 6762 2984 
2 10 5948 8120 3816 
2 11 2339 5769 3144 
3 0 5603 10311 2940 
3 17 1256 4428 2349 
3 6 2907 5910 1570 
3 4 1856 4021 2892 
3 4 1368 3598 2892 
3 16 7951 11128 1456 
3 19 7461 11205 2184 
3 10 893 3562 2936 
3 4 5751 8528 2169 
3 0 13739 16707 3920 
3 18 2016 3974 2655 
3 1 1391 2793 3764 
3 16 5151 7997 2912 
3 10 6577 9387 2936 
3 12 13030 16715 1612 
3 19 5563 9048 2184 
3 16 6205 9319 2912 
3 12 11537 15166 2418 
3 0 721 5059 3920 
4 12 8674 11014 3412 
4 0 10744 12777 1646 
4 8 10726 13802 3864 
4 19 3518 6318 3284 
4 16 709 4268 1610 
4 1 3316 5486 2319 
4 13 10776 13532 3864 
4 12 9150 13154 1706 
4 5 1435 3277 3172 
4 9 10353 12585 2860 
4 15 3614 5261 1764 
4 15 10389 12905 3528 
4 19 8646 11073 2463 
4 19 434 3310 3284 
4 16 3047 6560 1610 
5 13 1590 4005 1622 
5 14 13162 15101 1546 
5 13 8065 10325 2433 
5 4 10071 11986 3172 
5 3 12028 15414 1766 
5 14 9926 11828 3092 
5 15 10954 14905 2451 
5 18 11412 15140 1774 
5 14 725 4279 2319 
5 14 7873 10016 3092 
5 15 5056 7670 2451 
6 17 10713 13274 2622 
6 14 2223 4336 1516 
6 1 7863 9423 2421 
6 13 693 4529 2884 
6 3 1590 4544 1570 
6 8 5730 8069 3256 
6 2 10565 13792 1850 
6 8 2852 4848 2442 
6 1 3102 5395 3228 
6 0 3340 7459 3192 
6 4 5128 7686 3900 
6 10 10054 11564 2784 
6 13 6535 9245 2884 
6 5 11959 15756 1846 
6 18 5850 9818 1944 
6 17 3491 5171 2622 
6 7 664 4340 2244 
6 9 3026 4796 1452 
6 17 8291 10566 1748 
6 7 4146 6367 1496 
6 11 13026 15842 2202 
6 1 3580 5561 1614 
7 6 10867 13275 2992 
7 9 14140 17256 1514 
7 11 9955 12786 2920 
7 18 4230 7587 2313 
7 9 13563 15310 2271 
7 19 1214 3302 2409 
7 4 6816 8562 2838 
7 4 2742 5122 1892 
7 9 9063 11085 2271 
7 9 11713 14026 3028 
7 5 8067 11444 3464 
7 16 7169 9702 3384 
7 14 6278 7823 3136 
7 3 1725 5273 2214 
7 15 1920 4065 3192 
7 18 6091 9596 1542 
7 15 5695 8668 2394 
7 4 13890 15980 3784 
7 5 8699 10757 3464 
7 19 5040 7575 1606 
8 2 518 2994 2643 
8 2 13670 16634 2643 
8 18 8540 10855 3332 
8 2 12016 14481 1762 
8 13 7619 11100 2850 
8 4 13826 16248 2898 
8 9 3331 5624 3780 
8 9 706 3872 1890 
8 4 7573 9962 3864 
8 18 754 2716 1666 
8 7 11244 14106 2718 
8 17 13670 16196 3456 
8 12 12451 14817 2160 
8 19 12685 14550 2487 
8 14 7704 9829 3160 
8 4 3977 6453 1932 
8 13 2482 6907 2850 
8 15 11559 15403 2589 
9 19 196 4085 3724 
9 18 2605 6017 1952 
9 3 11521 14999 1952 
9 5 10546 12283 2712 
9 7 13073 15756 2271 
9 17 8453 10452 3320 
9 3 6863 11372 3904 
9 11 11067 14574 2520 
9 5 719 2149 3616 
10 16 10545 13927 1810 
10 8 14052 15418 1762 
10 1 9043 11841 3836 
10 13 1291 2842 2550 
10 4 3251 6527 3144 
10 11 13040 16964 1906 
10 17 11629 14888 1436 
10 3 2859 6971 2202 
10 2 2727 5691 3816 
10 15 10118 12471 1900 
10 7 1075 3826 3216 
10 19 3220 5651 1510 
10 9 2174 4729 3648 
10 12 10841 14863 3016 
10 1 13518 16757 1918 
10 11 5706 8544 2859 
10 9 9066 10890 1824 
11 2 8712 11345 1572 
11 19 505 4921 2736 
11 16 3980 6703 1636 
11 19 10565 13529 3648 
11 16 2980 4615 1636 
11 14 10827 14533 2370 
11 7 7539 10205 1460 
11 19 8163 11906 1824 
11 16 10925 13225 3272 
11 5 12380 15146 1452 
11 7 8235 11455 2920 
11 3 10181 11908 2538 
11 1 10781 13246 1720 
11 10 1603 6070 2859 
11 9 5235 8030 2520 
11 18 3444 5388 2331 
12 11 8629 10915 2772 
12 11 11558 13341 1848 
12 5 8422 11534 1734 
12 14 8747 11836 2220 
12 1 10109 13848 1466 
12 14 784 4097 2960 
12 5 5058 7956 3468 
12 1 5899 9214 2932 
12 1 8796 11490 2932 
12 6 11947 15475 2490 
12 1 2169 4109 1466 
12 14 12058 16002 1480 
12 0 5051 7259 1596 
12 10 14026 16604 3016 
12 15 6308 8535 2424 
12 19 12866 15402 3348 
12 8 2659 4725 1440 
12 0 2855 4779 3192 
12 13 2204 4390 2943 
12 1 2509 6192 1466 
12 8 10597 12135 2880 
12 7 13697 16910 2442 
13 11 12668 15458 3768 
13 15 6181 10119 2802 
13 11 8386 11221 2826 
13 10 2679 4574 1700 
13 17 10727 13256 2796 
13 10 5999 7838 1700 
13 6 6867 9391 1442 
13 15 10214 12607 3736 
13 9 244 3587 1512 
13 2 6710 8851 1870 
13 4 12769 14746 3864 
13 18 8291 11867 1496 
13 4 10505 12530 3864 
13 16 2240 5809 1670 
13 12 314 2765 1962 
13 5 11828 14805 2433 
13 14 2102 4248 3576 
13 5 6063 9593 2433 
13 12 7660 10169 3924 
13 12 3604 6067 2943 
13 11 12137 16220 2826 
13 2 4250 6030 2805 
13 11 12975 16226 2826 
14 9 2758 4914 1898 
14 10 1897 5468 2715 
14 8 4048 6063 2370 
14 8 12120 14251 1580 
14 6 11271 14222 2274 
14 4 12680 14156 1958 
14 10 1894 5137 1810 
14 19 9195 10995 2403 
14 8 12682 14187 2370 
14 16 1302 3504 2796 
14 9 7184 8831 1898 
14 5 3394 5881 1546 
14 11 10477 12558 1580 
14 16 3641 5408 1864 
14 3 5277 7316 2996 
14 2 8187 10016 1962 
15 2 13313 15972 3820 
15 8 4083 7739 3452 
15 4 12647 15575 3528 
15 19 3532 5447 1882 
15 5 11262 15627 2451 
15 17 2932 5381 1810 
15 19 14064 15547 3764 
15 8 403 3815 2589 
16 17 11283 13222 1482 
16 10 11478 15683 3620 
16 8 12384 14365 1782 
16 7 6562 8872 1692 
16 17 6986 8663 2964 
16 15 1274 3675 3196 
16 11 9047 11084 3272 
16 14 8576 11814 3728 
16 17 10125 11979 1482 
16 9 3094 7104 1850 
16 4 10303 13807 3220 
16 17 1653 3642 2223 
16 7 12578 15444 3384 
17 10 7448 10966 1436 
17 5 13903 17407 2880 
17 5 247 2679 1440 
17 7 11858 15206 3148 
17 9 1725 4028 1660 
17 5 582 3221 2880 
17 11 3959 6541 2910 
17 2 5502 7572 1914 
17 2 13626 16185 2871 
17 16 10796 12466 2964 
17 14 11965 14516 3428 
17 7 2569 6010 1574 
17 18 13124 15313 3336 
17 13 6348 9389 3728 
17 4 3233 5097 1594 
18 7 6338 10403 3084 
18 1 10011 11556 2742 
18 16 8476 11251 2442 
18 16 7116 9305 1628 
18 13 750 3309 1496 
18 11 7324 10336 1554 
18 12 11177 13375 3248 
18 9 3399 6428 2928 
18 8 5508 7583 1666 
18 9 1800 5616 1952 
18 9 1364 4467 1952 
18 10 2448 4771 1446 
18 8 5225 7145 2499 
18 12 5931 7471 2436 
19 18 10752 13002 1446 
19 9 10102 14390 1862 
19 6 12373 15549 2860 
19 6 12009 13888 2145 
19 15 12679 14810 1882 
19 13 8805 11348 1890 
19 1 3914 7773 1464 
19 1 795 3329 1464 
19 13 4044 6337 2835 
19 16 5171 7301 2948 
19 1 5449 8035 1464 
19 4 2150 4486 1642 
19 0 10867 14053 3340 
19 7 2885 4953 1606 

0 1 0 3135
0 1 1 3135
0 1 2 3135
0 1 3 0
0 1 4 0
0 2 0 0
0 2 1 0
0 2 2 0
0 2 3 0
0 2 4 0
0 3 0 0
0 3 1 0
0 3 2 0
0 3 3 0
0 3 4 0
0 4 0 0
0 4 1 0
0 4 2 0
0 4 3 0
0 4 4 0
0 5 0 0
0 5 1 0
0 5 2 0
0 5 3 0
0 5 4 0
0 6 0 0
0 6 1 0
0 6 2 0
0 6 3 0
0 6 4 0
0 7 0 0
0 7 1 0
0 7 2 0
0 7 3 0
0 7 4 0
0 8 0 0
0 8 1 0
0 8 2 0
0 8 3 0
0 8 4 0
0 9 0 0
0 9 1 0
0 9 2 0
0 9 3 0
0 9 4 0
0 10 0 0
0 10 1 0
0 10 2 0
0 10 3 0
0 10 4 0
0 11 0 0
0 11 1 0
0 11 2 0
0 11 3 0
0 11 4 0
0 12 0 0
0 12 1 0
0 12 2 0
0 12 3 0
0 12 4 0
0 13 0 3766
0 13 1 3766
0 13 2 3766
0 13 3 0
0 13 4 0
0 14 0 0
0 14 1 0
0 14 2 0
0 14 3 0
0 14 4 0
0 15 0 0
0 15 1 0
0 15 2 0
0 15 3 0
0 15 4 0
0 16 0 0
0 16 1 0
0 16 2 0
0 16 3 0
0 16 4 0
0 17 0 0
0 17 1 0
0 17 2 0
0 17 3 0
0 17 4 0
0 18 0 3917
0 18 1 3917
0 18 2 0
0 18 3 0
0 18 4 0
0 19 0 0
0 19 1 0
0 19 2 0
0 19 3 0
0 19 4 0
1 0 0 3135
1 0 1 3135
1 0 2 3135
1 0 3 0
1 0 4 0
1 2 0 3496
1 2 1 3496
1 2 2 3496
1 2 3 0
1 2 4 0
1 3 0 0
1 3 1 0
1 3 2 0
1 3 3 0
1 3 4 0
1 4 0 0
1 4 1 0
1 4 2 0
1 4 3 0
1 4 4 0
1 5 0 0
1 5 1 0
1 5 2 0
1 5 3 0
1 5 4 0
1 6 0 0
1 6 1 0
1 6 2 0
1 6 3 0
1 6 4 0
1 7 0 0
1 7 1 0
1 7 2 0
1 7 3 0
1 7 4 0
1 8 0 0
1 8 1 0
1 8 2 0
1 8 3 0
1 8 4 0
1 9 0 3548
1 9 1 3548
1 9 2 3548
1 9 3 0
1 9 4 0
1 10 0 3797
1 10 1 3797
1 10 2 3797
1 10 3 0
1 10 4 0
1 11 0 0
1 11 1 0
1 11 2 0
1 11 3 0
1 11 4 0
1 12 0 3353
1 12 1 3353
1 12 2 0
1 12 3 0
1 12 4 0
1 13 0 0
1 13 1 0
1 13 2 0
1 13 3 0
1 13 4 0
1 14 0 0
1 14 1 0
1 14 2 0
1 14 3 0
1 14 4 0
1 15 0 3599
1 15 1 3599
1 15 2 3599
1 15 3 0
1 15 4 0
1 16 0 0
1 16 1 0
1 16 2 0
1 16 3 0
1 16 4 0
1 17 0 0
1 17 1 0
1 17 2 0
1 17 3 0
1 17 4 0
1 18 0 3444
1 18 1 3444
1 18 2 0
1 18 3 0
1 18 4 0
1 19 0 0
1 19 1 0
1 19 2 0
1 19 3 0
1 19 4 0
2 0 0 0
2 0 1 0
2 0 2 0
2 0 3 0
2 0 4 0
2 1 0 3496
2 1 1 3496
2 1 2 3496
2 1 3 0
2 1 4 0
2 3 0 0
2 3 1 0
2 3 2 0
2 3 3 0
2 3 4 0
2 4 0 3329
2 4 1 3329
2 4 2 0
2 4 3 0
2 4 4 0
2 5 0 0
2 5 1 0
2 5 2 0
2 5 3 0
2 5 4 0
2 6 0 0
2 6 1 0
2 6 2 0
2 6 3 0
2 6 4 0
2 7 0 0
2 7 1 0
2 7 2 0
2 7 3 0
2 7 4 0
2 8 0 3127
2 8 1 3127
2 8 2 3127
2 8 3 0
2 8 4 0
2 9 0 3331
2 9 1 3331
2 9 2 3331
2 9 3 0
2 9 4 0
2 10 0 0
2 10 1 0
2 10 2 0
2 10 3 0
2 10 4 0
2 11 0 3138
2 11 1 3138
2 11 2 3138
2 11 3 0
2 11 4 0
2 12 0 0
2 12 1 0
2 12 2 0
2 12 3 0
2 12 4 0
2 13 0 0
2 13 1 0
2 13 2 0
2 13 3 0
2 13 4 0
2 14 0 3004
2 14 1 3004
2 14 2 3004
2 14 3 0
2 14 4 0
2 15 0 3170
2 15 1 3170
2 15 2 0
2 15 3 0
2 15 4 0
2 16 0 3831
2 16 1 3831
2 16 2 3831
2 16 3 0
2 16 4 0
2 17 0 3718
2 17 1 3718
2 17 2 3718
2 17 3 0
2 17 4 0
2 18 0 0
2 18 1 0
2 18 2 0
2 18 3 0
2 18 4 0
2 19 0 3379
2 19 1 3379
2 19 2 3379
2 19 3 0
2 19 4 0
3 0 0 0
3 0 1 0
3 0 2 0
3 0 3 0
3 0 4 0
3 1 0 0
3 1 1 0
3 1 2 0
3 1 3 0
3 1 4 0
3 2 0 0
3 2 1 0
3 2 2 0
3 2 3 0
3 2 4 0
3 4 0 0
3 4 1 0
3 4 2 0
3 4 3 0
3 4 4 0
3 5 0 0
3 5 1 0
3 5 2 0
3 5 3 0
3 5 4 0
3 6 0 3194
3 6 1 3194
3 6 2 0
3 6 3 0
3 6 4 0
3 7 0 3670
3 7 1 3670
3 7 2 3670
3 7 3 0
3 7 4 0
3 8 0 3584
3 8 1 3584
3 8 2 3584
3 8 3 0
3 8 4 0
3 9 0 3664
3 9 1 3664
3 9 2 0
3 9 3 0
3 9 4 0
3 10 0 0
3 10 1 0
3 10 2 0
3 10 3 0
3 10 4 0
3 11 0 3469
3 11 1 3469
3 11 2 3469
3 11 3 0
3 11 4 0
3 12 0 0
3 12 1 0
3 12 2 0
3 12 3 0
3 12 4 0
3 13 0 0
3 13 1 0
3 13 2 0
3 13 3 0
3 13 4 0
3 14 0 0
3 14 1 0
3 14 2 0
3 14 3 0
3 14 4 0
3 15 0 0
3 15 1 0
3 15 2 0
3 15 3 0
3 15 4 0
3 16 0 3137
3 16 1 3137
3 16 2 0
3 16 3 0
3 16 4 0
3 17 0 0
3 17 1 0
3 17 2 0
3 17 3 0
3 17 4 0
3 18 0 0
3 18 1 0
3 18 2 0
3 18 3 0
3 18 4 0
3 19 0 0
3 19 1 0
3 19 2 0
3 19 3 0
3 19 4 0
4 0 0 0
4 0 1 0
4 0 2 0
4 0 3 0
4 0 4 0
4 1 0 0
4 1 1 0
4 1 2 0
4 1 3 0
4 1 4 0
4 2 0 3329
4 2 1 3329
4 2 2 0
4 2 3 0
4 2 4 0
4 3 0 0
4 3 1 0
4 3 2 0
4 3 3 0
4 3 4 0
4 5 0 0
4 5 1 0
4 5 2 0
4 5 3 0
4 5 4 0
4 6 0 0
4 6 1 0
4 6 2 0
4 6 3 0
4 6 4 0
4 7 0 0
4 7 1 0
4 7 2 0
4 7 3 0
4 7 4 0
4 8 0 3296
4 8 1 3296
4 8 2 3296
4 8 3 0
4 8 4 0
4 9 0 3799
4 9 1 3799
4 9 2 0
4 9 3 0
4 9 4 0
4 10 0 0
4 10 1 0
4 10 2 0
4 10 3 0
4 10 4 0
4 11 0 3046
4 11 1 3046
4 11 2 0
4 11 3 0
4 11 4 0
4 12 0 3025
4 12 1 3025
4 12 2 0
4 12 3 0
4 12 4 0
4 13 0 3176
4 13 1 3176
4 13 2 3176
4 13 3 0
4 13 4 0
4 14 0 0
4 14 1 0
4 14 2 0
4 14 3 0
4 14 4 0
4 15 0 0
4 15 1 0
4 15 2 0
4 15 3 0
4 15 4 0
4 16 0 3776
4 16 1 3776
4 16 2 0
4 16 3 0
4 16 4 0
4 17 0 3769
4 17 1 3769
4 17 2 0
4 17 3 0
4 17 4 0
4 18 0 0
4 18 1 0
4 18 2 0
4 18 3 0
4 18 4 0
4 19 0 3356
4 19 1 3356
4 19 2 0
4 19 3 0
4 19 4 0
5 0 0 0
5 0 1 0
5 0 2 0
5 0 3 0
5 0 4 0
5 1 0 0
5 1 1 0
5 1 2 0
5 1 3 0
5 1 4 0
5 2 0 0
5 2 1 0
5 2 2 0
5 2 3 0
5 2 4 0
5 3 0 0
5 3 1 0
5 3 2 0
5 3 3 0
5 3 4 0
5 4 0 0
5 4 1 0
5 4 2 0
5 4 3 0
5 4 4 0
5 6 0 0
5 6 1 0
5 6 2 0
5 6 3 0
5 6 4 0
5 7 0 3951
5 7 1 3951
5 7 2 3951
5 7 3 0
5 7 4 0
5 8 0 0
5 8 1 0
5 8 2 0
5 8 3 0
5 8 4 0
5 9 0 0
5 9 1 0
5 9 2 0
5 9 3 0
5 9 4 0
5 10 0 0
5 10 1 0
5 10 2 0
5 10 3 0
5 10 4 0
5 11 0 3947
5 11 1 3947
5 11 2 0
5 11 3 0
5 11 4 0
5 12 0 0
5 12 1 0
5 12 2 0
5 12 3 0
5 12 4 0
5 13 0 0
5 13 1 0
5 13 2 0
5 13 3 0
5 13 4 0
5 14 0 3208
5 14 1 3208
5 14 2 3208
5 14 3 0
5 14 4 0
5 15 0 0
5 15 1 0
5 15 2 0
5 15 3 0
5 15 4 0
5 16 0 0
5 16 1 0
5 16 2 0
5 16 3 0
5 16 4 0
5 17 0 0
5 17 1 0
5 17 2 0
5 17 3 0
5 17 4 0
5 18 0 0
5 18 1 0
5 18 2 0
5 18 3 0
5 18 4 0
5 19 0 3046
5 19 1 3046
5 19 2 0
5 19 3 0
5 19 4 0
6 0 0 0
6 0 1 0
6 0 2 0
6 0 3 0
6 0 4 0
6 1 0 0
6 1 1 0
6 1 2 0
6 1 3 0
6 1 4 0
6 2 0 0
6 2 1 0
6 2 2 0
6 2 3 0
6 2 4 0
6 3 0 3194
6 3 1 3194
6 3 2 0
6 3 3 0
6 3 4 0
6 4 0 0
6 4 1 0
6 4 2 0
6 4 3 0
6 4 4 0
6 5 0 0
6 5 1 0
6 5 2 0
6 5 3 0
6 5 4 0
6 7 0 3005
6 7 1 3005
6 7 2 0
6 7 3 0
6 7 4 0
6 8 0 0
6 8 1 0
6 8 2 0
6 8 3 0
6 8 4 0
6 9 0 0
6 9 1 0
6 9 2 0
6 9 3 0
6 9 4 0
6 10 0 0
6 10 1 0
6 10 2 0
6 10 3 0
6 10 4 0
6 11 0 0
6 11 1 0
6 11 2 0
6 11 3 0
6 11 4 0
6 12 0 0
6 12 1 0
6 12 2 0
6 12 3 0
6 12 4 0
6 13 0 0
6 13 1 0
6 13 2 0
6 13 3 0
6 13 4 0
6 14 0 0
6 14 1 0
6 14 2 0
6 14 3 0
6 14 4 0
6 15 0 0
6 15 1 0
6 15 2 0
6 15 3 0
6 15 4 0
6 16 0 3823
6 16 1 3823
6 16 2 0
6 16 3 0
6 16 4 0
6 17 0 0
6 17 1 0
6 17 2 0
6 17 3 0
6 17 4 0
6 18 0 0
6 18 1 0
6 18 2 0
6 18 3 0
6 18 4 0
6 19 0 0
6 19 1 0
6 19 2 0
6 19 3 0
6 19 4 0
7 0 0 0
7 0 1 0
7 0 2 0
7 0 3 0
7 0 4 0
7 1 0 0
7 1 1 0
7 1 2 0
7 1 3 0
7 1 4 0
7 2 0 0
7 2 1 0
7 2 2 0
7 2 3 0
7 2 4 0
7 3 0 3670
7 3 1 3670
7 3 2 3670
7 3 3 0
7 3 4 0
7 4 0 0
7 4 1 0
7 4 2 0
7 4 3 0
7 4 4 0
7 5 0 3951
7 5 1 3951
7 5 2 3951
7 5 3 0
7 5 4 0
7 6 0 3005
7 6 1 3005
7 6 2 0
7 6 3 0
7 6 4 0
7 8 0 0
7 8 1 0
7 8 2 0
7 8 3 0
7 8 4 0
7 9 0 0
7 9 1 0
7 9 2 0
7 9 3 0
7 9 4 0
7 10 0 0
7 10 1 0
7 10 2 0
7 10 3 0
7 10 4 0
7 11 0 3564
7 11 1 3564
7 11 2 0
7 11 3 0
7 11 4 0
7 12 0 3302
7 12 1 3302
7 12 2 0
7 12 3 0
7 12 4 0
7 13 0 0
7 13 1 0
7 13 2 0
7 13 3 0
7 13 4 0
7 14 0 0
7 14 1 0
7 14 2 0
7 14 3 0
7 14 4 0
7 15 0 0
7 15 1 0
7 15 2 0
7 15 3 0
7 15 4 0
7 16 0 0
7 16 1 0
7 16 2 0
7 16 3 0
7 16 4 0
7 17 0 0
7 17 1 0
7 17 2 0
7 17 3 0
7 17 4 0
7 18 0 3375
7 18 1 3375
7 18 2 0
7 18 3 0
7 18 4 0
7 19 0 0
7 19 1 0
7 19 2 0
7 19 3 0
7 19 4 0
8 0 0 0
8 0 1 0
8 0 2 0
8 0 3 0
8 0 4 0
8 1 0 0
8 1 1 0
8 1 2 0
8 1 3 0
8 1 4 0
8 2 0 3127
8 2 1 3127
8 2 2 3127
8 2 3 0
8 2 4 0
8 3 0 3584
8 3 1 3584
8 3 2 3584
8 3 3 0
8 3 4 0
8 4 0 3296
8 4 1 3296
8 4 2 3296
8 4 3 0
8 4 4 0
8 5 0 0
8 5 1 0
8 5 2 0
8 5 3 0
8 5 4 0
8 6 0 0
8 6 1 0
8 6 2 0
8 6 3 0
8 6 4 0
8 7 0 0
8 7 1 0
8 7 2 0
8 7 3 0
8 7 4 0
8 9 0 0
8 9 1 0
8 9 2 0
8 9 3 0
8 9 4 0
8 10 0 3459
8 10 1 3459
8 10 2 0
8 10 3 0
8 10 4 0
8 11 0 0
8 11 1 0
8 11 2 0
8 11 3 0
8 11 4 0
8 12 0 3517
8 12 1 3517
8 12 2 3517
8 12 3 0
8 12 4 0
8 13 0 0
8 13 1 0
8 13 2 0
8 13 3 0
8 13 4 0
8 14 0 3972
8 14 1 3972
8 14 2 0
8 14 3 0
8 14 4 0
8 15 0 3816
8 15 1 3816
8 15 2 3816
8 15 3 0
8 15 4 0
8 16 0 3164
8 16 1 3164
8 16 2 3164
8 16 3 0
8 16 4 0
8 17 0 0
8 17 1 0
8 17 2 0
8 17 3 0
8 17 4 0
8 18 0 0
8 18 1 0
8 18 2 0
8 18 3 0
8 18 4 0
8 19 0 0
8 19 1 0
8 19 2 0
8 19 3 0
8 19 4 0
9 0 0 0
9 0 1 0
9 0 2 0
9 0 3 0
9 0 4 0
9 1 0 3548
9 1 1 3548
9 1 2 3548
9 1 3 0
9 1 4 0
9 2 0 3331
9 2 1 3331
9 2 2 3331
9 2 3 0
9 2 4 0
9 3 0 3664
9 3 1 3664
9 3 2 0
9 3 3 0
9 3 4 0
9 4 0 3799
9 4 1 3799
9 4 2 0
9 4 3 0
9 4 4 0
9 5 0 0
9 5 1 0
9 5 2 0
9 5 3 0
9 5 4 0
9 6 0 0
9 6 1 0
9 6 2 0
9 6 3 0
9 6 4 0
9 7 0 0
9 7 1 0
9 7 2 0
9 7 3 0
9 7 4 0
9 8 0 0
9 8 1 0
9 8 2 0
9 8 3 0
9 8 4 0
9 10 0 3974
9 10 1 3974
9 10 2 0
9 10 3 0
9 10 4 0
9 11 0 3818
9 11 1 3818
9 11 2 0
9 11 3 0
9 11 4 0
9 12 0 3256
9 12 1 3256
9 12 2 0
9 12 3 0
9 12 4 0
9 13 0 3427
9 13 1 3427
9 13 2 0
9 13 3 0
9 13 4 0
9 14 0 0
9 14 1 0
9 14 2 0
9 14 3 0
9 14 4 0
9 15 0 0
9 15 1 0
9 15 2 0
9 15 3 0
9 15 4 0
9 16 0 0
9 16 1 0
9 16 2 0
9 16 3 0
9 16 4 0
9 17 0 0
9 17 1 0
9 17 2 0
9 17 3 0
9 17 4 0
9 18 0 3651
9 18 1 3651
9 18 2 3651
9 18 3 0
9 18 4 0
9 19 0 0
9 19 1 0
9 19 2 0
9 19 3 0
9 19 4 0
10 0 0 0
10 0 1 0
10 0 2 0
10 0 3 0
10 0 4 0
10 1 0 3797
10 1 1 3797
10 1 2 3797
10 1 3 0
10 1 4 0
10 2 0 0
10 2 1 0
10 2 2 0
10 2 3 0
10 2 4 0
10 3 0 0
10 3 1 0
10 3 2 0
10 3 3 0
10 3 4 0
10 4 0 0
10 4 1 0
10 4 2 0
10 4 3 0
10 4 4 0
10 5 0 0
10 5 1 0
10 5 2 0
10 5 3 0
10 5 4 0
10 6 0 0
10 6 1 0
10 6 2 0
10 6 3 0
10 6 4 0
10 7 0 0
10 7 1 0
10 7 2 0
10 7 3 0
10 7 4 0
10 8 0 3459
10 8 1 3459
10 8 2 0
10 8 3 0
10 8 4 0
10 9 0 3974
10 9 1 3974
10 9 2 0
10 9 3 0
10 9 4 0
10 11 0 3281
10 11 1 3281
10 11 2 0
10 11 3 0
10 11 4 0
10 12 0 3651
10 12 1 3651
10 12 2 3651
10 12 3 0
10 12 4 0
10 13 0 3892
10 13 1 3892
10 13 2 0
10 13 3 0
10 13 4 0
10 14 0 3062
10 14 1 3062
10 14 2 3062
10 14 3 0
10 14 4 0
10 15 0 3708
10 15 1 3708
10 15 2 0
10 15 3 0
10 15 4 0
10 16 0 0
10 16 1 0
10 16 2 0
10 16 3 0
10 16 4 0
10 17 0 3834
10 17 1 3834
10 17 2 0
10 17 3 0
10 17 4 0
10 18 0 0
10 18 1 0
10 18 2 0
10 18 3 0
10 18 4 0
10 19 0 0
10 19 1 0
10 19 2 0
10 19 3 0
10 19 4 0
11 0 0 0
11 0 1 0
11 0 2 0
11 0 3 0
11 0 4 0
11 1 0 0
11 1 1 0
11 1 2 0
11 1 3 0
11 1 4 0
11 2 0 3138
11 2 1 3138
11 2 2 3138
11 2 3 0
11 2 4 0
11 3 0 3469
11 3 1 3469
11 3 2 3469
11 3 3 0
11 3 4 0
11 4 0 3046
11 4 1 3046
11 4 2 0
11 4 3 0
11 4 4 0
11 5 0 3947
11 5 1 3947
11 5 2 0
11 5 3 0
11 5 4 0
11 6 0 0
11 6 1 0
11 6 2 0
11 6 3 0
11 6 4 0
11 7 0 3564
11 7 1 3564
11 7 2 0
11 7 3 0
11 7 4 0
11 8 0 0
11 8 1 0
11 8 2 0
11 8 3 0
11 8 4 0
11 9 0 3818
11 9 1 3818
11 9 2 0
11 9 3 0
11 9 4 0
11 10 0 3281
11 10 1 3281
11 10 2 0
11 10 3 0
11 10 4 0
11 12 0 0
11 12 1 0
11 12 2 0
11 12 3 0
11 12 4 0
11 13 0 0
11 13 1 0
11 13 2 0
11 13 3 0
11 13 4 0
11 14 0 3080
11 14 1 3080
11 14 2 0
11 14 3 0
11 14 4 0
11 15 0 0
11 15 1 0
11 15 2 0
11 15 3 0
11 15 4 0
11 16 0 0
11 16 1 0
11 16 2 0
11 16 3 0
11 16 4 0
11 17 0 0
11 17 1 0
11 17 2 0
11 17 3 0
11 17 4 0
11 18 0 3325
11 18 1 3325
11 18 2 0
11 18 3 0
11 18 4 0
11 19 0 0
11 19 1 0
11 19 2 0
11 19 3 0
11 19 4 0
12 0 0 0
12 0 1 0
12 0 2 0
12 0 3 0
12 0 4 0
12 1 0 3353
12 1 1 3353
12 1 2 0
12 1 3 0
12 1 4 0
12 2 0 0
12 2 1 0
12 2 2 0
12 2 3 0
12 2 4 0
12 3 0 0
12 3 1 0
12 3 2 0
12 3 3 0
12 3 4 0
12 4 0 3025
12 4 1 3025
12 4 2 0
12 4 3 0
12 4 4 0
12 5 0 0
12 5 1 0
12 5 2 0
12 5 3 0
12 5 4 0
12 6 0 0
12 6 1 0
12 6 2 0
12 6 3 0
12 6 4 0
12 7 0 3302
12 7 1 3302
12 7 2 0
12 7 3 0
12 7 4 0
12 8 0 3517
12 8 1 3517
12 8 2 3517
12 8 3 0
12 8 4 0
12 9 0 3256
12 9 1 3256
12 9 2 0
12 9 3 0
12 9 4 0
12 10 0 3651
12 10 1 3651
12 10 2 3651
12 10 3 0
12 10 4 0
12 11 0 0
12 11 1 0
12 11 2 0
12 11 3 0
12 11 4 0
12 13 0 0
12 13 1 0
12 13 2 0
12 13 3 0
12 13 4 0
12 14 0 0
12 14 1 0
12 14 2 0
12 14 3 0
12 14 4 0
12 15 0 3215
12 15 1 3215
12 15 2 0
12 15 3 0
12 15 4 0
12 16 0 0
12 16 1 0
12 16 2 0
12 16 3 0
12 16 4 0
12 17 0 0
12 17 1 0
12 17 2 0
12 17 3 0
12 17 4 0
12 18 0 0
12 18 1 0
12 18 2 0
12 18 3 0
12 18 4 0
12 19 0 3837
12 19 1 3837
12 19 2 3837
12 19 3 0
12 19 4 0
13 0 0 3766
13 0 1 3766
13 0 2 3766
13 0 3 0
13 0 4 0
13 1 0 0
13 1 1 0
13 1 2 0
13 1 3 0
13 1 4 0
13 2 0 0
13 2 1 0
13 2 2 0
13 2 3 0
13 2 4 0
13 3 0 0
13 3 1 0
13 3 2 0
13 3 3 0
13 3 4 0
13 4 0 3176
13 4 1 3176
13 4 2 3176
13 4 3 0
13 4 4 0
13 5 0 0
13 5 1 0
13 5 2 0
13 5 3 0
13 5 4 0
13 6 0 0
13 6 1 0
13 6 2 0
13 6 3 0
13 6 4 0
13 7 0 0
13 7 1 0
13 7 2 0
13 7 3 0
13 7 4 0
13 8 0 0
13 8 1 0
13 8 2 0
13 8 3 0
13 8 4 0
13 9 0 3427
13 9 1 3427
13 9 2 0
13 9 3 0
13 9 4 0
13 10 0 3892
13 10 1 3892
13 10 2 0
13 10 3 0
13 10 4 0
13 11 0 0
13 11 1 0
13 11 2 0
13 11 3 0
13 11 4 0
13 12 0 0
13 12 1 0
13 12 2 0
13 12 3 0
13 12 4 0
13 14 0 0
13 14 1 0
13 14 2 0
13 14 3 0
13 14 4 0
13 15 0 0
13 15 1 0
13 15 2 0
13 15 3 0
13 15 4 0
13 16 0 0
13 16 1 0
13 16 2 0
13 16 3 0
13 16 4 0
13 17 0 0
13 17 1 0
13 17 2 0
13 17 3 0
13 17 4 0
13 18 0 0
13 18 1 0
13 18 2 0
13 18 3 0
13 18 4 0
13 19 0 3313
13 19 1 3313
13 19 2 0
13 19 3 0
13 19 4 0
14 0 0 0
14 0 1 0
14 0 2 0
14 0 3 0
14 0 4 0
14 1 0 0
14 1 1 0
14 1 2 0
14 1 3 0
14 1 4 0
14 2 0 3004
14 2 1 3004
14 2 2 3004
14 2 3 0
14 2 4 0
14 3 0 0
14 3 1 0
14 3 2 0
14 3 3 0
14 3 4 0
14 4 0 0
14 4 1 0
14 4 2 0
14 4 3 0
14 4 4 0
14 5 0 3208
14 5 1 3208
14 5 2 3208
14 5 3 0
14 5 4 0
14 6 0 0
14 6 1 0
14 6 2 0
14 6 3 0
14 6 4 0
14 7 0 0
14 7 1 0
14 7 2 0
14 7 3 0
14 7 4 0
14 8 0 3972
14 8 1 3972
14 8 2 0
14 8 3 0
14 8 4 0
14 9 0 0
14 9 1 0
14 9 2 0
14 9 3 0
14 9 4 0
14 10 0 3062
14 10 1 3062
14 10 2 3062
14 10 3 0
14 10 4 0
14 11 0 3080
14 11 1 3080
14 11 2 0
14 11 3 0
14 11 4 0
14 12 0 0
14 12 1 0
14 12 2 0
14 12 3 0
14 12 4 0
14 13 0 0
14 13 1 0
14 13 2 0
14 13 3 0
14 13 4 0
14 15 0 0
14 15 1 0
14 15 2 0
14 15 3 0
14 15 4 0
14 16 0 0
14 16 1 0
14 16 2 0
14 16 3 0
14 16 4 0
14 17 0 0
14 17 1 0
14 17 2 0
14 17 3 0
14 17 4 0
14 18 0 0
14 18 1 0
14 18 2 0
14 18 3 0
14 18 4 0
14 19 0 3824
14 19 1 3824
14 19 2 0
14 19 3 0
14 19 4 0
15 0 0 0
15 0 1 0
15 0 2 0
15 0 3 0
15 0 4 0
15 1 0 3599
15 1 1 3599
15 1 2 3599
15 1 3 0
15 1 4 0
15 2 0 3170
15 2 1 3170
15 2 2 0
15 2 3 0
15 2 4 0
15 3 0 0
15 3 1 0
15 3 2 0
15 3 3 0
15 3 4 0
15 4 0 0
15 4 1 0
15 4 2 0
15 4 3 0
15 4 4 0
15 5 0 0
15 5 1 0
15 5 2 0
15 5 3 0
15 5 4 0
15 6 0 0
15 6 1 0
15 6 2 0
15 6 3 0
15 6 4 0
15 7 0 0
15 7 1 0
15 7 2 0
15 7 3 0
15 7 4 0
15 8 0 3816
15 8 1 3816
15 8 2 3816
15 8 3 0
15 8 4 0
15 9 0 0
15 9 1 0
15 9 2 0
15 9 3 0
15 9 4 0
15 10 0 3708
15 10 1 3708
15 10 2 0
15 10 3 0
15 10 4 0
15 11 0 0
15 11 1 0
15 11 2 0
15 11 3 0
15 11 4 0
15 12 0 3215
15 12 1 3215
15 12 2 0
15 12 3 0
15 12 4 0
15 13 0 0
15 13 1 0
15 13 2 0
15 13 3 0
15 13 4 0
15 14 0 0
15 14 1 0
15 14 2 0
15 14 3 0
15 14 4 0
15 16 0 3484
15 16 1 3484
15 16 2 0
15 16 3 0
15 16 4 0
15 17 0 0
15 17 1 0
15 17 2 0
15 17 3 0
15 17 4 0
15 18 0 3753
15 18 1 3753
15 18 2 3753
15 18 3 0
15 18 4 0
15 19 0 3268
15 19 1 3268
15 19 2 0
15 19 3 0
15 19 4 0
16 0 0 0
16 0 1 0
16 0 2 0
16 0 3 0
16 0 4 0
16 1 0 0
16 1 1 0
16 1 2 0
16 1 3 0
16 1 4 0
16 2 0 3831
16 2 1 3831
16 2 2 3831
16 2 3 0
16 2 4 0
16 3 0 3137
16 3 1 3137
16 3 2 0
16 3 3 0
16 3 4 0
16 4 0 3776
16 4 1 3776
16 4 2 0
16 4 3 0
16 4 4 0
16 5 0 0
16 5 1 0
16 5 2 0
16 5 3 0
16 5 4 0
16 6 0 3823
16 6 1 3823
16 6 2 0
16 6 3 0
16 6 4 0
16 7 0 0
16 7 1 0
16 7 2 0
16 7 3 0
16 7 4 0
16 8 0 3164
16 8 1 3164
16 8 2 3164
16 8 3 0
16 8 4 0
16 9 0 0
16 9 1 0
16 9 2 0
16 9 3 0
16 9 4 0
16 10 0 0
16 10 1 0
16 10 2 0
16 10 3 0
16 10 4 0
16 11 0 0
16 11 1 0
16 11 2 0
16 11 3 0
16 11 4 0
16 12 0 0
16 12 1 0
16 12 2 0
16 12 3 0
16 12 4 0
16 13 0 0
16 13 1 0
16 13 2 0
16 13 3 0
16 13 4 0
16 14 0 0
16 14 1 0
16 14 2 0
16 14 3 0
16 14 4 0
16 15 0 3484
16 15 1 3484
16 15 2 0
16 15 3 0
16 15 4 0
16 17 0 3479
16 17 1 3479
16 17 2 3479
16 17 3 0
16 17 4 0
16 18 0 3530
16 18 1 3530
16 18 2 3530
16 18 3 0
16 18 4 0
16 19 0 0
16 19 1 0
16 19 2 0
16 19 3 0
16 19 4 0
17 0 0 0
17 0 1 0
17 0 2 0
17 0 3 0
17 0 4 0
17 1 0 0
17 1 1 0
17 1 2 0
17 1 3 0
17 1 4 0
17 2 0 3718
17 2 1 3718
17 2 2 3718
17 2 3 0
17 2 4 0
17 3 0 0
17 3 1 0
17 3 2 0
17 3 3 0
17 3 4 0
17 4 0 3769
17 4 1 3769
17 4 2 0
17 4 3 0
17 4 4 0
17 5 0 0
17 5 1 0
17 5 2 0
17 5 3 0
17 5 4 0
17 6 0 0
17 6 1 0
17 6 2 0
17 6 3 0
17 6 4 0
17 7 0 0
17 7 1 0
17 7 2 0
17 7 3 0
17 7 4 0
17 8 0 0
17 8 1 0
17 8 2 0
17 8 3 0
17 8 4 0
17 9 0 0
17 9 1 0
17 9 2 0
17 9 3 0
17 9 4 0
17 10 0 3834
17 10 1 3834
17 10 2 0
17 10 3 0
17 10 4 0
17 11 0 0
17 11 1 0
17 11 2 0
17 11 3 0
17 11 4 0
17 12 0 0
17 12 1 0
17 12 2 0
17 12 3 0
17 12 4 0
17 13 0 0
17 13 1 0
17 13 2 0
17 13 3 0
17 13 4 0
17 14 0 0
17 14 1 0
17 14 2 0
17 14 3 0
17 14 4 0
17 15 0 0
17 15 1 0
17 15 2 0
17 15 3 0
17 15 4 0
17 16 0 3479
17 16 1 3479
17 16 2 3479
17 16 3 0
17 16 4 0
17 18 0 3117
17 18 1 3117
17 18 2 3117
17 18 3 0
17 18 4 0
17 19 0 3083
17 19 1 3083
17 19 2 0
17 19 3 0
17 19 4 0
18 0 0 3917
18 0 1 3917
18 0 2 0
18 0 3 0
18 0 4 0
18 1 0 3444
18 1 1 3444
18 1 2 0
18 1 3 0
18 1 4 0
18 2 0 0
18 2 1 0
18 2 2 0
18 2 3 0
18 2 4 0
18 3 0 0
18 3 1 0
18 3 2 0
18 3 3 0
18 3 4 0
18 4 0 0
18 4 1 0
18 4 2 0
18 4 3 0
18 4 4 0
18 5 0 0
18 5 1 0
18 5 2 0
18 5 3 0
18 5 4 0
18 6 0 0
18 6 1 0
18 6 2 0
18 6 3 0
18 6 4 0
18 7 0 3375
18 7 1 3375
18 7 2 0
18 7 3 0
18 7 4 0
18 8 0 0
18 8 1 0
18 8 2 0
18 8 3 0
18 8 4 0
18 9 0 3651
18 9 1 3651
18 9 2 3651
18 9 3 0
18 9 4 0
18 10 0 0
18 10 1 0
18 10 2 0
18 10 3 0
18 10 4 0
18 11 0 3325
18 11 1 3325
18 11 2 0
18 11 3 0
18 11 4 0
18 12 0 0
18 12 1 0
18 12 2 0
18 12 3 0
18 12 4 0
18 13 0 0
18 13 1 0
18 13 2 0
18 13 3 0
18 13 4 0
18 14 0 0
18 14 1 0
18 14 2 0
18 14 3 0
18 14 4 0
18 15 0 3753
18 15 1 3753
18 15 2 3753
18 15 3 0
18 15 4 0
18 16 0 3530
18 16 1 3530
18 16 2 3530
18 16 3 0
18 16 4 0
18 17 0 3117
18 17 1 3117
18 17 2 3117
18 17 3 0
18 17 4 0
18 19 0 0
18 19 1 0
18 19 2 0
18 19 3 0
18 19 4 0
19 0 0 0
19 0 1 0
19 0 2 0
19 0 3 0
19 0 4 0
19 1 0 0
19 1 1 0
19 1 2 0
19 1 3 0
19 1 4 0
19 2 0 3379
19 2 1 3379
19 2 2 3379
19 2 3 0
19 2 4 0
19 3 0 0
19 3 1 0
19 3 2 0
19 3 3 0
19 3 4 0
19 4 0 3356
19 4 1 3356
19 4 2 0
19 4 3 0
19 4 4 0
19 5 0 3046
19 5 1 3046
19 5 2 0
19 5 3 0
19 5 4 0
19 6 0 0
19 6 1 0
19 6 2 0
19 6 3 0
19 6 4 0
19 7 0 0
19 7 1 0
19 7 2 0
19 7 3 0
19 7 4 0
19 8 0 0
19 8 1 0
19 8 2 0
19 8 3 0
19 8 4 0
19 9 0 0
19 9 1 0
19 9 2 0
19 9 3 0
19 9 4 0
19 10 0 0
19 10 1 0
19 10 2 0
19 10 3 0
19 10 4 0
19 11 0 0
19 11 1 0
19 11 2 0
19 11 3 0
19 11 4 0
19 12 0 3837
19 12 1 3837
19 12 2 3837
19 12 3 0
19 12 4 0
19 13 0 3313
19 13 1 3313
19 13 2 0
19 13 3 0
19 13 4 0
19 14 0 3824
19 14 1 3824
19 14 2 0
19 14 3 0
19 14 4 0
19 15 0 3268
19 15 1 3268
19 15 2 0
19 15 3 0
19 15 4 0
19 16 0 0
19 16 1 0
19 16 2 0
19 16 3 0
19 16 4 0
19 17 0 3083
19 17 1 3083
19 17 2 0
19 17 3 0
19 17 4 0
19 18 0 0
19 18 1 0
19 18 2 0
19 18 3 0
19 18 4 0

