10 4 16 148

   0  947  806  902 1119  841  870 1017 1251 1000 
1027    0 1103 1263 1615 1000 1072 1265 1806 1284 
 726 1004    0 1132 1499  766  824  971 1317 1116 
1031 1402  910    0 1467 1195 1082 1327 1522 1537 
1333 1732 1122 1692    0 1142 1315 1586 1916 1528 
 893 1174  630 1117 1432    0  966  983 1402 1027 
 737 1212  794 1070 1391  877    0 1011 1458 1006 
1141 1459 1049 1386 1567 1018 1087    0 1379 1285 
1362 1668 1245 1688 1544 1514 1368 1403    0 1449 
1128 1308 1081 1350 1498 1040  872 1361 1567    0 

   0  942  978 1164  912 1079 1066 1054  785  702 
 781    0  893  904 1157  903 1059 1149 1076 1071 
 685  625    0  901  681  829 1193  613  649 1134 
1016  783  852    0  698  653  806 1007  799  892 
1118 1133  979  776    0 1023 1192  860  991  705 
 761  878 1177  833 1054    0  628  908 1132  790 
 964 1193  991  727 1096 1176    0 1017 1122  665 
 640  673  960 1058 1125  951  715    0  887 1087 
1015 1149  805  822  864 1067  856 1181    0  870 
 939  712  978  796 1077 1180  995  777 1057    0 

0 340 1097
1 445 892
2 232 1048
3 446 829
4 688 1017
5 309 855
6 309 744
7 370 1049
8 677 872
9 526 994

0 3 4912 7484 2706 
0 6 8159 10344 3480 
0 4 5372 8709 4476 
0 1 318 2710 2841 
0 7 3474 6393 3051 
0 6 4735 7922 2610 
0 2 7149 9222 3224 
0 1 5281 8314 1894 
0 2 6539 9785 1612 
0 3 4147 7825 2706 
0 6 7818 10472 1740 
0 5 7886 11058 1682 
0 4 5906 8514 2238 
0 3 7403 11314 1804 
0 3 1609 5298 2706 
0 8 7842 9521 2502 
1 2 2151 5303 3309 
1 4 6454 9404 4845 
1 5 459 4007 4000 
1 8 6335 10563 7224 
1 5 4588 7522 3000 
1 4 1833 6414 3230 
1 7 4896 8572 2530 
1 0 6393 9110 2054 
1 4 7551 11045 6460 
1 0 248 2911 3081 
1 8 7721 11745 3612 
1 2 7674 9522 3309 
1 4 8143 11081 6460 
1 6 1147 4906 4288 
1 5 6687 9576 4000 
1 0 6164 9217 4108 
2 8 3201 4674 2634 
2 7 4714 6663 1942 
2 1 1566 3134 3012 
2 5 3842 6876 1532 
2 1 8298 10266 2008 
2 0 2985 5327 2178 
2 5 8002 10356 3064 
2 8 7420 9295 5268 
2 6 7052 11000 1648 
2 4 2285 4450 2998 
2 6 5839 9835 3296 
2 0 349 2602 2904 
3 9 1729 4815 6148 
3 8 7875 9536 6088 
3 4 5927 7972 2934 
3 9 7217 10588 6148 
3 2 5211 8048 3640 
3 2 8155 9995 2730 
3 8 5988 9128 3044 
3 7 1068 4320 3981 
3 7 3036 5573 3981 
3 7 1836 4977 5308 
3 2 6730 10112 1820 
3 4 745 2252 2934 
3 2 1553 4543 2730 
3 8 7459 10391 3044 
4 3 4535 6405 6768 
4 7 872 3624 6344 
4 9 1955 4147 4584 
4 6 5293 9727 5260 
4 6 6727 9301 5260 
4 3 5199 7146 6768 
4 0 4965 8307 5332 
4 2 6840 9688 4488 
4 1 1154 4156 5196 
4 3 8032 10538 5076 
4 6 4425 7130 2630 
4 3 7219 10268 3384 
4 9 65 2440 3056 
4 1 30 3281 6928 
4 5 7090 9739 3426 
5 4 2383 5892 5728 
5 1 525 2921 3522 
5 8 4483 8082 4206 
5 8 1215 4203 2804 
5 4 4111 7020 4296 
5 6 6190 8632 1932 
5 7 2920 5026 2949 
5 3 1993 4508 4468 
5 6 3889 5314 1932 
5 7 6639 10143 1966 
5 2 1292 3799 2520 
5 2 5390 8238 2520 
5 9 3053 5865 2054 
5 1 6492 9872 2348 
5 0 4301 6873 3572 
6 7 4256 6981 4044 
6 4 1967 6044 4173 
6 9 363 2205 4024 
6 0 4743 8435 1474 
6 8 825 4516 2916 
6 8 5882 8182 2916 
6 8 6950 10753 2916 
6 5 1293 4456 3508 
6 3 4367 6715 2140 
6 8 4274 7157 4374 
6 3 7784 10510 3210 
6 1 3729 6926 2424 
6 1 5093 9352 3636 
6 4 4686 7897 2782 
7 3 1017 3545 5544 
7 6 1109 2682 4348 
7 3 7673 10127 4158 
7 1 1875 4156 4377 
7 3 1907 5610 2772 
7 6 6802 9175 4348 
7 8 4073 7310 2758 
7 5 5142 7728 2036 
7 3 5900 8026 2772 
7 1 4629 7179 5836 
7 6 5255 7192 2174 
7 4 5877 8846 6268 
7 2 99 3881 4196 
7 5 3123 6679 3054 
8 6 2012 4271 2736 
8 6 5379 8734 4104 
8 5 4591 8410 6056 
8 3 4705 6431 6752 
8 2 4875 7555 3735 
8 5 4450 8099 4542 
8 9 8265 10387 4347 
8 2 3348 5183 2490 
8 6 805 4186 2736 
8 2 1737 3588 4980 
8 3 611 3175 3376 
8 6 3354 5579 5472 
8 4 1631 3739 4632 
8 2 4105 5988 4980 
8 6 854 3019 4104 
8 2 8029 10073 3735 
9 6 8029 10486 2616 
9 8 258 3629 3134 
9 7 4662 6620 4083 
9 8 2463 5729 6268 
9 3 5371 7727 2700 
9 5 1948 4768 4160 
9 6 4805 7899 3488 
9 7 97 2334 4083 
9 3 1462 3770 2700 
9 4 3363 6453 4494 
9 1 4193 6834 3924 
9 4 1531 4858 5992 
9 5 5905 8843 4160 
9 3 7316 9735 5400 
9 5 86 3236 4160 
9 4 578 4067 5992 

0 1 0 0
0 1 1 0
0 1 2 0
0 1 3 0
0 1 4 0
0 2 0 0
0 2 1 0
0 2 2 0
0 2 3 0
0 2 4 0
0 3 0 0
0 3 1 0
0 3 2 0
0 3 3 0
0 3 4 0
0 4 0 0
0 4 1 0
0 4 2 0
0 4 3 0
0 4 4 0
0 5 0 4906
0 5 1 4906
0 5 2 4906
0 5 3 0
0 5 4 0
0 6 0 0
0 6 1 0
0 6 2 0
0 6 3 0
0 6 4 0
0 7 0 0
0 7 1 0
0 7 2 0
0 7 3 0
0 7 4 0
0 8 0 0
0 8 1 0
0 8 2 0
0 8 3 0
0 8 4 0
0 9 0 0
0 9 1 0
0 9 2 0
0 9 3 0
0 9 4 0
1 0 0 0
1 0 1 0
1 0 2 0
1 0 3 0
1 0 4 0
1 2 0 0
1 2 1 0
1 2 2 0
1 2 3 0
1 2 4 0
1 3 0 0
1 3 1 0
1 3 2 0
1 3 3 0
1 3 4 0
1 4 0 0
1 4 1 0
1 4 2 0
1 4 3 0
1 4 4 0
1 5 0 0
1 5 1 0
1 5 2 0
1 5 3 0
1 5 4 0
1 6 0 0
1 6 1 0
1 6 2 0
1 6 3 0
1 6 4 0
1 7 0 0
1 7 1 0
1 7 2 0
1 7 3 0
1 7 4 0
1 8 0 3758
1 8 1 3758
1 8 2 3758
1 8 3 0
1 8 4 0
1 9 0 0
1 9 1 0
1 9 2 0
1 9 3 0
1 9 4 0
2 0 0 0
2 0 1 0
2 0 2 0
2 0 3 0
2 0 4 0
2 1 0 0
2 1 1 0
2 1 2 0
2 1 3 0
2 1 4 0
2 3 0 0
2 3 1 0
2 3 2 0
2 3 3 0
2 3 4 0
2 4 0 3580
2 4 1 3580
2 4 2 3580
2 4 3 0
2 4 4 0
2 5 0 4324
2 5 1 4324
2 5 2 4324
2 5 3 0
2 5 4 0
2 6 0 4624
2 6 1 4624
2 6 2 0
2 6 3 0
2 6 4 0
2 7 0 3551
2 7 1 3551
2 7 2 0
2 7 3 0
2 7 4 0
2 8 0 0
2 8 1 0
2 8 2 0
2 8 3 0
2 8 4 0
2 9 0 0
2 9 1 0
2 9 2 0
2 9 3 0
2 9 4 0
3 0 0 3834
3 0 1 3834
3 0 2 3834
3 0 3 0
3 0 4 0
3 1 0 0
3 1 1 0
3 1 2 0
3 1 3 0
3 1 4 0
3 2 0 3761
3 2 1 3761
3 2 2 0
3 2 3 0
3 2 4 0
3 4 0 0
3 4 1 0
3 4 2 0
3 4 3 0
3 4 4 0
3 5 0 3611
3 5 1 3611
3 5 2 3611
3 5 3 0
3 5 4 0
3 6 0 0
3 6 1 0
3 6 2 0
3 6 3 0
3 6 4 0
3 7 0 3551
3 7 1 3551
3 7 2 0
3 7 3 0
3 7 4 0
3 8 0 3242
3 8 1 3242
3 8 2 3242
3 8 3 0
3 8 4 0
3 9 0 3881
3 9 1 3881
3 9 2 3881
3 9 3 0
3 9 4 0
4 0 0 0
4 0 1 0
4 0 2 0
4 0 3 0
4 0 4 0
4 1 0 0
4 1 1 0
4 1 2 0
4 1 3 0
4 1 4 0
4 2 0 0
4 2 1 0
4 2 2 0
4 2 3 0
4 2 4 0
4 3 0 0
4 3 1 0
4 3 2 0
4 3 3 0
4 3 4 0
4 5 0 3532
4 5 1 3532
4 5 2 0
4 5 3 0
4 5 4 0
4 6 0 0
4 6 1 0
4 6 2 0
4 6 3 0
4 6 4 0
4 7 0 3892
4 7 1 3892
4 7 2 3892
4 7 3 0
4 7 4 0
4 8 0 0
4 8 1 0
4 8 2 0
4 8 3 0
4 8 4 0
4 9 0 3847
4 9 1 3847
4 9 2 0
4 9 3 0
4 9 4 0
5 0 0 4003
5 0 1 4003
5 0 2 4003
5 0 3 0
5 0 4 0
5 1 0 3105
5 1 1 3105
5 1 2 3105
5 1 3 0
5 1 4 0
5 2 0 4318
5 2 1 4318
5 2 2 0
5 2 3 0
5 2 4 0
5 3 0 3296
5 3 1 3296
5 3 2 0
5 3 3 0
5 3 4 0
5 4 0 3922
5 4 1 3922
5 4 2 3922
5 4 3 0
5 4 4 0
5 6 0 0
5 6 1 0
5 6 2 0
5 6 3 0
5 6 4 0
5 7 0 3530
5 7 1 3530
5 7 2 3530
5 7 3 0
5 7 4 0
5 8 0 0
5 8 1 0
5 8 2 0
5 8 3 0
5 8 4 0
5 9 0 0
5 9 1 0
5 9 2 0
5 9 3 0
5 9 4 0
6 0 0 0
6 0 1 0
6 0 2 0
6 0 3 0
6 0 4 0
6 1 0 3170
6 1 1 3170
6 1 2 3170
6 1 3 0
6 1 4 0
6 2 0 0
6 2 1 0
6 2 2 0
6 2 3 0
6 2 4 0
6 3 0 0
6 3 1 0
6 3 2 0
6 3 3 0
6 3 4 0
6 4 0 0
6 4 1 0
6 4 2 0
6 4 3 0
6 4 4 0
6 5 0 0
6 5 1 0
6 5 2 0
6 5 3 0
6 5 4 0
6 7 0 0
6 7 1 0
6 7 2 0
6 7 3 0
6 7 4 0
6 8 0 0
6 8 1 0
6 8 2 0
6 8 3 0
6 8 4 0
6 9 0 0
6 9 1 0
6 9 2 0
6 9 3 0
6 9 4 0
7 0 0 3587
7 0 1 3587
7 0 2 3587
7 0 3 0
7 0 4 0
7 1 0 0
7 1 1 0
7 1 2 0
7 1 3 0
7 1 4 0
7 2 0 0
7 2 1 0
7 2 2 0
7 2 3 0
7 2 4 0
7 3 0 3340
7 3 1 3340
7 3 2 3340
7 3 3 0
7 3 4 0
7 4 0 3724
7 4 1 3724
7 4 2 3724
7 4 3 0
7 4 4 0
7 5 0 0
7 5 1 0
7 5 2 0
7 5 3 0
7 5 4 0
7 6 0 0
7 6 1 0
7 6 2 0
7 6 3 0
7 6 4 0
7 8 0 0
7 8 1 0
7 8 2 0
7 8 3 0
7 8 4 0
7 9 0 3463
7 9 1 3463
7 9 2 0
7 9 3 0
7 9 4 0
8 0 0 3659
8 0 1 3659
8 0 2 3659
8 0 3 0
8 0 4 0
8 1 0 3223
8 1 1 3223
8 1 2 0
8 1 3 0
8 1 4 0
8 2 0 3227
8 2 1 3227
8 2 2 3227
8 2 3 0
8 2 4 0
8 3 0 0
8 3 1 0
8 3 2 0
8 3 3 0
8 3 4 0
8 4 0 3757
8 4 1 3757
8 4 2 0
8 4 3 0
8 4 4 0
8 5 0 0
8 5 1 0
8 5 2 0
8 5 3 0
8 5 4 0
8 6 0 0
8 6 1 0
8 6 2 0
8 6 3 0
8 6 4 0
8 7 0 0
8 7 1 0
8 7 2 0
8 7 3 0
8 7 4 0
8 9 0 0
8 9 1 0
8 9 2 0
8 9 3 0
8 9 4 0
9 0 0 3157
9 0 1 3157
9 0 2 3157
9 0 3 0
9 0 4 0
9 1 0 0
9 1 1 0
9 1 2 0
9 1 3 0
9 1 4 0
9 2 0 0
9 2 1 0
9 2 2 0
9 2 3 0
9 2 4 0
9 3 0 0
9 3 1 0
9 3 2 0
9 3 3 0
9 3 4 0
9 4 0 0
9 4 1 0
9 4 2 0
9 4 3 0
9 4 4 0
9 5 0 0
9 5 1 0
9 5 2 0
9 5 3 0
9 5 4 0
9 6 0 0
9 6 1 0
9 6 2 0
9 6 3 0
9 6 4 0
9 7 0 3099
9 7 1 3099
9 7 2 3099
9 7 3 0
9 7 4 0
9 8 0 0
9 8 1 0
9 8 2 0
9 8 3 0
9 8 4 0

