20 4 16 269

   0 1211 1105 1466 1251 1296 1616 1217 1370 1313  979 1384 1698 1695 1458 1186 1348 1377 1246 1668 
1148    0 1059  992 1075 1001 1367  850 1014 1061  805 1010 1324 1099 1010 1140 1086 1114 1115 1444 
1306 1107    0 1475 1233 1283 1630 1046 1435 1206 1184 1346 1549 1576 1465 1478 1551 1406 1331 1636 
1330 1089 1424    0 1484 1254 1682 1034 1306 1262 1143 1503 1685 1442 1456 1253 1457 1362 1392 1402 
1415 1128 1399 1272    0 1492 1451  981 1282 1208  923 1439 1613 1688 1319 1213 1400 1305 1260 1493 
1312 1024 1378 1322 1262    0 1676 1084 1158 1548 1179 1262 1667 1483 1239 1234 1281 1376 1386 1659 
1439 1282 1625 1687 1637 1686    0 1235 1669 1614 1374 1444 2005 1979 1643 1468 1535 1647 1488 1876 
 973  673 1045  946 1184  985 1392    0 1014 1099  812  978 1346 1450  967 1158 1108 1084 1053 1504 
1231  993 1399 1413 1356 1216 1487 1195    0 1253 1091 1557 1572 1779 1439 1145 1382 1365 1320 1577 
1180 1087 1285 1146 1319 1427 1382 1041 1393    0 1255 1437 1497 1703 1252 1273 1458 1436 1365 1823 
1075  685 1127 1002 1240 1143 1332  921  920  961    0 1069 1349 1477 1035  930 1062 1098 1109 1245 
1365 1073 1492 1444 1321 1498 1388 1016 1235 1358 1157    0 1371 1479 1356 1292 1346 1470 1227 1644 
1808 1317 1417 1777 1591 1453 1898 1504 1503 1722 1279 1655    0 2003 1694 1402 1542 1562 1683 1747 
1463 1355 1684 1589 1764 1442 1794 1403 1610 1699 1219 1811 1897    0 1630 1451 1836 1797 1640 1797 
1185  971 1316 1260 1301 1436 1588  880 1502 1298  963 1324 1432 1605    0 1159 1143 1421 1156 1528 
1314 1141 1389 1436 1356 1287 1434  985 1352 1362  969 1377 1533 1452 1438    0 1437 1332 1424 1496 
1379 1105 1492 1404 1419 1362 1576 1010 1408 1381  940 1223 1707 1526 1407 1418    0 1449 1174 1491 
1265  982 1419 1269 1191 1283 1450 1098 1398 1536 1062 1363 1602 1762 1486 1477 1248    0 1339 1574 
1149  945 1210 1428 1365 1372 1550 1069 1251 1399 1135 1280 1697 1442 1380 1282 1464 1265    0 1591 
1720 1290 1493 1503 1663 1481 1598 1309 1429 1743 1375 1511 1751 1789 1499 1541 1668 1378 1444    0 

   0  916 1029 1162 1118  980 1120  893  682 1001  823  908  819  654 1132 1007  668  607 1161 1021 
 767    0 1030  696 1044 1157  636  664  999  643  897  778  863  688  804 1139 1049 1106  899  679 
1185 1050    0  677 1074 1111  895  732  802  877 1046  960  861  888  703 1153  741 1044 1170 1019 
 910 1052 1107    0  702  939  811 1012 1151 1158  886  754  694 1132  928  653  715  786 1176  917 
1200  606  846  933    0  864  857  948  817  956 1143 1137  969  655 1068  711 1075  651 1134 1023 
 628  931  644 1148  818    0 1120  706 1126 1090  637  622  698  674  973  910  743  801  743  863 
 895 1176 1187  634 1035  617    0  616 1195  777  956 1012  616  822  748  812  695  748  967  829 
1017  801  893 1030  955 1028  651    0  789 1059 1187  769  618  904  690 1051 1150  795 1162 1002 
1027 1065 1086  703  926 1200  868  712    0 1059  894  720  671  638  601  888  611  903  980  804 
 816 1167  816  761  602  971  745  900  662    0  794  954 1162 1139  671 1074 1168 1194  749  648 
 700  996  936 1132 1137  642  830  839  657 1045    0  642  754  759  891  815 1064  904  887 1026 
1037  841  661 1000  938  814  893  936 1015 1131 1018    0 1199 1083  623 1095 1086 1014 1134 1106 
 821  835  971 1123 1148 1010  952  712  653  673 1073  941    0 1093  936  670 1135  917  674  895 
 974 1034  681 1038  658  630  606  735  749 1175  770  742  888    0  955 1080 1059  883 1120  625 
 846  807  706  838 1120  927 1056 1118  866  800  914  612  857  800    0  638  777  612  661 1077 
 761  698 1148  730  628 1172  943 1050  754 1115  661  917  617  769 1167    0  755 1078  747  631 
1027 1051  967  837  827 1016 1094  922 1138 1145  789 1061  669  846 1142  984    0 1022 1100 1182 
 878  678  630  610  649 1129 1140  719  956  626  783  681  998 1005 1143 1070  715    0  853 1129 
 700  962  807  996  625 1095  612  627 1059  713  778  662 1000  625  604  801  614 1051    0 1057 
 806  955  659 1101  696 1156  764 1163 1174  645  855  605  638  629  736  834 1085 1011  664    0 

0 373 984
1 236 1015
2 528 903
3 508 990
4 541 975
5 536 868
6 638 812
7 238 847
8 511 913
9 481 709
10 210 899
11 425 731
12 657 792
13 649 1026
14 427 1075
15 520 981
16 398 707
17 412 880
18 519 877
19 645 1070

0 2 10129 12475 3315 
0 16 12893 15398 2696 
0 15 2273 4468 3558 
0 18 3146 7395 2492 
0 1 14108 16938 2422 
0 19 10990 14144 6672 
0 8 3458 5633 4110 
0 8 2099 3783 2740 
0 14 7161 10330 2916 
0 4 8071 12308 3753 
0 10 605 2711 3916 
0 12 8610 10354 6792 
0 11 3024 5312 5536 
0 9 9177 12660 3939 
0 10 7489 10583 2937 
1 17 1661 4680 2228 
1 18 13101 15582 2230 
1 9 1241 2584 4244 
1 3 6463 9212 2976 
1 4 8038 10345 3225 
1 5 12304 15867 2002 
1 15 11479 15647 3420 
1 2 5264 8106 4236 
1 17 9934 12234 4456 
1 9 2245 4559 4244 
2 1 1211 4896 2214 
2 18 13930 17206 2662 
2 18 9085 13121 5324 
2 6 2082 3925 4890 
2 12 10938 13701 3098 
2 9 12147 15146 4824 
2 17 938 3882 4218 
2 7 3871 6418 4184 
2 16 2370 4644 6204 
2 17 11977 15307 2812 
2 12 10463 13183 3098 
2 6 5671 8141 6520 
2 5 2095 5416 3849 
2 8 10783 12804 4305 
2 0 1526 6017 3918 
3 5 10840 14257 3762 
3 18 2806 6957 5568 
3 5 1213 3691 3762 
3 8 1046 4729 5224 
3 17 10788 13601 4086 
3 5 5166 8687 3762 
3 14 12591 14632 5824 
3 16 1279 3988 5828 
3 4 12084 13516 5936 
3 10 12002 13995 3429 
3 8 3002 5695 2612 
3 7 12632 15455 3102 
3 10 5138 6910 3429 
3 15 12681 14052 3759 
4 13 12860 14628 5064 
4 10 11924 16084 1846 
4 16 3300 6568 4200 
4 17 12445 14202 3915 
4 13 776 2144 6752 
4 2 250 3371 4197 
4 13 3117 5147 6752 
4 16 13999 18084 2800 
4 16 2116 6233 2800 
4 9 13884 17086 3624 
4 12 9107 11345 4839 
4 8 11552 13202 2564 
4 5 11476 14292 2984 
4 17 13793 15127 3915 
5 10 10323 12132 2358 
5 1 3305 5464 2048 
5 14 14129 16405 2478 
5 9 3307 6991 3096 
5 17 12791 15546 2752 
5 16 5686 8100 3843 
5 10 5858 7571 2358 
5 9 20 3115 3096 
5 18 12357 13887 5544 
5 11 1220 3135 2524 
5 15 7112 9041 3702 
5 17 6960 9138 4128 
5 12 12839 14311 5001 
5 2 7818 9563 4134 
6 12 7259 8909 6015 
6 8 8617 12680 6676 
6 0 1963 3797 2878 
6 11 5910 8369 5776 
6 3 9142 10669 3374 
6 16 13006 15758 6140 
6 9 12819 14512 3228 
6 14 12856 15713 4929 
6 18 4034 7118 2976 
6 10 9078 12672 5496 
6 9 6618 8436 4842 
6 17 13034 15427 3294 
7 8 14118 17210 4056 
7 2 13768 15696 3135 
7 2 3777 6607 4180 
7 15 6639 10401 2316 
7 10 8624 13288 2436 
7 15 8617 12768 4632 
7 9 7690 10676 3297 
7 16 7282 10329 3324 
7 1 9918 11872 1346 
7 2 11875 14562 4180 
7 4 6023 9136 3552 
7 6 11522 13292 5568 
8 11 36 1836 6228 
8 16 12285 13537 5528 
8 12 3544 4973 3144 
8 16 958 2870 5528 
8 13 1000 3500 3558 
8 12 12834 14384 4716 
8 18 8731 10906 5280 
8 16 2775 4638 2764 
8 4 2837 4883 4068 
8 9 8913 12481 3759 
8 12 7849 9768 3144 
8 17 11454 13937 2730 
8 0 1526 4740 2462 
8 14 8577 10055 4317 
8 14 3021 5172 4317 
8 12 10689 12131 6288 
9 17 2797 7358 4308 
9 5 8920 11900 5708 
9 10 10708 13010 5020 
9 17 2936 6840 5744 
9 1 2163 5383 4348 
9 7 12472 14749 3123 
9 13 13922 16256 5109 
9 13 1434 4452 3406 
9 15 1923 6165 5092 
9 13 8311 11226 6812 
9 6 2482 4664 2764 
9 17 12306 15099 2872 
9 17 4100 6488 5744 
9 8 1874 4058 4179 
10 19 7396 11243 2490 
10 1 13083 16329 2740 
10 13 7759 10498 2954 
10 14 1297 4094 4140 
10 13 13098 15853 2954 
10 16 8331 12427 3186 
10 2 2650 4624 2254 
10 8 9130 11468 3680 
10 17 8172 10187 2196 
11 6 10473 13652 2776 
11 4 891 3226 3963 
11 8 13755 16262 2470 
11 6 12596 14498 2776 
11 10 3428 6308 4628 
11 15 2561 6919 3876 
11 18 1683 4586 2454 
11 10 8311 11670 2314 
11 2 7949 9442 5968 
11 3 3305 7185 4332 
11 0 1514 5485 2730 
11 6 7227 9700 4164 
11 9 7242 11053 5432 
11 6 7506 10363 5552 
11 0 7283 10041 4095 
11 17 6412 9514 2940 
12 19 11162 13551 6988 
12 3 13603 17308 3554 
12 9 7363 8729 3444 
12 0 22 2509 5424 
12 9 464 2826 3444 
12 9 10917 13299 3444 
12 6 7689 10640 7592 
12 16 7209 11329 6168 
12 14 12265 14352 6776 
12 6 6994 9059 3796 
12 6 5106 8790 3796 
12 18 1565 3418 6732 
12 11 6758 10474 6620 
12 8 11065 12743 6012 
12 19 12220 15442 6988 
13 2 5730 8099 3368 
13 14 13104 16341 6520 
13 12 6213 9205 5691 
13 11 683 2864 5433 
13 4 776 3190 5292 
13 17 11829 13603 5391 
13 15 3074 6465 4353 
13 10 307 3240 2438 
13 16 9123 13062 3672 
13 7 11923 14363 4209 
13 18 761 5129 6560 
13 15 555 4000 2902 
14 8 1236 3634 6008 
14 1 7406 10496 2913 
14 16 2916 5293 4572 
14 6 1683 4090 4764 
14 7 10121 14056 1760 
14 13 6662 8502 4815 
14 2 7863 9486 5264 
14 16 11206 13202 3429 
14 15 5915 7599 3477 
14 7 12776 16554 3520 
14 7 3020 5624 1760 
14 5 3722 5983 4308 
14 15 11085 13394 3477 
14 2 6048 7721 3948 
14 5 1964 4837 5744 
14 12 1243 3848 5728 
15 11 3029 6577 4131 
15 10 6619 8899 2907 
15 7 1199 4884 3940 
15 2 3798 6289 4167 
15 0 3252 5793 5256 
15 14 5495 9077 2876 
15 17 3205 7150 5328 
15 12 6204 8462 6132 
15 19 2767 4552 2992 
15 10 5343 7630 2907 
15 16 12295 14310 2874 
15 13 904 2788 4356 
16 19 7431 11851 4473 
16 13 1288 4350 4578 
16 19 7603 10357 5964 
16 13 12631 14432 3052 
16 7 12271 14705 2020 
16 15 6280 9615 4254 
16 5 10797 14038 2724 
16 6 3800 6458 4728 
16 11 8476 12688 4892 
16 4 5464 8540 4257 
16 5 2558 5392 5448 
16 18 7079 9410 4696 
16 5 8922 12721 2724 
17 6 12418 15176 5800 
17 5 6487 9072 5132 
17 9 11569 13328 3072 
17 19 12781 16122 4722 
17 18 4175 6486 2678 
17 14 1897 5108 5944 
17 10 4018 6531 2124 
17 5 6918 9221 5132 
17 15 1345 4747 5908 
17 11 12410 14201 5452 
17 18 3477 6394 2678 
17 19 3092 7562 4722 
18 11 7360 9101 5120 
18 0 10370 13163 2298 
18 19 11118 13538 3182 
18 13 11882 13919 4326 
18 12 11682 15652 5091 
18 16 6052 8194 2928 
18 14 8851 10228 5520 
18 15 6709 9760 3846 
18 17 2148 4481 3795 
18 0 10212 11856 2298 
18 5 1370 3757 5488 
18 6 12862 14765 6200 
18 13 2313 4325 4326 
19 8 34 4495 2858 
19 15 6843 9728 4623 
19 7 14119 17898 3927 
19 16 13219 16094 5004 
19 5 5725 9169 5924 
19 11 5806 7899 6044 
19 2 6556 8368 4479 
19 15 8341 11109 4623 
19 4 3640 5839 3326 
19 17 6756 10284 5512 
19 4 6692 9002 6652 
19 5 4245 6741 5924 
19 15 5281 7015 3082 
19 1 1504 4263 3870 
19 1 1094 4064 5160 

0 1 0 0
0 1 1 0
0 1 2 0
0 1 3 0
0 1 4 0
0 2 0 0
0 2 1 0
0 2 2 0
0 2 3 0
0 2 4 0
0 3 0 0
0 3 1 0
0 3 2 0
0 3 3 0
0 3 4 0
0 4 0 0
0 4 1 0
0 4 2 0
0 4 3 0
0 4 4 0
0 5 0 3396
0 5 1 3396
0 5 2 3396
0 5 3 0
0 5 4 0
0 6 0 0
0 6 1 0
0 6 2 0
0 6 3 0
0 6 4 0
0 7 0 0
0 7 1 0
0 7 2 0
0 7 3 0
0 7 4 0
0 8 0 0
0 8 1 0
0 8 2 0
0 8 3 0
0 8 4 0
0 9 0 0
0 9 1 0
0 9 2 0
0 9 3 0
0 9 4 0
0 10 0 0
0 10 1 0
0 10 2 0
0 10 3 0
0 10 4 0
0 11 0 3668
0 11 1 3668
0 11 2 0
0 11 3 0
0 11 4 0
0 12 0 3724
0 12 1 3724
0 12 2 3724
0 12 3 0
0 12 4 0
0 13 0 0
0 13 1 0
0 13 2 0
0 13 3 0
0 13 4 0
0 14 0 0
0 14 1 0
0 14 2 0
0 14 3 0
0 14 4 0
0 15 0 3336
0 15 1 3336
0 15 2 0
0 15 3 0
0 15 4 0
0 16 0 0
0 16 1 0
0 16 2 0
0 16 3 0
0 16 4 0
0 17 0 0
0 17 1 0
0 17 2 0
0 17 3 0
0 17 4 0
0 18 0 0
0 18 1 0
0 18 2 0
0 18 3 0
0 18 4 0
0 19 0 0
0 19 1 0
0 19 2 0
0 19 3 0
0 19 4 0
1 0 0 0
1 0 1 0
1 0 2 0
1 0 3 0
1 0 4 0
1 2 0 3791
1 2 1 3791
1 2 2 0
1 2 3 0
1 2 4 0
1 3 0 0
1 3 1 0
1 3 2 0
1 3 3 0
1 3 4 0
1 4 0 3727
1 4 1 3727
1 4 2 0
1 4 3 0
1 4 4 0
1 5 0 0
1 5 1 0
1 5 2 0
1 5 3 0
1 5 4 0
1 6 0 0
1 6 1 0
1 6 2 0
1 6 3 0
1 6 4 0
1 7 0 0
1 7 1 0
1 7 2 0
1 7 3 0
1 7 4 0
1 8 0 3117
1 8 1 3117
1 8 2 3117
1 8 3 0
1 8 4 0
1 9 0 3072
1 9 1 3072
1 9 2 0
1 9 3 0
1 9 4 0
1 10 0 0
1 10 1 0
1 10 2 0
1 10 3 0
1 10 4 0
1 11 0 0
1 11 1 0
1 11 2 0
1 11 3 0
1 11 4 0
1 12 0 0
1 12 1 0
1 12 2 0
1 12 3 0
1 12 4 0
1 13 0 0
1 13 1 0
1 13 2 0
1 13 3 0
1 13 4 0
1 14 0 0
1 14 1 0
1 14 2 0
1 14 3 0
1 14 4 0
1 15 0 3358
1 15 1 3358
1 15 2 0
1 15 3 0
1 15 4 0
1 16 0 0
1 16 1 0
1 16 2 0
1 16 3 0
1 16 4 0
1 17 0 0
1 17 1 0
1 17 2 0
1 17 3 0
1 17 4 0
1 18 0 3612
1 18 1 3612
1 18 2 3612
1 18 3 0
1 18 4 0
1 19 0 0
1 19 1 0
1 19 2 0
1 19 3 0
1 19 4 0
2 0 0 0
2 0 1 0
2 0 2 0
2 0 3 0
2 0 4 0
2 1 0 0
2 1 1 0
2 1 2 0
2 1 3 0
2 1 4 0
2 3 0 3632
2 3 1 3632
2 3 2 3632
2 3 3 0
2 3 4 0
2 4 0 0
2 4 1 0
2 4 2 0
2 4 3 0
2 4 4 0
2 5 0 0
2 5 1 0
2 5 2 0
2 5 3 0
2 5 4 0
2 6 0 0
2 6 1 0
2 6 2 0
2 6 3 0
2 6 4 0
2 7 0 3327
2 7 1 3327
2 7 2 0
2 7 3 0
2 7 4 0
2 8 0 0
2 8 1 0
2 8 2 0
2 8 3 0
2 8 4 0
2 9 0 0
2 9 1 0
2 9 2 0
2 9 3 0
2 9 4 0
2 10 0 0
2 10 1 0
2 10 2 0
2 10 3 0
2 10 4 0
2 11 0 3565
2 11 1 3565
2 11 2 0
2 11 3 0
2 11 4 0
2 12 0 0
2 12 1 0
2 12 2 0
2 12 3 0
2 12 4 0
2 13 0 3800
2 13 1 3800
2 13 2 3800
2 13 3 0
2 13 4 0
2 14 0 0
2 14 1 0
2 14 2 0
2 14 3 0
2 14 4 0
2 15 0 3679
2 15 1 3679
2 15 2 3679
2 15 3 0
2 15 4 0
2 16 0 3965
2 16 1 3965
2 16 2 3965
2 16 3 0
2 16 4 0
2 17 0 3237
2 17 1 3237
2 17 2 0
2 17 3 0
2 17 4 0
2 18 0 0
2 18 1 0
2 18 2 0
2 18 3 0
2 18 4 0
2 19 0 0
2 19 1 0
2 19 2 0
2 19 3 0
2 19 4 0
3 0 0 0
3 0 1 0
3 0 2 0
3 0 3 0
3 0 4 0
3 1 0 0
3 1 1 0
3 1 2 0
3 1 3 0
3 1 4 0
3 2 0 0
3 2 1 0
3 2 2 0
3 2 3 0
3 2 4 0
3 4 0 0
3 4 1 0
3 4 2 0
3 4 3 0
3 4 4 0
3 5 0 0
3 5 1 0
3 5 2 0
3 5 3 0
3 5 4 0
3 6 0 3435
3 6 1 3435
3 6 2 3435
3 6 3 0
3 6 4 0
3 7 0 0
3 7 1 0
3 7 2 0
3 7 3 0
3 7 4 0
3 8 0 0
3 8 1 0
3 8 2 0
3 8 3 0
3 8 4 0
3 9 0 3855
3 9 1 3855
3 9 2 3855
3 9 3 0
3 9 4 0
3 10 0 0
3 10 1 0
3 10 2 0
3 10 3 0
3 10 4 0
3 11 0 0
3 11 1 0
3 11 2 0
3 11 3 0
3 11 4 0
3 12 0 0
3 12 1 0
3 12 2 0
3 12 3 0
3 12 4 0
3 13 0 0
3 13 1 0
3 13 2 0
3 13 3 0
3 13 4 0
3 14 0 3358
3 14 1 3358
3 14 2 0
3 14 3 0
3 14 4 0
3 15 0 0
3 15 1 0
3 15 2 0
3 15 3 0
3 15 4 0
3 16 0 3434
3 16 1 3434
3 16 2 3434
3 16 3 0
3 16 4 0
3 17 0 3671
3 17 1 3671
3 17 2 3671
3 17 3 0
3 17 4 0
3 18 0 0
3 18 1 0
3 18 2 0
3 18 3 0
3 18 4 0
3 19 0 0
3 19 1 0
3 19 2 0
3 19 3 0
3 19 4 0
4 0 0 0
4 0 1 0
4 0 2 0
4 0 3 0
4 0 4 0
4 1 0 0
4 1 1 0
4 1 2 0
4 1 3 0
4 1 4 0
4 2 0 0
4 2 1 0
4 2 2 0
4 2 3 0
4 2 4 0
4 3 0 3219
4 3 1 3219
4 3 2 0
4 3 3 0
4 3 4 0
4 5 0 3633
4 5 1 3633
4 5 2 0
4 5 3 0
4 5 4 0
4 6 0 0
4 6 1 0
4 6 2 0
4 6 3 0
4 6 4 0
4 7 0 3326
4 7 1 3326
4 7 2 3326
4 7 3 0
4 7 4 0
4 8 0 3461
4 8 1 3461
4 8 2 0
4 8 3 0
4 8 4 0
4 9 0 0
4 9 1 0
4 9 2 0
4 9 3 0
4 9 4 0
4 10 0 0
4 10 1 0
4 10 2 0
4 10 3 0
4 10 4 0
4 11 0 0
4 11 1 0
4 11 2 0
4 11 3 0
4 11 4 0
4 12 0 0
4 12 1 0
4 12 2 0
4 12 3 0
4 12 4 0
4 13 0 3962
4 13 1 3962
4 13 2 0
4 13 3 0
4 13 4 0
4 14 0 0
4 14 1 0
4 14 2 0
4 14 3 0
4 14 4 0
4 15 0 0
4 15 1 0
4 15 2 0
4 15 3 0
4 15 4 0
4 16 0 3764
4 16 1 3764
4 16 2 0
4 16 3 0
4 16 4 0
4 17 0 0
4 17 1 0
4 17 2 0
4 17 3 0
4 17 4 0
4 18 0 0
4 18 1 0
4 18 2 0
4 18 3 0
4 18 4 0
4 19 0 3177
4 19 1 3177
4 19 2 0
4 19 3 0
4 19 4 0
5 0 0 0
5 0 1 0
5 0 2 0
5 0 3 0
5 0 4 0
5 1 0 0
5 1 1 0
5 1 2 0
5 1 3 0
5 1 4 0
5 2 0 0
5 2 1 0
5 2 2 0
5 2 3 0
5 2 4 0
5 3 0 0
5 3 1 0
5 3 2 0
5 3 3 0
5 3 4 0
5 4 0 3270
5 4 1 3270
5 4 2 3270
5 4 3 0
5 4 4 0
5 6 0 0
5 6 1 0
5 6 2 0
5 6 3 0
5 6 4 0
5 7 0 3993
5 7 1 3993
5 7 2 3993
5 7 3 0
5 7 4 0
5 8 0 0
5 8 1 0
5 8 2 0
5 8 3 0
5 8 4 0
5 9 0 3349
5 9 1 3349
5 9 2 0
5 9 3 0
5 9 4 0
5 10 0 0
5 10 1 0
5 10 2 0
5 10 3 0
5 10 4 0
5 11 0 3789
5 11 1 3789
5 11 2 3789
5 11 3 0
5 11 4 0
5 12 0 3276
5 12 1 3276
5 12 2 0
5 12 3 0
5 12 4 0
5 13 0 0
5 13 1 0
5 13 2 0
5 13 3 0
5 13 4 0
5 14 0 0
5 14 1 0
5 14 2 0
5 14 3 0
5 14 4 0
5 15 0 0
5 15 1 0
5 15 2 0
5 15 3 0
5 15 4 0
5 16 0 3022
5 16 1 3022
5 16 2 0
5 16 3 0
5 16 4 0
5 17 0 0
5 17 1 0
5 17 2 0
5 17 3 0
5 17 4 0
5 18 0 0
5 18 1 0
5 18 2 0
5 18 3 0
5 18 4 0
5 19 0 3324
5 19 1 3324
5 19 2 0
5 19 3 0
5 19 4 0
6 0 0 0
6 0 1 0
6 0 2 0
6 0 3 0
6 0 4 0
6 1 0 3836
6 1 1 3836
6 1 2 3836
6 1 3 0
6 1 4 0
6 2 0 0
6 2 1 0
6 2 2 0
6 2 3 0
6 2 4 0
6 3 0 3180
6 3 1 3180
6 3 2 0
6 3 3 0
6 3 4 0
6 4 0 0
6 4 1 0
6 4 2 0
6 4 3 0
6 4 4 0
6 5 0 0
6 5 1 0
6 5 2 0
6 5 3 0
6 5 4 0
6 7 0 3915
6 7 1 3915
6 7 2 3915
6 7 3 0
6 7 4 0
6 8 0 0
6 8 1 0
6 8 2 0
6 8 3 0
6 8 4 0
6 9 0 3476
6 9 1 3476
6 9 2 0
6 9 3 0
6 9 4 0
6 10 0 0
6 10 1 0
6 10 2 0
6 10 3 0
6 10 4 0
6 11 0 0
6 11 1 0
6 11 2 0
6 11 3 0
6 11 4 0
6 12 0 0
6 12 1 0
6 12 2 0
6 12 3 0
6 12 4 0
6 13 0 3585
6 13 1 3585
6 13 2 3585
6 13 3 0
6 13 4 0
6 14 0 3717
6 14 1 3717
6 14 2 3717
6 14 3 0
6 14 4 0
6 15 0 3025
6 15 1 3025
6 15 2 0
6 15 3 0
6 15 4 0
6 16 0 3249
6 16 1 3249
6 16 2 3249
6 16 3 0
6 16 4 0
6 17 0 0
6 17 1 0
6 17 2 0
6 17 3 0
6 17 4 0
6 18 0 3965
6 18 1 3965
6 18 2 3965
6 18 3 0
6 18 4 0
6 19 0 3798
6 19 1 3798
6 19 2 0
6 19 3 0
6 19 4 0
7 0 0 0
7 0 1 0
7 0 2 0
7 0 3 0
7 0 4 0
7 1 0 4315
7 1 1 4315
7 1 2 0
7 1 3 0
7 1 4 0
7 2 0 3995
7 2 1 3995
7 2 2 3995
7 2 3 0
7 2 4 0
7 3 0 0
7 3 1 0
7 3 2 0
7 3 3 0
7 3 4 0
7 4 0 0
7 4 1 0
7 4 2 0
7 4 3 0
7 4 4 0
7 5 0 3606
7 5 1 3606
7 5 2 3606
7 5 3 0
7 5 4 0
7 6 0 3132
7 6 1 3132
7 6 2 0
7 6 3 0
7 6 4 0
7 8 0 0
7 8 1 0
7 8 2 0
7 8 3 0
7 8 4 0
7 9 0 0
7 9 1 0
7 9 2 0
7 9 3 0
7 9 4 0
7 10 0 4666
7 10 1 4666
7 10 2 4666
7 10 3 0
7 10 4 0
7 11 0 0
7 11 1 0
7 11 2 0
7 11 3 0
7 11 4 0
7 12 0 0
7 12 1 0
7 12 2 0
7 12 3 0
7 12 4 0
7 13 0 0
7 13 1 0
7 13 2 0
7 13 3 0
7 13 4 0
7 14 0 0
7 14 1 0
7 14 2 0
7 14 3 0
7 14 4 0
7 15 0 0
7 15 1 0
7 15 2 0
7 15 3 0
7 15 4 0
7 16 0 0
7 16 1 0
7 16 2 0
7 16 3 0
7 16 4 0
7 17 0 3185
7 17 1 3185
7 17 2 0
7 17 3 0
7 17 4 0
7 18 0 0
7 18 1 0
7 18 2 0
7 18 3 0
7 18 4 0
7 19 0 0
7 19 1 0
7 19 2 0
7 19 3 0
7 19 4 0
8 0 0 0
8 0 1 0
8 0 2 0
8 0 3 0
8 0 4 0
8 1 0 0
8 1 1 0
8 1 2 0
8 1 3 0
8 1 4 0
8 2 0 0
8 2 1 0
8 2 2 0
8 2 3 0
8 2 4 0
8 3 0 3133
8 3 1 3133
8 3 2 0
8 3 3 0
8 3 4 0
8 4 0 0
8 4 1 0
8 4 2 0
8 4 3 0
8 4 4 0
8 5 0 0
8 5 1 0
8 5 2 0
8 5 3 0
8 5 4 0
8 6 0 3660
8 6 1 3660
8 6 2 3660
8 6 3 0
8 6 4 0
8 7 0 0
8 7 1 0
8 7 2 0
8 7 3 0
8 7 4 0
8 9 0 0
8 9 1 0
8 9 2 0
8 9 3 0
8 9 4 0
8 10 0 0
8 10 1 0
8 10 2 0
8 10 3 0
8 10 4 0
8 11 0 0
8 11 1 0
8 11 2 0
8 11 3 0
8 11 4 0
8 12 0 0
8 12 1 0
8 12 2 0
8 12 3 0
8 12 4 0
8 13 0 0
8 13 1 0
8 13 2 0
8 13 3 0
8 13 4 0
8 14 0 0
8 14 1 0
8 14 2 0
8 14 3 0
8 14 4 0
8 15 0 3440
8 15 1 3440
8 15 2 0
8 15 3 0
8 15 4 0
8 16 0 0
8 16 1 0
8 16 2 0
8 16 3 0
8 16 4 0
8 17 0 0
8 17 1 0
8 17 2 0
8 17 3 0
8 17 4 0
8 18 0 0
8 18 1 0
8 18 2 0
8 18 3 0
8 18 4 0
8 19 0 0
8 19 1 0
8 19 2 0
8 19 3 0
8 19 4 0
9 0 0 0
9 0 1 0
9 0 2 0
9 0 3 0
9 0 4 0
9 1 0 0
9 1 1 0
9 1 2 0
9 1 3 0
9 1 4 0
9 2 0 3249
9 2 1 3249
9 2 2 0
9 2 3 0
9 2 4 0
9 3 0 3989
9 3 1 3989
9 3 2 3989
9 3 3 0
9 3 4 0
9 4 0 0
9 4 1 0
9 4 2 0
9 4 3 0
9 4 4 0
9 5 0 0
9 5 1 0
9 5 2 0
9 5 3 0
9 5 4 0
9 6 0 0
9 6 1 0
9 6 2 0
9 6 3 0
9 6 4 0
9 7 0 0
9 7 1 0
9 7 2 0
9 7 3 0
9 7 4 0
9 8 0 3800
9 8 1 3800
9 8 2 0
9 8 3 0
9 8 4 0
9 10 0 3676
9 10 1 3676
9 10 2 0
9 10 3 0
9 10 4 0
9 11 0 0
9 11 1 0
9 11 2 0
9 11 3 0
9 11 4 0
9 12 0 3258
9 12 1 3258
9 12 2 0
9 12 3 0
9 12 4 0
9 13 0 0
9 13 1 0
9 13 2 0
9 13 3 0
9 13 4 0
9 14 0 3862
9 14 1 3862
9 14 2 0
9 14 3 0
9 14 4 0
9 15 0 0
9 15 1 0
9 15 2 0
9 15 3 0
9 15 4 0
9 16 0 0
9 16 1 0
9 16 2 0
9 16 3 0
9 16 4 0
9 17 0 0
9 17 1 0
9 17 2 0
9 17 3 0
9 17 4 0
9 18 0 0
9 18 1 0
9 18 2 0
9 18 3 0
9 18 4 0
9 19 0 0
9 19 1 0
9 19 2 0
9 19 3 0
9 19 4 0
10 0 0 0
10 0 1 0
10 0 2 0
10 0 3 0
10 0 4 0
10 1 0 0
10 1 1 0
10 1 2 0
10 1 3 0
10 1 4 0
10 2 0 0
10 2 1 0
10 2 2 0
10 2 3 0
10 2 4 0
10 3 0 0
10 3 1 0
10 3 2 0
10 3 3 0
10 3 4 0
10 4 0 0
10 4 1 0
10 4 2 0
10 4 3 0
10 4 4 0
10 5 0 3523
10 5 1 3523
10 5 2 3523
10 5 3 0
10 5 4 0
10 6 0 0
10 6 1 0
10 6 2 0
10 6 3 0
10 6 4 0
10 7 0 0
10 7 1 0
10 7 2 0
10 7 3 0
10 7 4 0
10 8 0 0
10 8 1 0
10 8 2 0
10 8 3 0
10 8 4 0
10 9 0 3444
10 9 1 3444
10 9 2 0
10 9 3 0
10 9 4 0
10 11 0 3193
10 11 1 3193
10 11 2 0
10 11 3 0
10 11 4 0
10 12 0 0
10 12 1 0
10 12 2 0
10 12 3 0
10 12 4 0
10 13 0 3936
10 13 1 3936
10 13 2 3936
10 13 3 0
10 13 4 0
10 14 0 3946
10 14 1 3946
10 14 2 3946
10 14 3 0
10 14 4 0
10 15 0 3458
10 15 1 3458
10 15 2 3458
10 15 3 0
10 15 4 0
10 16 0 0
10 16 1 0
10 16 2 0
10 16 3 0
10 16 4 0
10 17 0 3473
10 17 1 3473
10 17 2 3473
10 17 3 0
10 17 4 0
10 18 0 0
10 18 1 0
10 18 2 0
10 18 3 0
10 18 4 0
10 19 0 3126
10 19 1 3126
10 19 2 0
10 19 3 0
10 19 4 0
11 0 0 0
11 0 1 0
11 0 2 0
11 0 3 0
11 0 4 0
11 1 0 0
11 1 1 0
11 1 2 0
11 1 3 0
11 1 4 0
11 2 0 0
11 2 1 0
11 2 2 0
11 2 3 0
11 2 4 0
11 3 0 0
11 3 1 0
11 3 2 0
11 3 3 0
11 3 4 0
11 4 0 3367
11 4 1 3367
11 4 2 0
11 4 3 0
11 4 4 0
11 5 0 3439
11 5 1 3439
11 5 2 3439
11 5 3 0
11 5 4 0
11 6 0 3936
11 6 1 3936
11 6 2 3936
11 6 3 0
11 6 4 0
11 7 0 3223
11 7 1 3223
11 7 2 0
11 7 3 0
11 7 4 0
11 8 0 0
11 8 1 0
11 8 2 0
11 8 3 0
11 8 4 0
11 9 0 0
11 9 1 0
11 9 2 0
11 9 3 0
11 9 4 0
11 10 0 3152
11 10 1 3152
11 10 2 0
11 10 3 0
11 10 4 0
11 12 0 0
11 12 1 0
11 12 2 0
11 12 3 0
11 12 4 0
11 13 0 0
11 13 1 0
11 13 2 0
11 13 3 0
11 13 4 0
11 14 0 0
11 14 1 0
11 14 2 0
11 14 3 0
11 14 4 0
11 15 0 3165
11 15 1 3165
11 15 2 0
11 15 3 0
11 15 4 0
11 16 0 0
11 16 1 0
11 16 2 0
11 16 3 0
11 16 4 0
11 17 0 3264
11 17 1 3264
11 17 2 0
11 17 3 0
11 17 4 0
11 18 0 0
11 18 1 0
11 18 2 0
11 18 3 0
11 18 4 0
11 19 0 0
11 19 1 0
11 19 2 0
11 19 3 0
11 19 4 0
12 0 0 3170
12 0 1 3170
12 0 2 3170
12 0 3 0
12 0 4 0
12 1 0 3170
12 1 1 3170
12 1 2 0
12 1 3 0
12 1 4 0
12 2 0 3539
12 2 1 3539
12 2 2 3539
12 2 3 0
12 2 4 0
12 3 0 0
12 3 1 0
12 3 2 0
12 3 3 0
12 3 4 0
12 4 0 0
12 4 1 0
12 4 2 0
12 4 3 0
12 4 4 0
12 5 0 0
12 5 1 0
12 5 2 0
12 5 3 0
12 5 4 0
12 6 0 3039
12 6 1 3039
12 6 2 3039
12 6 3 0
12 6 4 0
12 7 0 0
12 7 1 0
12 7 2 0
12 7 3 0
12 7 4 0
12 8 0 0
12 8 1 0
12 8 2 0
12 8 3 0
12 8 4 0
12 9 0 0
12 9 1 0
12 9 2 0
12 9 3 0
12 9 4 0
12 10 0 3140
12 10 1 3140
12 10 2 0
12 10 3 0
12 10 4 0
12 11 0 0
12 11 1 0
12 11 2 0
12 11 3 0
12 11 4 0
12 13 0 0
12 13 1 0
12 13 2 0
12 13 3 0
12 13 4 0
12 14 0 3438
12 14 1 3438
12 14 2 3438
12 14 3 0
12 14 4 0
12 15 0 0
12 15 1 0
12 15 2 0
12 15 3 0
12 15 4 0
12 16 0 0
12 16 1 0
12 16 2 0
12 16 3 0
12 16 4 0
12 17 0 0
12 17 1 0
12 17 2 0
12 17 3 0
12 17 4 0
12 18 0 3900
12 18 1 3900
12 18 2 3900
12 18 3 0
12 18 4 0
12 19 0 3692
12 19 1 3692
12 19 2 0
12 19 3 0
12 19 4 0
13 0 0 0
13 0 1 0
13 0 2 0
13 0 3 0
13 0 4 0
13 1 0 0
13 1 1 0
13 1 2 0
13 1 3 0
13 1 4 0
13 2 0 0
13 2 1 0
13 2 2 0
13 2 3 0
13 2 4 0
13 3 0 0
13 3 1 0
13 3 2 0
13 3 3 0
13 3 4 0
13 4 0 3496
13 4 1 3496
13 4 2 3496
13 4 3 0
13 4 4 0
13 5 0 0
13 5 1 0
13 5 2 0
13 5 3 0
13 5 4 0
13 6 0 0
13 6 1 0
13 6 2 0
13 6 3 0
13 6 4 0
13 7 0 0
13 7 1 0
13 7 2 0
13 7 3 0
13 7 4 0
13 8 0 0
13 8 1 0
13 8 2 0
13 8 3 0
13 8 4 0
13 9 0 3620
13 9 1 3620
13 9 2 0
13 9 3 0
13 9 4 0
13 10 0 3927
13 10 1 3927
13 10 2 3927
13 10 3 0
13 10 4 0
13 11 0 0
13 11 1 0
13 11 2 0
13 11 3 0
13 11 4 0
13 12 0 3635
13 12 1 3635
13 12 2 3635
13 12 3 0
13 12 4 0
13 14 0 0
13 14 1 0
13 14 2 0
13 14 3 0
13 14 4 0
13 15 0 0
13 15 1 0
13 15 2 0
13 15 3 0
13 15 4 0
13 16 0 0
13 16 1 0
13 16 2 0
13 16 3 0
13 16 4 0
13 17 0 3950
13 17 1 3950
13 17 2 3950
13 17 3 0
13 17 4 0
13 18 0 3044
13 18 1 3044
13 18 2 3044
13 18 3 0
13 18 4 0
13 19 0 0
13 19 1 0
13 19 2 0
13 19 3 0
13 19 4 0
14 0 0 0
14 0 1 0
14 0 2 0
14 0 3 0
14 0 4 0
14 1 0 0
14 1 1 0
14 1 2 0
14 1 3 0
14 1 4 0
14 2 0 3303
14 2 1 3303
14 2 2 3303
14 2 3 0
14 2 4 0
14 3 0 0
14 3 1 0
14 3 2 0
14 3 3 0
14 3 4 0
14 4 0 0
14 4 1 0
14 4 2 0
14 4 3 0
14 4 4 0
14 5 0 0
14 5 1 0
14 5 2 0
14 5 3 0
14 5 4 0
14 6 0 3956
14 6 1 3956
14 6 2 3956
14 6 3 0
14 6 4 0
14 7 0 0
14 7 1 0
14 7 2 0
14 7 3 0
14 7 4 0
14 8 0 0
14 8 1 0
14 8 2 0
14 8 3 0
14 8 4 0
14 9 0 0
14 9 1 0
14 9 2 0
14 9 3 0
14 9 4 0
14 10 0 0
14 10 1 0
14 10 2 0
14 10 3 0
14 10 4 0
14 11 0 3034
14 11 1 3034
14 11 2 0
14 11 3 0
14 11 4 0
14 12 0 0
14 12 1 0
14 12 2 0
14 12 3 0
14 12 4 0
14 13 0 0
14 13 1 0
14 13 2 0
14 13 3 0
14 13 4 0
14 15 0 0
14 15 1 0
14 15 2 0
14 15 3 0
14 15 4 0
14 16 0 0
14 16 1 0
14 16 2 0
14 16 3 0
14 16 4 0
14 17 0 0
14 17 1 0
14 17 2 0
14 17 3 0
14 17 4 0
14 18 0 0
14 18 1 0
14 18 2 0
14 18 3 0
14 18 4 0
14 19 0 3052
14 19 1 3052
14 19 2 3052
14 19 3 0
14 19 4 0
15 0 0 0
15 0 1 0
15 0 2 0
15 0 3 0
15 0 4 0
15 1 0 0
15 1 1 0
15 1 2 0
15 1 3 0
15 1 4 0
15 2 0 0
15 2 1 0
15 2 2 0
15 2 3 0
15 2 4 0
15 3 0 0
15 3 1 0
15 3 2 0
15 3 3 0
15 3 4 0
15 4 0 3229
15 4 1 3229
15 4 2 3229
15 4 3 0
15 4 4 0
15 5 0 0
15 5 1 0
15 5 2 0
15 5 3 0
15 5 4 0
15 6 0 0
15 6 1 0
15 6 2 0
15 6 3 0
15 6 4 0
15 7 0 0
15 7 1 0
15 7 2 0
15 7 3 0
15 7 4 0
15 8 0 0
15 8 1 0
15 8 2 0
15 8 3 0
15 8 4 0
15 9 0 0
15 9 1 0
15 9 2 0
15 9 3 0
15 9 4 0
15 10 0 0
15 10 1 0
15 10 2 0
15 10 3 0
15 10 4 0
15 11 0 0
15 11 1 0
15 11 2 0
15 11 3 0
15 11 4 0
15 12 0 0
15 12 1 0
15 12 2 0
15 12 3 0
15 12 4 0
15 13 0 0
15 13 1 0
15 13 2 0
15 13 3 0
15 13 4 0
15 14 0 3603
15 14 1 3603
15 14 2 0
15 14 3 0
15 14 4 0
15 16 0 3955
15 16 1 3955
15 16 2 0
15 16 3 0
15 16 4 0
15 17 0 0
15 17 1 0
15 17 2 0
15 17 3 0
15 17 4 0
15 18 0 3178
15 18 1 3178
15 18 2 3178
15 18 3 0
15 18 4 0
15 19 0 0
15 19 1 0
15 19 2 0
15 19 3 0
15 19 4 0
16 0 0 0
16 0 1 0
16 0 2 0
16 0 3 0
16 0 4 0
16 1 0 3409
16 1 1 3409
16 1 2 0
16 1 3 0
16 1 4 0
16 2 0 0
16 2 1 0
16 2 2 0
16 2 3 0
16 2 4 0
16 3 0 0
16 3 1 0
16 3 2 0
16 3 3 0
16 3 4 0
16 4 0 0
16 4 1 0
16 4 2 0
16 4 3 0
16 4 4 0
16 5 0 0
16 5 1 0
16 5 2 0
16 5 3 0
16 5 4 0
16 6 0 3645
16 6 1 3645
16 6 2 3645
16 6 3 0
16 6 4 0
16 7 0 0
16 7 1 0
16 7 2 0
16 7 3 0
16 7 4 0
16 8 0 0
16 8 1 0
16 8 2 0
16 8 3 0
16 8 4 0
16 9 0 3644
16 9 1 3644
16 9 2 0
16 9 3 0
16 9 4 0
16 10 0 3268
16 10 1 3268
16 10 2 0
16 10 3 0
16 10 4 0
16 11 0 0
16 11 1 0
16 11 2 0
16 11 3 0
16 11 4 0
16 12 0 0
16 12 1 0
16 12 2 0
16 12 3 0
16 12 4 0
16 13 0 0
16 13 1 0
16 13 2 0
16 13 3 0
16 13 4 0
16 14 0 3370
16 14 1 3370
16 14 2 0
16 14 3 0
16 14 4 0
16 15 0 3321
16 15 1 3321
16 15 2 3321
16 15 3 0
16 15 4 0
16 17 0 0
16 17 1 0
16 17 2 0
16 17 3 0
16 17 4 0
16 18 0 3886
16 18 1 3886
16 18 2 0
16 18 3 0
16 18 4 0
16 19 0 0
16 19 1 0
16 19 2 0
16 19 3 0
16 19 4 0
17 0 0 0
17 0 1 0
17 0 2 0
17 0 3 0
17 0 4 0
17 1 0 3503
17 1 1 3503
17 1 2 0
17 1 3 0
17 1 4 0
17 2 0 0
17 2 1 0
17 2 2 0
17 2 3 0
17 2 4 0
17 3 0 0
17 3 1 0
17 3 2 0
17 3 3 0
17 3 4 0
17 4 0 3375
17 4 1 3375
17 4 2 3375
17 4 3 0
17 4 4 0
17 5 0 0
17 5 1 0
17 5 2 0
17 5 3 0
17 5 4 0
17 6 0 0
17 6 1 0
17 6 2 0
17 6 3 0
17 6 4 0
17 7 0 0
17 7 1 0
17 7 2 0
17 7 3 0
17 7 4 0
17 8 0 3476
17 8 1 3476
17 8 2 0
17 8 3 0
17 8 4 0
17 9 0 0
17 9 1 0
17 9 2 0
17 9 3 0
17 9 4 0
17 10 0 0
17 10 1 0
17 10 2 0
17 10 3 0
17 10 4 0
17 11 0 0
17 11 1 0
17 11 2 0
17 11 3 0
17 11 4 0
17 12 0 0
17 12 1 0
17 12 2 0
17 12 3 0
17 12 4 0
17 13 0 0
17 13 1 0
17 13 2 0
17 13 3 0
17 13 4 0
17 14 0 0
17 14 1 0
17 14 2 0
17 14 3 0
17 14 4 0
17 15 0 0
17 15 1 0
17 15 2 0
17 15 3 0
17 15 4 0
17 16 0 0
17 16 1 0
17 16 2 0
17 16 3 0
17 16 4 0
17 18 0 0
17 18 1 0
17 18 2 0
17 18 3 0
17 18 4 0
17 19 0 0
17 19 1 0
17 19 2 0
17 19 3 0
17 19 4 0
18 0 0 0
18 0 1 0
18 0 2 0
18 0 3 0
18 0 4 0
18 1 0 3420
18 1 1 3420
18 1 2 0
18 1 3 0
18 1 4 0
18 2 0 3172
18 2 1 3172
18 2 2 0
18 2 3 0
18 2 4 0
18 3 0 0
18 3 1 0
18 3 2 0
18 3 3 0
18 3 4 0
18 4 0 0
18 4 1 0
18 4 2 0
18 4 3 0
18 4 4 0
18 5 0 0
18 5 1 0
18 5 2 0
18 5 3 0
18 5 4 0
18 6 0 3249
18 6 1 3249
18 6 2 3249
18 6 3 0
18 6 4 0
18 7 0 3032
18 7 1 3032
18 7 2 3032
18 7 3 0
18 7 4 0
18 8 0 0
18 8 1 0
18 8 2 0
18 8 3 0
18 8 4 0
18 9 0 3943
18 9 1 3943
18 9 2 0
18 9 3 0
18 9 4 0
18 10 0 0
18 10 1 0
18 10 2 0
18 10 3 0
18 10 4 0
18 11 0 0
18 11 1 0
18 11 2 0
18 11 3 0
18 11 4 0
18 12 0 3947
18 12 1 3947
18 12 2 0
18 12 3 0
18 12 4 0
18 13 0 0
18 13 1 0
18 13 2 0
18 13 3 0
18 13 4 0
18 14 0 3949
18 14 1 3949
18 14 2 3949
18 14 3 0
18 14 4 0
18 15 0 0
18 15 1 0
18 15 2 0
18 15 3 0
18 15 4 0
18 16 0 0
18 16 1 0
18 16 2 0
18 16 3 0
18 16 4 0
18 17 0 3671
18 17 1 3671
18 17 2 3671
18 17 3 0
18 17 4 0
18 19 0 0
18 19 1 0
18 19 2 0
18 19 3 0
18 19 4 0
19 0 0 3157
19 0 1 3157
19 0 2 3157
19 0 3 0
19 0 4 0
19 1 0 3690
19 1 1 3690
19 1 2 3690
19 1 3 0
19 1 4 0
19 2 0 0
19 2 1 0
19 2 2 0
19 2 3 0
19 2 4 0
19 3 0 3157
19 3 1 3157
19 3 2 3157
19 3 3 0
19 3 4 0
19 4 0 0
19 4 1 0
19 4 2 0
19 4 3 0
19 4 4 0
19 5 0 0
19 5 1 0
19 5 2 0
19 5 3 0
19 5 4 0
19 6 0 0
19 6 1 0
19 6 2 0
19 6 3 0
19 6 4 0
19 7 0 0
19 7 1 0
19 7 2 0
19 7 3 0
19 7 4 0
19 8 0 3882
19 8 1 3882
19 8 2 3882
19 8 3 0
19 8 4 0
19 9 0 0
19 9 1 0
19 9 2 0
19 9 3 0
19 9 4 0
19 10 0 0
19 10 1 0
19 10 2 0
19 10 3 0
19 10 4 0
19 11 0 0
19 11 1 0
19 11 2 0
19 11 3 0
19 11 4 0
19 12 0 0
19 12 1 0
19 12 2 0
19 12 3 0
19 12 4 0
19 13 0 3378
19 13 1 3378
19 13 2 3378
19 13 3 0
19 13 4 0
19 14 0 3596
19 14 1 3596
19 14 2 0
19 14 3 0
19 14 4 0
19 15 0 0
19 15 1 0
19 15 2 0
19 15 3 0
19 15 4 0
19 16 0 0
19 16 1 0
19 16 2 0
19 16 3 0
19 16 4 0
19 17 0 0
19 17 1 0
19 17 2 0
19 17 3 0
19 17 4 0
19 18 0 3628
19 18 1 3628
19 18 2 3628
19 18 3 0
19 18 4 0

