30 4 16 395

   0 1010 1017 1486 1422 1498 1286 1533 1300 1328 1122 1313  917 1680 1117 1116 1542 1018 1035 1494 1754 1752 1346 1301 1275 1288 1415 1548 1595 1001 
1066    0  788 1280 1131 1343 1080 1212 1049 1098  821 1027  919 1418  677  656 1496  680  759 1435 1258 1354 1014 1006 1147  863 1105 1416 1325  747 
1085  657    0 1487 1097 1240  897 1241 1170  981  778 1023  765 1339  771  659 1402  899  727 1298 1473 1433  936  957 1045 1198 1096 1388 1533  781 
1507 1342 1185    0 1767 1689 1416 1865 1582 1419 1549 1553 1450 1879 1346 1272 1917 1420 1345 1964 2012 1959 1823 1497 1609 1573 1584 1776 1856 1457 
1453 1225 1178 1489    0 1843 1381 1617 1362 1279 1102 1376 1017 1586 1144 1108 1486 1186  899 1528 1738 1493 1330 1282 1413 1349 1446 1619 1810 1089 
1530 1412 1300 1885 1494    0 1495 1926 1602 1498 1158 1611 1517 1697 1240 1392 1785 1339 1380 1688 1923 1878 1539 1370 1673 1561 1498 1803 1796 1362 
1293 1159  895 1496 1449 1511    0 1417 1461 1388 1183 1172 1099 1554  966  870 1433 1098 1190 1557 1495 1780 1290 1331 1433 1261 1406 1548 1700 1056 
1597 1394 1422 1656 1624 1749 1674    0 1487 1413 1243 1456 1260 1809 1182 1360 1800 1175 1244 1750 1693 1862 1661 1678 1374 1502 1460 1798 1984 1238 
1386  950 1063 1569 1362 1546 1379 1776    0 1366 1136 1333 1043 1687  968 1125 1638 1035 1088 1606 1716 1670 1427 1219 1314 1440 1338 1551 1520 1105 
1329  947 1125 1451 1249 1563 1519 1667 1393    0 1161 1439  927 1665 1108 1065 1622 1034  962 1478 1577 1610 1178 1340 1151 1500 1464 1689 1795 1160 
1114  632  732 1475  984 1262 1010 1118 1185 1060    0 1134  730 1178  805  758 1270  813  900 1273 1189 1348 1022 1133 1065 1176 1077 1358 1311  790 
1270 1240 1054 1664 1260 1733 1382 1458 1341 1257 1107    0 1087 1678  993 1061 1519 1148 1234 1477 1449 1635 1245 1298 1401 1471 1165 1526 1580  994 
1101  758  766 1140 1060 1252 1186 1489  921  950  795  955    0 1376  662  761 1311  702  876 1247 1476 1358 1144  973 1078  952  964 1283 1337  901 
1709 1389 1270 2005 1497 1696 1740 1928 1549 1595 1323 1694 1310    0 1467 1257 1924 1262 1309 1877 1767 1792 1627 1545 1566 1505 1567 1778 1960 1344 
1034  824  863 1182 1085 1355 1025 1170 1071 1051  739  969  881 1436    0  827 1327  857  713 1310 1185 1197 1077  957 1084 1096 1046 1509 1317  725 
1033  904  693 1224 1055 1414  914 1212 1183  985  746  960  840 1290  731    0 1384  804  762 1372 1305 1386 1090 1061  991 1213  942 1206 1300  839 
1565 1478 1273 1644 1416 1910 1354 1654 1614 1598 1240 1405 1339 1769 1341 1341    0 1386 1117 1902 1773 2155 1574 1763 1554 1840 1503 1674 1761 1223 
1167  860  739 1150  921 1220  977 1184 1006 1117  803 1031  789 1228  840  700 1395    0  786 1140 1058 1171 1093  882 1091  983  977 1206 1248  737 
 929  945  857 1378 1169 1448 1078 1340  906  999  798 1010  743 1189  661  802 1378  724    0 1245 1486 1346 1189 1114 1021 1057 1157 1293 1311  830 
1513 1445 1431 1844 1511 1602 1704 1866 1758 1510 1261 1556 1228 1750 1352 1320 1971 1404 1245    0 1671 1766 1552 1486 1437 1627 1542 1852 1834 1245 
1668 1252 1233 2049 1579 1993 1579 1847 1593 1654 1181 1617 1330 1732 1315 1465 1914 1206 1256 1744    0 2031 1371 1374 1709 1646 1559 1758 1911 1308 
1486 1169 1277 1780 1664 1929 1362 1922 1431 1662 1276 1668 1355 1591 1487 1401 1798 1167 1280 1917 1682    0 1772 1578 1648 1658 1507 1779 2106 1126 
1257  974 1177 1680 1233 1788 1378 1654 1302 1409 1125 1422  982 1503  923  984 1543 1021 1016 1526 1606 1550    0 1392 1521 1436 1337 1543 1711  970 
1297  949 1134 1677 1223 1638 1330 1757 1409 1354 1236 1275  962 1489 1243 1065 1553 1067 1044 1618 1433 1510 1219    0 1322 1246 1466 1618 1487 1129 
1477 1008  860 1758 1437 1557 1380 1623 1267 1375  947 1300 1008 1406 1171 1022 1489  986 1038 1535 1501 1502 1313 1148    0 1378 1264 1687 1489  980 
1402 1188 1089 1431 1305 1728 1514 1537 1324 1291 1109 1399 1055 1670 1155 1087 1694 1066  899 1419 1712 1364 1360 1250 1304    0 1341 1717 1557 1029 
1264 1074 1001 1649 1220 1572 1253 1551 1525 1239 1020 1414  957 1591 1232 1012 1622  949 1025 1513 1651 1655 1312 1440 1401 1445    0 1565 1552 1170 
1555 1293 1240 1860 1584 1941 1612 1734 1578 1688 1493 1655 1286 1677 1450 1293 1948 1327 1457 1879 1779 1643 1794 1606 1610 1687 1649    0 1927 1476 
1513 1138 1100 1988 1523 1675 1733 1719 1378 1541 1410 1530 1498 1876 1351 1324 1733 1135 1377 1839 1826 1696 1779 1625 1480 1730 1531 1677    0 1312 
1131  695  873 1335 1202 1416 1136 1269 1105 1015  733 1065  656 1201  786  759 1310  863  714 1234 1262 1382 1117 1211 1137  987 1146 1371 1098    0 

   0 1121 1010  601  826  685  778  690  847  811  999 1076  711 1151  802 1142 1185 1099 1167  842 1177  712  989  656 1151 1050  694  943  628 1122 
 692    0 1173  807 1118  963  708  699 1200 1192  962 1031 1035  709 1017  869  711 1187  905  892  799  972  850  831  998 1143  945 1193 1056  867 
 669  967    0 1061  624  691  740  811  822  703  814  978  901  996  883  956 1156  897 1116 1101 1179  814  941  769  837  801  922  738  664  959 
 774  724  699    0 1026  827  966  605  664  681  802  749 1129 1126  765  996  882 1087  912  705 1134  600  787 1187 1168 1099  940  766 1057 1006 
 701  889  986 1158    0 1107  985  920  918  709  849  885  793  929  880  676 1107 1091  943 1132 1110  895 1067  925  937  707  913  888 1037 1107 
 764 1070 1044 1127 1192    0  847  849  769  717 1038  782  808 1123  916  886  680  801 1047  603  703  653  880  900  733  945  906 1116  931 1078 
1146  674  715  859 1131  771    0 1095 1131  791  692 1165 1001  818  943  883  721 1085  988  923  984  864 1017  793  791 1170  966  793 1157  833 
 815  685 1092 1108 1065  876  766    0  651  902  619  992 1198  861  635 1165 1167 1151  652  948  936  774  920  696  871 1172 1109 1005  807  863 
 729  716  986 1005  752  810  963 1106    0  783  849  767  723  986  642 1044  864  749  849  880  907 1052 1123 1016 1055 1026  748  850 1161 1156 
1067  767  651  970  777 1052  658 1048  869    0 1035  802 1059 1133 1135 1130  807  704  928  741 1135  865  820 1001  687  770  801 1057  906  743 
 877 1164  770  934  986  666  684  949  983 1184    0  929 1118 1157 1034 1015 1090  733  989 1141 1068 1013 1067  734  877  916  829 1183 1033  793 
 855  714  886  979 1138 1033  717 1196  834  702  922    0  682 1106 1024 1017  698 1071  734 1081  951 1061 1004  863  627  861  805  833 1074  732 
 631 1120  716 1059 1092  804  874 1131  695  996  665  728    0  854  930  947 1155 1067  751  651  744 1129 1176 1013  993  655  891 1066  879  665 
1020  867  859 1059 1022  715  720  793  726  835  678  924  703    0  886  769 1199  658  727  894  887  690  602 1019  910 1186 1063  783  712  906 
 702 1180 1058 1095  734 1159  647  884 1047  917  861 1189 1112 1182    0 1159  700  769  711 1025  676  775  605  618 1044  872  679  737 1176 1172 
 861  894 1131  787 1183 1102  739 1119  730  935  667  611 1140  738  641    0  734 1155  856  858 1138 1127 1107  981  600  947  779  975 1035 1156 
 924  665 1101  803 1021 1056  826  842  744  863 1190 1192 1080 1168  825  844    0  668  846 1112  979  768 1175 1149  748 1138  676  860 1181  704 
 745 1056 1126  758  972 1193  904  954  899 1116  957  990 1170  724  620  620 1168    0 1093  930  782  875  603 1124 1041  629  667  903  749  668 
 705  602  686  713 1012  971  612 1010 1140  607  859 1062  833  719  961 1050  961 1073    0  603 1173  701  977  811  712 1150  632  686  730  609 
 789  978  973 1068 1028  775 1163  827  723  776  604  642  675  687  900  777  796 1177 1145    0  982  808  943  875 1102 1153  975  939  757  756 
1193  765  773  739  916 1003  743 1073  751  990 1136  659  826 1123  811 1017  717 1148  684  872    0 1161  896 1097  888 1024  802 1196  642 1118 
 937  721 1007  747 1094  805  679  774  826  879  904  752  787  909  961  823  898  704 1060  701  845    0  712 1166  921  626  632  610  824  697 
 908  966  661  736 1095  984  924  712 1087 1121  988  764  830 1092  961  961  710  884 1059 1006  791  892    0 1008  751  813  629  666  686  717 
 877 1017 1058  872  863  711  941  991 1008  625  889 1170  968  940 1167  788  783 1001  611  640  791 1085  690    0  946 1009  850 1153  789 1175 
 782  850  660 1194  806  762  655 1119 1091  664  731 1119  888  931  793 1200  840  633  953 1014  856  796  937  664    0  678  764  997  766  736 
 692 1180  992  705 1177  611  841  927  957  850  965  620 1162  877 1189 1016  643  954 1188  788  996 1161  796 1128  612    0 1031 1074  704  780 
1063 1122  855  908 1091  660 1194 1150  721  962  985  805  955 1055  695  681 1081  863  644  842  722 1177  795  876  655 1034    0  998 1140  804 
 667 1004  974  616 1013  889 1038  704  976  886  850 1098 1019  916  875  606  772 1141 1047  946 1083  995  754 1053  715  733  643    0 1005  604 
1184  611  847  765 1043  921 1195  952  855  841 1200 1158  942  986  912  821  700  665 1035  635  752  845  970  731  875  620  661 1090    0  703 
1002 1099  904  956  989  944 1111  775 1166 1055  652  811 1095 1176  983  661 1063  828  896  989  742  634 1123  928 1035  717  928  680 1177    0 

0 541 1026
1 238 988
2 298 810
3 666 918
4 469 960
5 558 737
6 495 711
7 648 1083
8 462 863
9 354 785
10 345 704
11 406 717
12 259 1092
13 590 745
14 349 844
15 338 1027
16 556 878
17 214 975
18 223 726
19 679 940
20 657 822
21 631 1040
22 463 728
23 534 887
24 385 802
25 399 782
26 361 973
27 604 877
28 591 959
29 343 800

0 28 6031 7651 3190 
0 25 6476 9353 3864 
0 8 24634 27674 5200 
0 19 7076 10317 5976 
0 23 6775 8244 5204 
0 22 876 3032 5384 
0 6 5097 7454 3858 
0 25 9187 12883 2576 
0 9 15534 18064 2656 
0 9 11982 14974 3984 
0 4 19336 21409 4266 
0 27 12999 15271 3096 
0 12 5837 8432 2751 
0 12 24139 26051 2751 
0 19 15276 17414 5976 
1 20 21716 24312 3774 
1 11 3894 6718 2054 
1 18 16537 19233 1518 
1 5 13860 17095 2686 
1 12 16253 19782 2757 
1 27 23890 26407 2832 
1 22 19374 21779 4056 
1 27 21711 24765 2832 
1 21 22688 25681 2708 
1 7 23397 25598 4848 
2 14 10475 13318 2313 
2 7 19293 22520 2482 
2 12 18473 21148 1530 
2 16 4925 8774 4206 
2 1 23096 25813 2628 
2 5 21255 23949 3720 
2 6 14731 17284 3588 
2 17 16803 19242 1798 
2 10 9600 12082 3112 
3 23 5338 9539 4491 
3 2 4374 6247 4740 
3 0 14444 16719 6028 
3 11 18654 20309 4659 
3 7 21024 22724 3730 
3 27 4608 6967 7104 
3 22 21214 23252 7292 
3 7 9288 11593 5595 
3 26 23424 26761 3168 
3 14 10128 12637 4038 
3 0 11037 12848 6028 
3 4 23555 27258 3534 
3 27 83 3139 7104 
4 26 22286 24933 5784 
4 20 15334 17975 3476 
4 3 4913 7912 5956 
4 16 89 2646 4458 
4 26 18342 20569 4338 
4 10 4562 7890 3306 
4 13 24498 27322 3172 
4 29 2217 5383 3267 
4 8 14574 16566 2724 
4 8 11692 13564 5448 
4 6 19398 21702 2762 
4 2 5090 8639 2356 
4 5 20855 23378 7372 
4 17 21937 24260 4744 
4 23 5844 9349 2564 
4 19 7192 10463 4584 
5 21 2903 5345 7512 
5 15 16619 19790 5568 
5 4 10072 13338 2988 
5 1 6364 9231 4236 
5 20 4960 7483 5769 
5 20 25239 26968 3846 
5 9 2916 5547 4494 
5 0 11750 14286 3060 
5 29 2991 6440 2724 
5 3 22829 27032 3770 
5 28 20288 23434 3592 
5 13 1704 4949 6788 
5 18 1387 4988 2760 
6 13 5069 6868 4662 
6 0 2743 5344 3879 
6 1 2891 5344 4636 
6 4 1274 4225 4347 
6 27 118 2909 3096 
6 27 12458 15320 4644 
6 13 15964 19080 4662 
6 25 15580 18165 2522 
6 15 16536 19520 3480 
6 8 4667 7415 4383 
6 15 23027 25393 2610 
6 12 16818 19460 2198 
6 15 5885 8578 1740 
6 7 24828 28310 2834 
6 13 4945 7938 6216 
6 26 14553 17451 5624 
7 3 18406 21009 4968 
7 2 1446 4230 5688 
7 9 6333 9462 5652 
7 21 650 3010 5586 
7 3 1432 3969 6624 
7 20 21702 24435 5079 
7 8 4648 6086 4461 
7 20 13318 17052 5079 
7 17 5880 9413 3525 
7 9 4019 6715 2826 
7 15 9597 14012 4080 
7 11 7059 10947 2912 
7 26 558 4805 4380 
7 15 16820 20082 4080 
7 28 21282 24267 7936 
8 3 18387 21472 4707 
8 6 15788 17906 4137 
8 2 21352 24349 4252 
8 3 14099 17978 3138 
8 20 10977 13979 6864 
8 12 24478 27008 3129 
8 25 1693 5602 4320 
8 16 2802 4979 3276 
8 2 19566 21735 2126 
8 18 5110 6892 3264 
8 2 25875 28635 2126 
8 24 24243 28072 5256 
8 21 5996 8247 5010 
8 17 16484 18573 3105 
8 12 24537 26156 4172 
8 23 14290 17856 4876 
9 27 12770 15306 3378 
9 3 14145 17404 2902 
9 0 20691 23017 3987 
9 15 10775 13588 4260 
9 0 23609 26842 5316 
9 22 20556 22433 2356 
9 1 14144 16322 1894 
9 4 12024 13982 2498 
9 27 14972 17963 3378 
9 0 13697 17463 3987 
9 7 889 3676 6668 
9 5 23568 26724 4689 
10 19 25925 29804 3819 
10 6 3801 6386 2020 
10 6 24022 25492 2020 
10 0 6157 8086 2228 
10 4 10179 12545 2952 
10 3 12496 14728 2950 
10 2 2824 4595 1464 
10 7 21390 25081 3354 
10 2 20126 21704 1464 
10 12 21571 25551 1460 
10 9 923 3930 2120 
10 2 10218 12789 2928 
10 18 25484 28213 2700 
10 13 26021 28855 3534 
10 5 25369 26794 3786 
11 28 1662 4926 3160 
11 2 2457 4592 3162 
11 12 3464 5878 2174 
11 3 2090 4557 3328 
11 1 9737 11600 4960 
11 21 21482 24771 3270 
11 26 22227 24054 4660 
11 16 10295 12200 3038 
11 15 24818 28448 4244 
11 0 15963 19280 5080 
11 15 3936 6966 2122 
11 4 7744 11692 3780 
11 23 3538 6092 5192 
11 20 20580 24317 4347 
11 12 10017 12219 2174 
11 29 20908 23799 3976 
12 2 14649 16775 3064 
12 28 15581 18130 2674 
12 15 25767 29195 1522 
12 3 3650 6795 4560 
12 5 754 2659 2504 
12 15 13282 16028 3044 
12 9 14962 18537 1900 
12 21 25559 28754 2716 
13 11 6670 8952 3388 
13 17 11343 12797 2524 
13 14 5237 8444 2934 
13 14 3595 6784 2934 
13 4 3990 7475 2994 
13 11 478 2880 6776 
13 23 15919 18884 3090 
13 0 12201 16015 5127 
13 4 6077 9827 5988 
13 14 2514 5951 5868 
13 0 5537 8821 5127 
13 8 10659 13178 3098 
13 19 25729 27579 5631 
13 22 21413 22707 3254 
14 11 966 3724 2907 
14 2 19335 22530 3452 
14 22 9873 11446 2154 
14 11 11377 15502 3876 
14 28 5261 8483 5268 
14 27 6652 8892 6036 
14 12 19611 22624 1762 
14 1 9441 13641 3296 
14 16 15830 17272 2654 
14 16 24174 26442 5308 
14 9 12297 15112 2102 
14 12 14386 16776 3524 
15 25 22474 24500 4852 
15 14 23105 25136 1462 
15 2 10772 13870 2772 
15 14 7284 8854 2193 
15 27 1751 3935 4824 
15 16 16185 18820 4152 
15 20 24142 27317 2610 
15 3 12667 15657 4896 
15 2 23009 26537 1386 
15 13 13782 16150 2580 
15 12 26015 30324 2520 
15 27 15552 17628 3618 
15 27 6681 9869 4824 
15 8 14969 17867 2366 
15 8 24874 26669 3549 
15 9 10840 14000 2955 
16 22 13626 16575 4722 
16 7 21459 23328 3308 
16 17 24778 27009 4158 
16 21 5990 8009 6465 
16 15 14002 15732 5364 
16 21 7363 9359 4310 
16 15 801 2750 2682 
16 3 21217 24260 3288 
16 11 15604 18417 4215 
16 20 24007 27599 5319 
16 20 25353 29190 5319 
16 26 14490 16369 4509 
16 11 13616 18360 4215 
17 3 16022 18053 2300 
17 26 381 2108 2931 
17 13 13242 14965 3684 
17 9 20329 24056 2234 
17 18 1946 5902 2358 
17 16 3419 6899 4185 
17 13 7131 9599 2456 
17 1 24615 26800 2580 
17 29 22 2620 1474 
18 27 7295 8872 3879 
18 8 1009 3528 2718 
18 12 7488 9287 2972 
18 0 23440 26027 3716 
18 1 3578 5841 1890 
18 4 3183 6512 4676 
18 6 911 3297 2156 
18 10 20007 23296 2394 
18 20 4415 7382 2972 
19 6 9488 13779 3408 
19 8 249 2707 5274 
19 28 18516 20491 5502 
19 8 4563 6341 3516 
19 14 24414 27474 4056 
19 3 23154 26272 7376 
19 2 20288 22457 2862 
19 13 5701 7707 7000 
19 7 10542 13105 5598 
19 17 13890 18009 2808 
19 24 12592 15787 4311 
19 22 2332 5481 6208 
19 15 3013 6066 2640 
19 26 20482 24079 3084 
20 27 5887 9977 7032 
20 7 19732 22596 3694 
20 26 2090 3702 3118 
20 23 4867 8860 2748 
20 27 5377 9814 7032 
20 24 23152 25718 5127 
20 19 7486 9901 3488 
20 29 14146 18517 2616 
20 2 14499 16570 4932 
20 19 11502 14597 6976 
20 29 5628 8232 2616 
20 17 7135 10372 4824 
20 11 25282 27245 6468 
20 26 11463 14117 6236 
21 16 16809 19574 7192 
21 18 5520 7958 5120 
21 28 18676 21222 4212 
21 20 15391 17833 5046 
21 14 11872 15398 2974 
21 13 5115 7732 6364 
21 3 26169 28380 7120 
21 6 9176 11695 5448 
21 1 23486 24949 4676 
21 10 5213 8105 2552 
21 14 2446 5665 4461 
21 9 4980 6817 4986 
22 25 23852 25917 2872 
22 5 10755 14622 5364 
22 21 13563 17006 6200 
22 16 26084 27937 4629 
22 25 20898 22751 2872 
22 25 12962 15913 4308 
22 9 10111 14269 5636 
22 3 19827 22616 3360 
22 5 5050 7588 5364 
22 6 14017 17648 5512 
22 19 23385 27258 3052 
22 23 187 2686 2784 
22 19 10553 13621 3052 
22 29 9899 11992 2910 
23 5 13949 15762 3276 
23 22 21543 23412 3657 
23 17 22866 25368 2134 
23 8 12164 15853 5636 
23 24 24429 27389 2644 
23 16 11233 14098 4659 
23 3 7192 9869 5031 
23 3 23872 26191 6708 
23 25 12760 16523 2492 
23 21 21957 24539 3020 
23 17 16297 19239 3201 
23 6 12071 15411 5320 
23 27 25833 29061 3236 
23 17 6129 8771 3201 
24 18 15263 17588 2076 
24 8 5525 7837 2534 
24 17 18978 20782 1972 
24 4 5846 7514 4311 
24 11 4807 7470 3900 
24 15 3234 5922 2044 
24 0 1737 3981 2954 
24 29 23925 25433 2940 
24 5 7750 10767 3114 
24 18 2106 4726 2076 
24 11 6880 10225 2600 
24 21 179 3355 4506 
25 15 24847 27285 2174 
25 19 1482 4500 4257 
25 5 848 2118 3456 
25 28 721 2762 4671 
25 9 14598 17394 2582 
25 16 7268 8631 3388 
25 21 552 4905 5456 
25 14 22523 24936 2310 
25 29 6127 8779 2058 
25 16 16912 18313 6776 
25 19 20960 22567 2838 
25 7 16524 19796 6148 
25 8 13906 16135 2648 
26 10 6822 9688 3060 
26 17 23821 27057 2847 
26 18 2087 3845 2050 
26 20 12661 14343 6604 
26 29 13895 16242 3510 
26 6 10557 13553 3759 
26 12 3815 6278 3828 
26 25 22128 25540 4335 
26 3 14300 16352 4947 
26 21 11493 15071 3310 
26 22 18938 21386 2624 
26 9 9691 12827 2478 
26 2 19142 21963 2002 
26 11 1371 3375 4242 
26 15 11146 12576 3036 
27 0 1191 3578 6220 
27 19 15579 18871 3758 
27 15 21719 22961 5172 
27 2 3999 7505 4960 
27 20 16102 18549 7116 
27 29 19080 20294 4428 
27 28 22375 25671 3854 
27 9 7719 11200 3376 
27 0 1542 3776 3110 
27 28 19382 21432 7708 
27 25 6698 9410 5061 
27 6 9808 13005 6448 
27 3 25817 27092 5580 
27 2 13151 16930 2480 
27 20 10211 12907 7116 
28 9 11179 14366 3082 
28 16 15859 18330 5199 
28 2 11799 15178 4400 
28 29 25832 27315 5248 
28 8 3939 6760 4134 
28 27 22240 25204 6708 
28 2 21482 24463 4400 
28 2 4198 6561 3300 
28 6 13208 16123 6932 
28 7 22705 24789 6876 
28 26 686 3290 3062 
28 21 20974 23779 5088 
28 8 7014 9655 2756 
29 9 21805 25392 4060 
29 17 6422 8955 3452 
29 8 2713 6630 4420 
29 8 1000 3588 4420 
29 9 14546 16814 2030 
29 17 16671 19974 1726 
29 16 6037 9055 5240 
29 23 4446 7248 4844 
29 21 11324 13321 5528 
29 12 20504 24336 1312 
29 24 20468 24597 4548 
29 25 714 2499 1974 

0 1 0 0
0 1 1 0
0 1 2 0
0 1 3 0
0 1 4 0
0 2 0 0
0 2 1 0
0 2 2 0
0 2 3 0
0 2 4 0
0 3 0 0
0 3 1 0
0 3 2 0
0 3 3 0
0 3 4 0
0 4 0 0
0 4 1 0
0 4 2 0
0 4 3 0
0 4 4 0
0 5 0 3919
0 5 1 3919
0 5 2 3919
0 5 3 0
0 5 4 0
0 6 0 3813
0 6 1 3813
0 6 2 3813
0 6 3 0
0 6 4 0
0 7 0 3881
0 7 1 3881
0 7 2 3881
0 7 3 0
0 7 4 0
0 8 0 3861
0 8 1 3861
0 8 2 0
0 8 3 0
0 8 4 0
0 9 0 0
0 9 1 0
0 9 2 0
0 9 3 0
0 9 4 0
0 10 0 0
0 10 1 0
0 10 2 0
0 10 3 0
0 10 4 0
0 11 0 0
0 11 1 0
0 11 2 0
0 11 3 0
0 11 4 0
0 12 0 3884
0 12 1 3884
0 12 2 0
0 12 3 0
0 12 4 0
0 13 0 0
0 13 1 0
0 13 2 0
0 13 3 0
0 13 4 0
0 14 0 0
0 14 1 0
0 14 2 0
0 14 3 0
0 14 4 0
0 15 0 3480
0 15 1 3480
0 15 2 3480
0 15 3 0
0 15 4 0
0 16 0 3174
0 16 1 3174
0 16 2 0
0 16 3 0
0 16 4 0
0 17 0 0
0 17 1 0
0 17 2 0
0 17 3 0
0 17 4 0
0 18 0 0
0 18 1 0
0 18 2 0
0 18 3 0
0 18 4 0
0 19 0 3980
0 19 1 3980
0 19 2 3980
0 19 3 0
0 19 4 0
0 20 0 0
0 20 1 0
0 20 2 0
0 20 3 0
0 20 4 0
0 21 0 0
0 21 1 0
0 21 2 0
0 21 3 0
0 21 4 0
0 22 0 0
0 22 1 0
0 22 2 0
0 22 3 0
0 22 4 0
0 23 0 0
0 23 1 0
0 23 2 0
0 23 3 0
0 23 4 0
0 24 0 0
0 24 1 0
0 24 2 0
0 24 3 0
0 24 4 0
0 25 0 0
0 25 1 0
0 25 2 0
0 25 3 0
0 25 4 0
0 26 0 0
0 26 1 0
0 26 2 0
0 26 3 0
0 26 4 0
0 27 0 3117
0 27 1 3117
0 27 2 3117
0 27 3 0
0 27 4 0
0 28 0 0
0 28 1 0
0 28 2 0
0 28 3 0
0 28 4 0
0 29 0 0
0 29 1 0
0 29 2 0
0 29 3 0
0 29 4 0
1 0 0 0
1 0 1 0
1 0 2 0
1 0 3 0
1 0 4 0
1 2 0 0
1 2 1 0
1 2 2 0
1 2 3 0
1 2 4 0
1 3 0 0
1 3 1 0
1 3 2 0
1 3 3 0
1 3 4 0
1 4 0 3745
1 4 1 3745
1 4 2 3745
1 4 3 0
1 4 4 0
1 5 0 0
1 5 1 0
1 5 2 0
1 5 3 0
1 5 4 0
1 6 0 0
1 6 1 0
1 6 2 0
1 6 3 0
1 6 4 0
1 7 0 0
1 7 1 0
1 7 2 0
1 7 3 0
1 7 4 0
1 8 0 0
1 8 1 0
1 8 2 0
1 8 3 0
1 8 4 0
1 9 0 0
1 9 1 0
1 9 2 0
1 9 3 0
1 9 4 0
1 10 0 0
1 10 1 0
1 10 2 0
1 10 3 0
1 10 4 0
1 11 0 0
1 11 1 0
1 11 2 0
1 11 3 0
1 11 4 0
1 12 0 3927
1 12 1 3927
1 12 2 3927
1 12 3 0
1 12 4 0
1 13 0 3030
1 13 1 3030
1 13 2 0
1 13 3 0
1 13 4 0
1 14 0 4210
1 14 1 4210
1 14 2 0
1 14 3 0
1 14 4 0
1 15 0 0
1 15 1 0
1 15 2 0
1 15 3 0
1 15 4 0
1 16 0 0
1 16 1 0
1 16 2 0
1 16 3 0
1 16 4 0
1 17 0 0
1 17 1 0
1 17 2 0
1 17 3 0
1 17 4 0
1 18 0 0
1 18 1 0
1 18 2 0
1 18 3 0
1 18 4 0
1 19 0 3926
1 19 1 3926
1 19 2 3926
1 19 3 0
1 19 4 0
1 20 0 3873
1 20 1 3873
1 20 2 0
1 20 3 0
1 20 4 0
1 21 0 3156
1 21 1 3156
1 21 2 3156
1 21 3 0
1 21 4 0
1 22 0 0
1 22 1 0
1 22 2 0
1 22 3 0
1 22 4 0
1 23 0 0
1 23 1 0
1 23 2 0
1 23 3 0
1 23 4 0
1 24 0 0
1 24 1 0
1 24 2 0
1 24 3 0
1 24 4 0
1 25 0 4374
1 25 1 4374
1 25 2 0
1 25 3 0
1 25 4 0
1 26 0 0
1 26 1 0
1 26 2 0
1 26 3 0
1 26 4 0
1 27 0 0
1 27 1 0
1 27 2 0
1 27 3 0
1 27 4 0
1 28 0 3161
1 28 1 3161
1 28 2 3161
1 28 3 0
1 28 4 0
1 29 0 0
1 29 1 0
1 29 2 0
1 29 3 0
1 29 4 0
2 0 0 0
2 0 1 0
2 0 2 0
2 0 3 0
2 0 4 0
2 1 0 0
2 1 1 0
2 1 2 0
2 1 3 0
2 1 4 0
2 3 0 0
2 3 1 0
2 3 2 0
2 3 3 0
2 3 4 0
2 4 0 0
2 4 1 0
2 4 2 0
2 4 3 0
2 4 4 0
2 5 0 3991
2 5 1 3991
2 5 2 0
2 5 3 0
2 5 4 0
2 6 0 0
2 6 1 0
2 6 2 0
2 6 3 0
2 6 4 0
2 7 0 0
2 7 1 0
2 7 2 0
2 7 3 0
2 7 4 0
2 8 0 3982
2 8 1 3982
2 8 2 3982
2 8 3 0
2 8 4 0
2 9 0 0
2 9 1 0
2 9 2 0
2 9 3 0
2 9 4 0
2 10 0 0
2 10 1 0
2 10 2 0
2 10 3 0
2 10 4 0
2 11 0 0
2 11 1 0
2 11 2 0
2 11 3 0
2 11 4 0
2 12 0 0
2 12 1 0
2 12 2 0
2 12 3 0
2 12 4 0
2 13 0 0
2 13 1 0
2 13 2 0
2 13 3 0
2 13 4 0
2 14 0 4929
2 14 1 4929
2 14 2 0
2 14 3 0
2 14 4 0
2 15 0 0
2 15 1 0
2 15 2 0
2 15 3 0
2 15 4 0
2 16 0 3138
2 16 1 3138
2 16 2 0
2 16 3 0
2 16 4 0
2 17 0 0
2 17 1 0
2 17 2 0
2 17 3 0
2 17 4 0
2 18 0 4211
2 18 1 4211
2 18 2 4211
2 18 3 0
2 18 4 0
2 19 0 0
2 19 1 0
2 19 2 0
2 19 3 0
2 19 4 0
2 20 0 3699
2 20 1 3699
2 20 2 0
2 20 3 0
2 20 4 0
2 21 0 0
2 21 1 0
2 21 2 0
2 21 3 0
2 21 4 0
2 22 0 0
2 22 1 0
2 22 2 0
2 22 3 0
2 22 4 0
2 23 0 0
2 23 1 0
2 23 2 0
2 23 3 0
2 23 4 0
2 24 0 3451
2 24 1 3451
2 24 2 3451
2 24 3 0
2 24 4 0
2 25 0 3778
2 25 1 3778
2 25 2 3778
2 25 3 0
2 25 4 0
2 26 0 0
2 26 1 0
2 26 2 0
2 26 3 0
2 26 4 0
2 27 0 0
2 27 1 0
2 27 2 0
2 27 3 0
2 27 4 0
2 28 0 3412
2 28 1 3412
2 28 2 3412
2 28 3 0
2 28 4 0
2 29 0 0
2 29 1 0
2 29 2 0
2 29 3 0
2 29 4 0
3 0 0 3619
3 0 1 3619
3 0 2 0
3 0 3 0
3 0 4 0
3 1 0 0
3 1 1 0
3 1 2 0
3 1 3 0
3 1 4 0
3 2 0 0
3 2 1 0
3 2 2 0
3 2 3 0
3 2 4 0
3 4 0 0
3 4 1 0
3 4 2 0
3 4 3 0
3 4 4 0
3 5 0 0
3 5 1 0
3 5 2 0
3 5 3 0
3 5 4 0
3 6 0 0
3 6 1 0
3 6 2 0
3 6 3 0
3 6 4 0
3 7 0 3305
3 7 1 3305
3 7 2 0
3 7 3 0
3 7 4 0
3 8 0 0
3 8 1 0
3 8 2 0
3 8 3 0
3 8 4 0
3 9 0 3907
3 9 1 3907
3 9 2 0
3 9 3 0
3 9 4 0
3 10 0 0
3 10 1 0
3 10 2 0
3 10 3 0
3 10 4 0
3 11 0 0
3 11 1 0
3 11 2 0
3 11 3 0
3 11 4 0
3 12 0 0
3 12 1 0
3 12 2 0
3 12 3 0
3 12 4 0
3 13 0 0
3 13 1 0
3 13 2 0
3 13 3 0
3 13 4 0
3 14 0 0
3 14 1 0
3 14 2 0
3 14 3 0
3 14 4 0
3 15 0 0
3 15 1 0
3 15 2 0
3 15 3 0
3 15 4 0
3 16 0 0
3 16 1 0
3 16 2 0
3 16 3 0
3 16 4 0
3 17 0 3617
3 17 1 3617
3 17 2 0
3 17 3 0
3 17 4 0
3 18 0 0
3 18 1 0
3 18 2 0
3 18 3 0
3 18 4 0
3 19 0 0
3 19 1 0
3 19 2 0
3 19 3 0
3 19 4 0
3 20 0 0
3 20 1 0
3 20 2 0
3 20 3 0
3 20 4 0
3 21 0 3375
3 21 1 3375
3 21 2 0
3 21 3 0
3 21 4 0
3 22 0 0
3 22 1 0
3 22 2 0
3 22 3 0
3 22 4 0
3 23 0 0
3 23 1 0
3 23 2 0
3 23 3 0
3 23 4 0
3 24 0 0
3 24 1 0
3 24 2 0
3 24 3 0
3 24 4 0
3 25 0 0
3 25 1 0
3 25 2 0
3 25 3 0
3 25 4 0
3 26 0 0
3 26 1 0
3 26 2 0
3 26 3 0
3 26 4 0
3 27 0 0
3 27 1 0
3 27 2 0
3 27 3 0
3 27 4 0
3 28 0 0
3 28 1 0
3 28 2 0
3 28 3 0
3 28 4 0
3 29 0 0
3 29 1 0
3 29 2 0
3 29 3 0
3 29 4 0
4 0 0 3634
4 0 1 3634
4 0 2 3634
4 0 3 0
4 0 4 0
4 1 0 0
4 1 1 0
4 1 2 0
4 1 3 0
4 1 4 0
4 2 0 0
4 2 1 0
4 2 2 0
4 2 3 0
4 2 4 0
4 3 0 0
4 3 1 0
4 3 2 0
4 3 3 0
4 3 4 0
4 5 0 3354
4 5 1 3354
4 5 2 0
4 5 3 0
4 5 4 0
4 6 0 0
4 6 1 0
4 6 2 0
4 6 3 0
4 6 4 0
4 7 0 3139
4 7 1 3139
4 7 2 0
4 7 3 0
4 7 4 0
4 8 0 3131
4 8 1 3131
4 8 2 0
4 8 3 0
4 8 4 0
4 9 0 3009
4 9 1 3009
4 9 2 3009
4 9 3 0
4 9 4 0
4 10 0 0
4 10 1 0
4 10 2 0
4 10 3 0
4 10 4 0
4 11 0 0
4 11 1 0
4 11 2 0
4 11 3 0
4 11 4 0
4 12 0 0
4 12 1 0
4 12 2 0
4 12 3 0
4 12 4 0
4 13 0 0
4 13 1 0
4 13 2 0
4 13 3 0
4 13 4 0
4 14 0 0
4 14 1 0
4 14 2 0
4 14 3 0
4 14 4 0
4 15 0 0
4 15 1 0
4 15 2 0
4 15 3 0
4 15 4 0
4 16 0 0
4 16 1 0
4 16 2 0
4 16 3 0
4 16 4 0
4 17 0 3140
4 17 1 3140
4 17 2 3140
4 17 3 0
4 17 4 0
4 18 0 0
4 18 1 0
4 18 2 0
4 18 3 0
4 18 4 0
4 19 0 0
4 19 1 0
4 19 2 0
4 19 3 0
4 19 4 0
4 20 0 0
4 20 1 0
4 20 2 0
4 20 3 0
4 20 4 0
4 21 0 3054
4 21 1 3054
4 21 2 0
4 21 3 0
4 21 4 0
4 22 0 0
4 22 1 0
4 22 2 0
4 22 3 0
4 22 4 0
4 23 0 3889
4 23 1 3889
4 23 2 3889
4 23 3 0
4 23 4 0
4 24 0 0
4 24 1 0
4 24 2 0
4 24 3 0
4 24 4 0
4 25 0 3709
4 25 1 3709
4 25 2 0
4 25 3 0
4 25 4 0
4 26 0 0
4 26 1 0
4 26 2 0
4 26 3 0
4 26 4 0
4 27 0 0
4 27 1 0
4 27 2 0
4 27 3 0
4 27 4 0
4 28 0 0
4 28 1 0
4 28 2 0
4 28 3 0
4 28 4 0
4 29 0 0
4 29 1 0
4 29 2 0
4 29 3 0
4 29 4 0
5 0 0 0
5 0 1 0
5 0 2 0
5 0 3 0
5 0 4 0
5 1 0 0
5 1 1 0
5 1 2 0
5 1 3 0
5 1 4 0
5 2 0 0
5 2 1 0
5 2 2 0
5 2 3 0
5 2 4 0
5 3 0 3416
5 3 1 3416
5 3 2 3416
5 3 3 0
5 3 4 0
5 4 0 3354
5 4 1 3354
5 4 2 3354
5 4 3 0
5 4 4 0
5 6 0 3836
5 6 1 3836
5 6 2 3836
5 6 3 0
5 6 4 0
5 7 0 0
5 7 1 0
5 7 2 0
5 7 3 0
5 7 4 0
5 8 0 0
5 8 1 0
5 8 2 0
5 8 3 0
5 8 4 0
5 9 0 3960
5 9 1 3960
5 9 2 0
5 9 3 0
5 9 4 0
5 10 0 0
5 10 1 0
5 10 2 0
5 10 3 0
5 10 4 0
5 11 0 0
5 11 1 0
5 11 2 0
5 11 3 0
5 11 4 0
5 12 0 3448
5 12 1 3448
5 12 2 3448
5 12 3 0
5 12 4 0
5 13 0 3667
5 13 1 3667
5 13 2 0
5 13 3 0
5 13 4 0
5 14 0 3762
5 14 1 3762
5 14 2 0
5 14 3 0
5 14 4 0
5 15 0 0
5 15 1 0
5 15 2 0
5 15 3 0
5 15 4 0
5 16 0 3254
5 16 1 3254
5 16 2 3254
5 16 3 0
5 16 4 0
5 17 0 0
5 17 1 0
5 17 2 0
5 17 3 0
5 17 4 0
5 18 0 3804
5 18 1 3804
5 18 2 0
5 18 3 0
5 18 4 0
5 19 0 3382
5 19 1 3382
5 19 2 0
5 19 3 0
5 19 4 0
5 20 0 0
5 20 1 0
5 20 2 0
5 20 3 0
5 20 4 0
5 21 0 3830
5 21 1 3830
5 21 2 0
5 21 3 0
5 21 4 0
5 22 0 3512
5 22 1 3512
5 22 2 0
5 22 3 0
5 22 4 0
5 23 0 3248
5 23 1 3248
5 23 2 3248
5 23 3 0
5 23 4 0
5 24 0 0
5 24 1 0
5 24 2 0
5 24 3 0
5 24 4 0
5 25 0 0
5 25 1 0
5 25 2 0
5 25 3 0
5 25 4 0
5 26 0 0
5 26 1 0
5 26 2 0
5 26 3 0
5 26 4 0
5 27 0 0
5 27 1 0
5 27 2 0
5 27 3 0
5 27 4 0
5 28 0 0
5 28 1 0
5 28 2 0
5 28 3 0
5 28 4 0
5 29 0 0
5 29 1 0
5 29 2 0
5 29 3 0
5 29 4 0
6 0 0 0
6 0 1 0
6 0 2 0
6 0 3 0
6 0 4 0
6 1 0 0
6 1 1 0
6 1 2 0
6 1 3 0
6 1 4 0
6 2 0 4788
6 2 1 4788
6 2 2 0
6 2 3 0
6 2 4 0
6 3 0 3299
6 3 1 3299
6 3 2 3299
6 3 3 0
6 3 4 0
6 4 0 0
6 4 1 0
6 4 2 0
6 4 3 0
6 4 4 0
6 5 0 0
6 5 1 0
6 5 2 0
6 5 3 0
6 5 4 0
6 7 0 0
6 7 1 0
6 7 2 0
6 7 3 0
6 7 4 0
6 8 0 0
6 8 1 0
6 8 2 0
6 8 3 0
6 8 4 0
6 9 0 3595
6 9 1 3595
6 9 2 0
6 9 3 0
6 9 4 0
6 10 0 0
6 10 1 0
6 10 2 0
6 10 3 0
6 10 4 0
6 11 0 3330
6 11 1 3330
6 11 2 3330
6 11 3 0
6 11 4 0
6 12 0 0
6 12 1 0
6 12 2 0
6 12 3 0
6 12 4 0
6 13 0 0
6 13 1 0
6 13 2 0
6 13 3 0
6 13 4 0
6 14 0 0
6 14 1 0
6 14 2 0
6 14 3 0
6 14 4 0
6 15 0 0
6 15 1 0
6 15 2 0
6 15 3 0
6 15 4 0
6 16 0 3968
6 16 1 3968
6 16 2 3968
6 16 3 0
6 16 4 0
6 17 0 0
6 17 1 0
6 17 2 0
6 17 3 0
6 17 4 0
6 18 0 0
6 18 1 0
6 18 2 0
6 18 3 0
6 18 4 0
6 19 0 3859
6 19 1 3859
6 19 2 0
6 19 3 0
6 19 4 0
6 20 0 0
6 20 1 0
6 20 2 0
6 20 3 0
6 20 4 0
6 21 0 0
6 21 1 0
6 21 2 0
6 21 3 0
6 21 4 0
6 22 0 0
6 22 1 0
6 22 2 0
6 22 3 0
6 22 4 0
6 23 0 0
6 23 1 0
6 23 2 0
6 23 3 0
6 23 4 0
6 24 0 0
6 24 1 0
6 24 2 0
6 24 3 0
6 24 4 0
6 25 0 3430
6 25 1 3430
6 25 2 0
6 25 3 0
6 25 4 0
6 26 0 0
6 26 1 0
6 26 2 0
6 26 3 0
6 26 4 0
6 27 0 0
6 27 1 0
6 27 2 0
6 27 3 0
6 27 4 0
6 28 0 0
6 28 1 0
6 28 2 0
6 28 3 0
6 28 4 0
6 29 0 0
6 29 1 0
6 29 2 0
6 29 3 0
6 29 4 0
7 0 0 0
7 0 1 0
7 0 2 0
7 0 3 0
7 0 4 0
7 1 0 0
7 1 1 0
7 1 2 0
7 1 3 0
7 1 4 0
7 2 0 0
7 2 1 0
7 2 2 0
7 2 3 0
7 2 4 0
7 3 0 0
7 3 1 0
7 3 2 0
7 3 3 0
7 3 4 0
7 4 0 3559
7 4 1 3559
7 4 2 3559
7 4 3 0
7 4 4 0
7 5 0 0
7 5 1 0
7 5 2 0
7 5 3 0
7 5 4 0
7 6 0 3335
7 6 1 3335
7 6 2 0
7 6 3 0
7 6 4 0
7 8 0 3188
7 8 1 3188
7 8 2 3188
7 8 3 0
7 8 4 0
7 9 0 0
7 9 1 0
7 9 2 0
7 9 3 0
7 9 4 0
7 10 0 3934
7 10 1 3934
7 10 2 3934
7 10 3 0
7 10 4 0
7 11 0 0
7 11 1 0
7 11 2 0
7 11 3 0
7 11 4 0
7 12 0 0
7 12 1 0
7 12 2 0
7 12 3 0
7 12 4 0
7 13 0 0
7 13 1 0
7 13 2 0
7 13 3 0
7 13 4 0
7 14 0 3862
7 14 1 3862
7 14 2 3862
7 14 3 0
7 14 4 0
7 15 0 0
7 15 1 0
7 15 2 0
7 15 3 0
7 15 4 0
7 16 0 3563
7 16 1 3563
7 16 2 3563
7 16 3 0
7 16 4 0
7 17 0 0
7 17 1 0
7 17 2 0
7 17 3 0
7 17 4 0
7 18 0 3794
7 18 1 3794
7 18 2 0
7 18 3 0
7 18 4 0
7 19 0 0
7 19 1 0
7 19 2 0
7 19 3 0
7 19 4 0
7 20 0 0
7 20 1 0
7 20 2 0
7 20 3 0
7 20 4 0
7 21 0 0
7 21 1 0
7 21 2 0
7 21 3 0
7 21 4 0
7 22 0 0
7 22 1 0
7 22 2 0
7 22 3 0
7 22 4 0
7 23 0 0
7 23 1 0
7 23 2 0
7 23 3 0
7 23 4 0
7 24 0 3088
7 24 1 3088
7 24 2 0
7 24 3 0
7 24 4 0
7 25 0 0
7 25 1 0
7 25 2 0
7 25 3 0
7 25 4 0
7 26 0 3230
7 26 1 3230
7 26 2 0
7 26 3 0
7 26 4 0
7 27 0 0
7 27 1 0
7 27 2 0
7 27 3 0
7 27 4 0
7 28 0 0
7 28 1 0
7 28 2 0
7 28 3 0
7 28 4 0
7 29 0 0
7 29 1 0
7 29 2 0
7 29 3 0
7 29 4 0
8 0 0 0
8 0 1 0
8 0 2 0
8 0 3 0
8 0 4 0
8 1 0 3744
8 1 1 3744
8 1 2 0
8 1 3 0
8 1 4 0
8 2 0 0
8 2 1 0
8 2 2 0
8 2 3 0
8 2 4 0
8 3 0 0
8 3 1 0
8 3 2 0
8 3 3 0
8 3 4 0
8 4 0 0
8 4 1 0
8 4 2 0
8 4 3 0
8 4 4 0
8 5 0 0
8 5 1 0
8 5 2 0
8 5 3 0
8 5 4 0
8 6 0 0
8 6 1 0
8 6 2 0
8 6 3 0
8 6 4 0
8 7 0 0
8 7 1 0
8 7 2 0
8 7 3 0
8 7 4 0
8 9 0 0
8 9 1 0
8 9 2 0
8 9 3 0
8 9 4 0
8 10 0 0
8 10 1 0
8 10 2 0
8 10 3 0
8 10 4 0
8 11 0 0
8 11 1 0
8 11 2 0
8 11 3 0
8 11 4 0
8 12 0 0
8 12 1 0
8 12 2 0
8 12 3 0
8 12 4 0
8 13 0 0
8 13 1 0
8 13 2 0
8 13 3 0
8 13 4 0
8 14 0 0
8 14 1 0
8 14 2 0
8 14 3 0
8 14 4 0
8 15 0 0
8 15 1 0
8 15 2 0
8 15 3 0
8 15 4 0
8 16 0 0
8 16 1 0
8 16 2 0
8 16 3 0
8 16 4 0
8 17 0 0
8 17 1 0
8 17 2 0
8 17 3 0
8 17 4 0
8 18 0 3742
8 18 1 3742
8 18 2 3742
8 18 3 0
8 18 4 0
8 19 0 0
8 19 1 0
8 19 2 0
8 19 3 0
8 19 4 0
8 20 0 3909
8 20 1 3909
8 20 2 0
8 20 3 0
8 20 4 0
8 21 0 3947
8 21 1 3947
8 21 2 0
8 21 3 0
8 21 4 0
8 22 0 0
8 22 1 0
8 22 2 0
8 22 3 0
8 22 4 0
8 23 0 3497
8 23 1 3497
8 23 2 3497
8 23 3 0
8 23 4 0
8 24 0 0
8 24 1 0
8 24 2 0
8 24 3 0
8 24 4 0
8 25 0 3648
8 25 1 3648
8 25 2 3648
8 25 3 0
8 25 4 0
8 26 0 0
8 26 1 0
8 26 2 0
8 26 3 0
8 26 4 0
8 27 0 0
8 27 1 0
8 27 2 0
8 27 3 0
8 27 4 0
8 28 0 0
8 28 1 0
8 28 2 0
8 28 3 0
8 28 4 0
8 29 0 0
8 29 1 0
8 29 2 0
8 29 3 0
8 29 4 0
9 0 0 0
9 0 1 0
9 0 2 0
9 0 3 0
9 0 4 0
9 1 0 0
9 1 1 0
9 1 2 0
9 1 3 0
9 1 4 0
9 2 0 0
9 2 1 0
9 2 2 0
9 2 3 0
9 2 4 0
9 3 0 0
9 3 1 0
9 3 2 0
9 3 3 0
9 3 4 0
9 4 0 0
9 4 1 0
9 4 2 0
9 4 3 0
9 4 4 0
9 5 0 3308
9 5 1 3308
9 5 2 0
9 5 3 0
9 5 4 0
9 6 0 0
9 6 1 0
9 6 2 0
9 6 3 0
9 6 4 0
9 7 0 0
9 7 1 0
9 7 2 0
9 7 3 0
9 7 4 0
9 8 0 0
9 8 1 0
9 8 2 0
9 8 3 0
9 8 4 0
9 10 0 0
9 10 1 0
9 10 2 0
9 10 3 0
9 10 4 0
9 11 0 0
9 11 1 0
9 11 2 0
9 11 3 0
9 11 4 0
9 12 0 3658
9 12 1 3658
9 12 2 0
9 12 3 0
9 12 4 0
9 13 0 0
9 13 1 0
9 13 2 0
9 13 3 0
9 13 4 0
9 14 0 0
9 14 1 0
9 14 2 0
9 14 3 0
9 14 4 0
9 15 0 3682
9 15 1 3682
9 15 2 3682
9 15 3 0
9 15 4 0
9 16 0 3747
9 16 1 3747
9 16 2 0
9 16 3 0
9 16 4 0
9 17 0 0
9 17 1 0
9 17 2 0
9 17 3 0
9 17 4 0
9 18 0 3819
9 18 1 3819
9 18 2 3819
9 18 3 0
9 18 4 0
9 19 0 0
9 19 1 0
9 19 2 0
9 19 3 0
9 19 4 0
9 20 0 0
9 20 1 0
9 20 2 0
9 20 3 0
9 20 4 0
9 21 0 3114
9 21 1 3114
9 21 2 3114
9 21 3 0
9 21 4 0
9 22 0 0
9 22 1 0
9 22 2 0
9 22 3 0
9 22 4 0
9 23 0 0
9 23 1 0
9 23 2 0
9 23 3 0
9 23 4 0
9 24 0 0
9 24 1 0
9 24 2 0
9 24 3 0
9 24 4 0
9 25 0 0
9 25 1 0
9 25 2 0
9 25 3 0
9 25 4 0
9 26 0 3735
9 26 1 3735
9 26 2 0
9 26 3 0
9 26 4 0
9 27 0 3839
9 27 1 3839
9 27 2 0
9 27 3 0
9 27 4 0
9 28 0 0
9 28 1 0
9 28 2 0
9 28 3 0
9 28 4 0
9 29 0 0
9 29 1 0
9 29 2 0
9 29 3 0
9 29 4 0
10 0 0 0
10 0 1 0
10 0 2 0
10 0 3 0
10 0 4 0
10 1 0 0
10 1 1 0
10 1 2 0
10 1 3 0
10 1 4 0
10 2 0 0
10 2 1 0
10 2 2 0
10 2 3 0
10 2 4 0
10 3 0 0
10 3 1 0
10 3 2 0
10 3 3 0
10 3 4 0
10 4 0 0
10 4 1 0
10 4 2 0
10 4 3 0
10 4 4 0
10 5 0 0
10 5 1 0
10 5 2 0
10 5 3 0
10 5 4 0
10 6 0 0
10 6 1 0
10 6 2 0
10 6 3 0
10 6 4 0
10 7 0 3418
10 7 1 3418
10 7 2 3418
10 7 3 0
10 7 4 0
10 8 0 0
10 8 1 0
10 8 2 0
10 8 3 0
10 8 4 0
10 9 0 0
10 9 1 0
10 9 2 0
10 9 3 0
10 9 4 0
10 11 0 0
10 11 1 0
10 11 2 0
10 11 3 0
10 11 4 0
10 12 0 0
10 12 1 0
10 12 2 0
10 12 3 0
10 12 4 0
10 13 0 0
10 13 1 0
10 13 2 0
10 13 3 0
10 13 4 0
10 14 0 0
10 14 1 0
10 14 2 0
10 14 3 0
10 14 4 0
10 15 0 0
10 15 1 0
10 15 2 0
10 15 3 0
10 15 4 0
10 16 0 3079
10 16 1 3079
10 16 2 3079
10 16 3 0
10 16 4 0
10 17 0 4628
10 17 1 4628
10 17 2 4628
10 17 3 0
10 17 4 0
10 18 0 3094
10 18 1 3094
10 18 2 3094
10 18 3 0
10 18 4 0
10 19 0 0
10 19 1 0
10 19 2 0
10 19 3 0
10 19 4 0
10 20 0 0
10 20 1 0
10 20 2 0
10 20 3 0
10 20 4 0
10 21 0 3727
10 21 1 3727
10 21 2 0
10 21 3 0
10 21 4 0
10 22 0 0
10 22 1 0
10 22 2 0
10 22 3 0
10 22 4 0
10 23 0 0
10 23 1 0
10 23 2 0
10 23 3 0
10 23 4 0
10 24 0 3338
10 24 1 3338
10 24 2 0
10 24 3 0
10 24 4 0
10 25 0 0
10 25 1 0
10 25 2 0
10 25 3 0
10 25 4 0
10 26 0 0
10 26 1 0
10 26 2 0
10 26 3 0
10 26 4 0
10 27 0 3882
10 27 1 3882
10 27 2 3882
10 27 3 0
10 27 4 0
10 28 0 0
10 28 1 0
10 28 2 0
10 28 3 0
10 28 4 0
10 29 0 0
10 29 1 0
10 29 2 0
10 29 3 0
10 29 4 0
11 0 0 0
11 0 1 0
11 0 2 0
11 0 3 0
11 0 4 0
11 1 0 0
11 1 1 0
11 1 2 0
11 1 3 0
11 1 4 0
11 2 0 3661
11 2 1 3661
11 2 2 0
11 2 3 0
11 2 4 0
11 3 0 0
11 3 1 0
11 3 2 0
11 3 3 0
11 3 4 0
11 4 0 0
11 4 1 0
11 4 2 0
11 4 3 0
11 4 4 0
11 5 0 0
11 5 1 0
11 5 2 0
11 5 3 0
11 5 4 0
11 6 0 0
11 6 1 0
11 6 2 0
11 6 3 0
11 6 4 0
11 7 0 0
11 7 1 0
11 7 2 0
11 7 3 0
11 7 4 0
11 8 0 0
11 8 1 0
11 8 2 0
11 8 3 0
11 8 4 0
11 9 0 0
11 9 1 0
11 9 2 0
11 9 3 0
11 9 4 0
11 10 0 0
11 10 1 0
11 10 2 0
11 10 3 0
11 10 4 0
11 12 0 3951
11 12 1 3951
11 12 2 3951
11 12 3 0
11 12 4 0
11 13 0 3691
11 13 1 3691
11 13 2 0
11 13 3 0
11 13 4 0
11 14 0 0
11 14 1 0
11 14 2 0
11 14 3 0
11 14 4 0
11 15 0 0
11 15 1 0
11 15 2 0
11 15 3 0
11 15 4 0
11 16 0 0
11 16 1 0
11 16 2 0
11 16 3 0
11 16 4 0
11 17 0 3341
11 17 1 3341
11 17 2 0
11 17 3 0
11 17 4 0
11 18 0 0
11 18 1 0
11 18 2 0
11 18 3 0
11 18 4 0
11 19 0 0
11 19 1 0
11 19 2 0
11 19 3 0
11 19 4 0
11 20 0 3570
11 20 1 3570
11 20 2 3570
11 20 3 0
11 20 4 0
11 21 0 3333
11 21 1 3333
11 21 2 0
11 21 3 0
11 21 4 0
11 22 0 0
11 22 1 0
11 22 2 0
11 22 3 0
11 22 4 0
11 23 0 3612
11 23 1 3612
11 23 2 3612
11 23 3 0
11 23 4 0
11 24 0 0
11 24 1 0
11 24 2 0
11 24 3 0
11 24 4 0
11 25 0 0
11 25 1 0
11 25 2 0
11 25 3 0
11 25 4 0
11 26 0 3453
11 26 1 3453
11 26 2 3453
11 26 3 0
11 26 4 0
11 27 0 0
11 27 1 0
11 27 2 0
11 27 3 0
11 27 4 0
11 28 0 0
11 28 1 0
11 28 2 0
11 28 3 0
11 28 4 0
11 29 0 0
11 29 1 0
11 29 2 0
11 29 3 0
11 29 4 0
12 0 0 3745
12 0 1 3745
12 0 2 3745
12 0 3 0
12 0 4 0
12 1 0 0
12 1 1 0
12 1 2 0
12 1 3 0
12 1 4 0
12 2 0 0
12 2 1 0
12 2 2 0
12 2 3 0
12 2 4 0
12 3 0 3476
12 3 1 3476
12 3 2 3476
12 3 3 0
12 3 4 0
12 4 0 0
12 4 1 0
12 4 2 0
12 4 3 0
12 4 4 0
12 5 0 3485
12 5 1 3485
12 5 2 3485
12 5 3 0
12 5 4 0
12 6 0 0
12 6 1 0
12 6 2 0
12 6 3 0
12 6 4 0
12 7 0 3121
12 7 1 3121
12 7 2 0
12 7 3 0
12 7 4 0
12 8 0 0
12 8 1 0
12 8 2 0
12 8 3 0
12 8 4 0
12 9 0 0
12 9 1 0
12 9 2 0
12 9 3 0
12 9 4 0
12 10 0 4602
12 10 1 4602
12 10 2 4602
12 10 3 0
12 10 4 0
12 11 0 0
12 11 1 0
12 11 2 0
12 11 3 0
12 11 4 0
12 13 0 0
12 13 1 0
12 13 2 0
12 13 3 0
12 13 4 0
12 14 0 4329
12 14 1 4329
12 14 2 4329
12 14 3 0
12 14 4 0
12 15 0 0
12 15 1 0
12 15 2 0
12 15 3 0
12 15 4 0
12 16 0 0
12 16 1 0
12 16 2 0
12 16 3 0
12 16 4 0
12 17 0 0
12 17 1 0
12 17 2 0
12 17 3 0
12 17 4 0
12 18 0 0
12 18 1 0
12 18 2 0
12 18 3 0
12 18 4 0
12 19 0 0
12 19 1 0
12 19 2 0
12 19 3 0
12 19 4 0
12 20 0 0
12 20 1 0
12 20 2 0
12 20 3 0
12 20 4 0
12 21 0 0
12 21 1 0
12 21 2 0
12 21 3 0
12 21 4 0
12 22 0 0
12 22 1 0
12 22 2 0
12 22 3 0
12 22 4 0
12 23 0 3043
12 23 1 3043
12 23 2 0
12 23 3 0
12 23 4 0
12 24 0 0
12 24 1 0
12 24 2 0
12 24 3 0
12 24 4 0
12 25 0 3032
12 25 1 3032
12 25 2 0
12 25 3 0
12 25 4 0
12 26 0 0
12 26 1 0
12 26 2 0
12 26 3 0
12 26 4 0
12 27 0 0
12 27 1 0
12 27 2 0
12 27 3 0
12 27 4 0
12 28 0 3034
12 28 1 3034
12 28 2 3034
12 28 3 0
12 28 4 0
12 29 0 0
12 29 1 0
12 29 2 0
12 29 3 0
12 29 4 0
13 0 0 0
13 0 1 0
13 0 2 0
13 0 3 0
13 0 4 0
13 1 0 0
13 1 1 0
13 1 2 0
13 1 3 0
13 1 4 0
13 2 0 0
13 2 1 0
13 2 2 0
13 2 3 0
13 2 4 0
13 3 0 0
13 3 1 0
13 3 2 0
13 3 3 0
13 3 4 0
13 4 0 0
13 4 1 0
13 4 2 0
13 4 3 0
13 4 4 0
13 5 0 3952
13 5 1 3952
13 5 2 3952
13 5 3 0
13 5 4 0
13 6 0 3771
13 6 1 3771
13 6 2 0
13 6 3 0
13 6 4 0
13 7 0 0
13 7 1 0
13 7 2 0
13 7 3 0
13 7 4 0
13 8 0 3624
13 8 1 3624
13 8 2 0
13 8 3 0
13 8 4 0
13 9 0 3354
13 9 1 3354
13 9 2 3354
13 9 3 0
13 9 4 0
13 10 0 0
13 10 1 0
13 10 2 0
13 10 3 0
13 10 4 0
13 11 0 0
13 11 1 0
13 11 2 0
13 11 3 0
13 11 4 0
13 12 0 0
13 12 1 0
13 12 2 0
13 12 3 0
13 12 4 0
13 14 0 0
13 14 1 0
13 14 2 0
13 14 3 0
13 14 4 0
13 15 0 0
13 15 1 0
13 15 2 0
13 15 3 0
13 15 4 0
13 16 0 0
13 16 1 0
13 16 2 0
13 16 3 0
13 16 4 0
13 17 0 3438
13 17 1 3438
13 17 2 0
13 17 3 0
13 17 4 0
13 18 0 0
13 18 1 0
13 18 2 0
13 18 3 0
13 18 4 0
13 19 0 0
13 19 1 0
13 19 2 0
13 19 3 0
13 19 4 0
13 20 0 0
13 20 1 0
13 20 2 0
13 20 3 0
13 20 4 0
13 21 0 0
13 21 1 0
13 21 2 0
13 21 3 0
13 21 4 0
13 22 0 0
13 22 1 0
13 22 2 0
13 22 3 0
13 22 4 0
13 23 0 3979
13 23 1 3979
13 23 2 0
13 23 3 0
13 23 4 0
13 24 0 0
13 24 1 0
13 24 2 0
13 24 3 0
13 24 4 0
13 25 0 0
13 25 1 0
13 25 2 0
13 25 3 0
13 25 4 0
13 26 0 0
13 26 1 0
13 26 2 0
13 26 3 0
13 26 4 0
13 27 0 0
13 27 1 0
13 27 2 0
13 27 3 0
13 27 4 0
13 28 0 3233
13 28 1 3233
13 28 2 3233
13 28 3 0
13 28 4 0
13 29 0 0
13 29 1 0
13 29 2 0
13 29 3 0
13 29 4 0
14 0 0 0
14 0 1 0
14 0 2 0
14 0 3 0
14 0 4 0
14 1 0 0
14 1 1 0
14 1 2 0
14 1 3 0
14 1 4 0
14 2 0 0
14 2 1 0
14 2 2 0
14 2 3 0
14 2 4 0
14 3 0 3517
14 3 1 3517
14 3 2 0
14 3 3 0
14 3 4 0
14 4 0 0
14 4 1 0
14 4 2 0
14 4 3 0
14 4 4 0
14 5 0 3905
14 5 1 3905
14 5 2 3905
14 5 3 0
14 5 4 0
14 6 0 0
14 6 1 0
14 6 2 0
14 6 3 0
14 6 4 0
14 7 0 3745
14 7 1 3745
14 7 2 0
14 7 3 0
14 7 4 0
14 8 0 0
14 8 1 0
14 8 2 0
14 8 3 0
14 8 4 0
14 9 0 3951
14 9 1 3951
14 9 2 0
14 9 3 0
14 9 4 0
14 10 0 0
14 10 1 0
14 10 2 0
14 10 3 0
14 10 4 0
14 11 0 3675
14 11 1 3675
14 11 2 3675
14 11 3 0
14 11 4 0
14 12 0 4216
14 12 1 4216
14 12 2 0
14 12 3 0
14 12 4 0
14 13 0 0
14 13 1 0
14 13 2 0
14 13 3 0
14 13 4 0
14 15 0 0
14 15 1 0
14 15 2 0
14 15 3 0
14 15 4 0
14 16 0 0
14 16 1 0
14 16 2 0
14 16 3 0
14 16 4 0
14 17 0 0
14 17 1 0
14 17 2 0
14 17 3 0
14 17 4 0
14 18 0 4752
14 18 1 4752
14 18 2 4752
14 18 3 0
14 18 4 0
14 19 0 0
14 19 1 0
14 19 2 0
14 19 3 0
14 19 4 0
14 20 0 0
14 20 1 0
14 20 2 0
14 20 3 0
14 20 4 0
14 21 0 0
14 21 1 0
14 21 2 0
14 21 3 0
14 21 4 0
14 22 0 0
14 22 1 0
14 22 2 0
14 22 3 0
14 22 4 0
14 23 0 0
14 23 1 0
14 23 2 0
14 23 3 0
14 23 4 0
14 24 0 0
14 24 1 0
14 24 2 0
14 24 3 0
14 24 4 0
14 25 0 0
14 25 1 0
14 25 2 0
14 25 3 0
14 25 4 0
14 26 0 0
14 26 1 0
14 26 2 0
14 26 3 0
14 26 4 0
14 27 0 0
14 27 1 0
14 27 2 0
14 27 3 0
14 27 4 0
14 28 0 3146
14 28 1 3146
14 28 2 3146
14 28 3 0
14 28 4 0
14 29 0 4478
14 29 1 4478
14 29 2 0
14 29 3 0
14 29 4 0
15 0 0 0
15 0 1 0
15 0 2 0
15 0 3 0
15 0 4 0
15 1 0 0
15 1 1 0
15 1 2 0
15 1 3 0
15 1 4 0
15 2 0 4043
15 2 1 4043
15 2 2 4043
15 2 3 0
15 2 4 0
15 3 0 0
15 3 1 0
15 3 2 0
15 3 3 0
15 3 4 0
15 4 0 0
15 4 1 0
15 4 2 0
15 4 3 0
15 4 4 0
15 5 0 0
15 5 1 0
15 5 2 0
15 5 3 0
15 5 4 0
15 6 0 0
15 6 1 0
15 6 2 0
15 6 3 0
15 6 4 0
15 7 0 3478
15 7 1 3478
15 7 2 3478
15 7 3 0
15 7 4 0
15 8 0 3083
15 8 1 3083
15 8 2 3083
15 8 3 0
15 8 4 0
15 9 0 0
15 9 1 0
15 9 2 0
15 9 3 0
15 9 4 0
15 10 0 0
15 10 1 0
15 10 2 0
15 10 3 0
15 10 4 0
15 11 0 0
15 11 1 0
15 11 2 0
15 11 3 0
15 11 4 0
15 12 0 0
15 12 1 0
15 12 2 0
15 12 3 0
15 12 4 0
15 13 0 0
15 13 1 0
15 13 2 0
15 13 3 0
15 13 4 0
15 14 0 0
15 14 1 0
15 14 2 0
15 14 3 0
15 14 4 0
15 16 0 0
15 16 1 0
15 16 2 0
15 16 3 0
15 16 4 0
15 17 0 4282
15 17 1 4282
15 17 2 4282
15 17 3 0
15 17 4 0
15 18 0 0
15 18 1 0
15 18 2 0
15 18 3 0
15 18 4 0
15 19 0 3177
15 19 1 3177
15 19 2 0
15 19 3 0
15 19 4 0
15 20 0 0
15 20 1 0
15 20 2 0
15 20 3 0
15 20 4 0
15 21 0 0
15 21 1 0
15 21 2 0
15 21 3 0
15 21 4 0
15 22 0 0
15 22 1 0
15 22 2 0
15 22 3 0
15 22 4 0
15 23 0 3759
15 23 1 3759
15 23 2 0
15 23 3 0
15 23 4 0
15 24 0 3310
15 24 1 3310
15 24 2 0
15 24 3 0
15 24 4 0
15 25 0 3922
15 25 1 3922
15 25 2 0
15 25 3 0
15 25 4 0
15 26 0 3392
15 26 1 3392
15 26 2 3392
15 26 3 0
15 26 4 0
15 27 0 3626
15 27 1 3626
15 27 2 0
15 27 3 0
15 27 4 0
15 28 0 0
15 28 1 0
15 28 2 0
15 28 3 0
15 28 4 0
15 29 0 0
15 29 1 0
15 29 2 0
15 29 3 0
15 29 4 0
16 0 0 0
16 0 1 0
16 0 2 0
16 0 3 0
16 0 4 0
16 1 0 3127
16 1 1 3127
16 1 2 3127
16 1 3 0
16 1 4 0
16 2 0 0
16 2 1 0
16 2 2 0
16 2 3 0
16 2 4 0
16 3 0 0
16 3 1 0
16 3 2 0
16 3 3 0
16 3 4 0
16 4 0 0
16 4 1 0
16 4 2 0
16 4 3 0
16 4 4 0
16 5 0 0
16 5 1 0
16 5 2 0
16 5 3 0
16 5 4 0
16 6 0 0
16 6 1 0
16 6 2 0
16 6 3 0
16 6 4 0
16 7 0 0
16 7 1 0
16 7 2 0
16 7 3 0
16 7 4 0
16 8 0 0
16 8 1 0
16 8 2 0
16 8 3 0
16 8 4 0
16 9 0 0
16 9 1 0
16 9 2 0
16 9 3 0
16 9 4 0
16 10 0 3545
16 10 1 3545
16 10 2 0
16 10 3 0
16 10 4 0
16 11 0 0
16 11 1 0
16 11 2 0
16 11 3 0
16 11 4 0
16 12 0 0
16 12 1 0
16 12 2 0
16 12 3 0
16 12 4 0
16 13 0 3720
16 13 1 3720
16 13 2 0
16 13 3 0
16 13 4 0
16 14 0 3242
16 14 1 3242
16 14 2 3242
16 14 3 0
16 14 4 0
16 15 0 0
16 15 1 0
16 15 2 0
16 15 3 0
16 15 4 0
16 17 0 0
16 17 1 0
16 17 2 0
16 17 3 0
16 17 4 0
16 18 0 0
16 18 1 0
16 18 2 0
16 18 3 0
16 18 4 0
16 19 0 3923
16 19 1 3923
16 19 2 0
16 19 3 0
16 19 4 0
16 20 0 3571
16 20 1 3571
16 20 2 0
16 20 3 0
16 20 4 0
16 21 0 0
16 21 1 0
16 21 2 0
16 21 3 0
16 21 4 0
16 22 0 0
16 22 1 0
16 22 2 0
16 22 3 0
16 22 4 0
16 23 0 0
16 23 1 0
16 23 2 0
16 23 3 0
16 23 4 0
16 24 0 0
16 24 1 0
16 24 2 0
16 24 3 0
16 24 4 0
16 25 0 0
16 25 1 0
16 25 2 0
16 25 3 0
16 25 4 0
16 26 0 0
16 26 1 0
16 26 2 0
16 26 3 0
16 26 4 0
16 27 0 3867
16 27 1 3867
16 27 2 0
16 27 3 0
16 27 4 0
16 28 0 0
16 28 1 0
16 28 2 0
16 28 3 0
16 28 4 0
16 29 0 0
16 29 1 0
16 29 2 0
16 29 3 0
16 29 4 0
17 0 0 3607
17 0 1 3607
17 0 2 3607
17 0 3 0
17 0 4 0
17 1 0 0
17 1 1 0
17 1 2 0
17 1 3 0
17 1 4 0
17 2 0 4295
17 2 1 4295
17 2 2 4295
17 2 3 0
17 2 4 0
17 3 0 3503
17 3 1 3503
17 3 2 0
17 3 3 0
17 3 4 0
17 4 0 0
17 4 1 0
17 4 2 0
17 4 3 0
17 4 4 0
17 5 0 0
17 5 1 0
17 5 2 0
17 5 3 0
17 5 4 0
17 6 0 0
17 6 1 0
17 6 2 0
17 6 3 0
17 6 4 0
17 7 0 0
17 7 1 0
17 7 2 0
17 7 3 0
17 7 4 0
17 8 0 0
17 8 1 0
17 8 2 0
17 8 3 0
17 8 4 0
17 9 0 3912
17 9 1 3912
17 9 2 0
17 9 3 0
17 9 4 0
17 10 0 4741
17 10 1 4741
17 10 2 4741
17 10 3 0
17 10 4 0
17 11 0 0
17 11 1 0
17 11 2 0
17 11 3 0
17 11 4 0
17 12 0 4570
17 12 1 4570
17 12 2 0
17 12 3 0
17 12 4 0
17 13 0 0
17 13 1 0
17 13 2 0
17 13 3 0
17 13 4 0
17 14 0 4917
17 14 1 4917
17 14 2 0
17 14 3 0
17 14 4 0
17 15 0 0
17 15 1 0
17 15 2 0
17 15 3 0
17 15 4 0
17 16 0 0
17 16 1 0
17 16 2 0
17 16 3 0
17 16 4 0
17 18 0 0
17 18 1 0
17 18 2 0
17 18 3 0
17 18 4 0
17 19 0 0
17 19 1 0
17 19 2 0
17 19 3 0
17 19 4 0
17 20 0 3234
17 20 1 3234
17 20 2 0
17 20 3 0
17 20 4 0
17 21 0 3057
17 21 1 3057
17 21 2 3057
17 21 3 0
17 21 4 0
17 22 0 3533
17 22 1 3533
17 22 2 0
17 22 3 0
17 22 4 0
17 23 0 0
17 23 1 0
17 23 2 0
17 23 3 0
17 23 4 0
17 24 0 0
17 24 1 0
17 24 2 0
17 24 3 0
17 24 4 0
17 25 0 3071
17 25 1 3071
17 25 2 0
17 25 3 0
17 25 4 0
17 26 0 0
17 26 1 0
17 26 2 0
17 26 3 0
17 26 4 0
17 27 0 0
17 27 1 0
17 27 2 0
17 27 3 0
17 27 4 0
17 28 0 3748
17 28 1 3748
17 28 2 0
17 28 3 0
17 28 4 0
17 29 0 4261
17 29 1 4261
17 29 2 4261
17 29 3 0
17 29 4 0
18 0 0 3112
18 0 1 3112
18 0 2 3112
18 0 3 0
18 0 4 0
18 1 0 0
18 1 1 0
18 1 2 0
18 1 3 0
18 1 4 0
18 2 0 0
18 2 1 0
18 2 2 0
18 2 3 0
18 2 4 0
18 3 0 3891
18 3 1 3891
18 3 2 3891
18 3 3 0
18 3 4 0
18 4 0 0
18 4 1 0
18 4 2 0
18 4 3 0
18 4 4 0
18 5 0 0
18 5 1 0
18 5 2 0
18 5 3 0
18 5 4 0
18 6 0 0
18 6 1 0
18 6 2 0
18 6 3 0
18 6 4 0
18 7 0 0
18 7 1 0
18 7 2 0
18 7 3 0
18 7 4 0
18 8 0 3969
18 8 1 3969
18 8 2 3969
18 8 3 0
18 8 4 0
18 9 0 0
18 9 1 0
18 9 2 0
18 9 3 0
18 9 4 0
18 10 0 0
18 10 1 0
18 10 2 0
18 10 3 0
18 10 4 0
18 11 0 0
18 11 1 0
18 11 2 0
18 11 3 0
18 11 4 0
18 12 0 0
18 12 1 0
18 12 2 0
18 12 3 0
18 12 4 0
18 13 0 0
18 13 1 0
18 13 2 0
18 13 3 0
18 13 4 0
18 14 0 0
18 14 1 0
18 14 2 0
18 14 3 0
18 14 4 0
18 15 0 4950
18 15 1 4950
18 15 2 4950
18 15 3 0
18 15 4 0
18 16 0 3064
18 16 1 3064
18 16 2 0
18 16 3 0
18 16 4 0
18 17 0 4640
18 17 1 4640
18 17 2 0
18 17 3 0
18 17 4 0
18 19 0 3219
18 19 1 3219
18 19 2 3219
18 19 3 0
18 19 4 0
18 20 0 0
18 20 1 0
18 20 2 0
18 20 3 0
18 20 4 0
18 21 0 0
18 21 1 0
18 21 2 0
18 21 3 0
18 21 4 0
18 22 0 0
18 22 1 0
18 22 2 0
18 22 3 0
18 22 4 0
18 23 0 0
18 23 1 0
18 23 2 0
18 23 3 0
18 23 4 0
18 24 0 0
18 24 1 0
18 24 2 0
18 24 3 0
18 24 4 0
18 25 0 0
18 25 1 0
18 25 2 0
18 25 3 0
18 25 4 0
18 26 0 0
18 26 1 0
18 26 2 0
18 26 3 0
18 26 4 0
18 27 0 0
18 27 1 0
18 27 2 0
18 27 3 0
18 27 4 0
18 28 0 0
18 28 1 0
18 28 2 0
18 28 3 0
18 28 4 0
18 29 0 4309
18 29 1 4309
18 29 2 4309
18 29 3 0
18 29 4 0
19 0 0 0
19 0 1 0
19 0 2 0
19 0 3 0
19 0 4 0
19 1 0 3666
19 1 1 3666
19 1 2 3666
19 1 3 0
19 1 4 0
19 2 0 3076
19 2 1 3076
19 2 2 0
19 2 3 0
19 2 4 0
19 3 0 0
19 3 1 0
19 3 2 0
19 3 3 0
19 3 4 0
19 4 0 3715
19 4 1 3715
19 4 2 0
19 4 3 0
19 4 4 0
19 5 0 3583
19 5 1 3583
19 5 2 0
19 5 3 0
19 5 4 0
19 6 0 3452
19 6 1 3452
19 6 2 3452
19 6 3 0
19 6 4 0
19 7 0 0
19 7 1 0
19 7 2 0
19 7 3 0
19 7 4 0
19 8 0 0
19 8 1 0
19 8 2 0
19 8 3 0
19 8 4 0
19 9 0 0
19 9 1 0
19 9 2 0
19 9 3 0
19 9 4 0
19 10 0 0
19 10 1 0
19 10 2 0
19 10 3 0
19 10 4 0
19 11 0 3738
19 11 1 3738
19 11 2 0
19 11 3 0
19 11 4 0
19 12 0 0
19 12 1 0
19 12 2 0
19 12 3 0
19 12 4 0
19 13 0 0
19 13 1 0
19 13 2 0
19 13 3 0
19 13 4 0
19 14 0 0
19 14 1 0
19 14 2 0
19 14 3 0
19 14 4 0
19 15 0 0
19 15 1 0
19 15 2 0
19 15 3 0
19 15 4 0
19 16 0 0
19 16 1 0
19 16 2 0
19 16 3 0
19 16 4 0
19 17 0 0
19 17 1 0
19 17 2 0
19 17 3 0
19 17 4 0
19 18 0 3635
19 18 1 3635
19 18 2 3635
19 18 3 0
19 18 4 0
19 20 0 0
19 20 1 0
19 20 2 0
19 20 3 0
19 20 4 0
19 21 0 3051
19 21 1 3051
19 21 2 0
19 21 3 0
19 21 4 0
19 22 0 3260
19 22 1 3260
19 22 2 3260
19 22 3 0
19 22 4 0
19 23 0 3449
19 23 1 3449
19 23 2 3449
19 23 3 0
19 23 4 0
19 24 0 3966
19 24 1 3966
19 24 2 0
19 24 3 0
19 24 4 0
19 25 0 3192
19 25 1 3192
19 25 2 0
19 25 3 0
19 25 4 0
19 26 0 0
19 26 1 0
19 26 2 0
19 26 3 0
19 26 4 0
19 27 0 3069
19 27 1 3069
19 27 2 3069
19 27 3 0
19 27 4 0
19 28 0 0
19 28 1 0
19 28 2 0
19 28 3 0
19 28 4 0
19 29 0 0
19 29 1 0
19 29 2 0
19 29 3 0
19 29 4 0
20 0 0 0
20 0 1 0
20 0 2 0
20 0 3 0
20 0 4 0
20 1 0 0
20 1 1 0
20 1 2 0
20 1 3 0
20 1 4 0
20 2 0 0
20 2 1 0
20 2 2 0
20 2 3 0
20 2 4 0
20 3 0 0
20 3 1 0
20 3 2 0
20 3 3 0
20 3 4 0
20 4 0 0
20 4 1 0
20 4 2 0
20 4 3 0
20 4 4 0
20 5 0 0
20 5 1 0
20 5 2 0
20 5 3 0
20 5 4 0
20 6 0 0
20 6 1 0
20 6 2 0
20 6 3 0
20 6 4 0
20 7 0 0
20 7 1 0
20 7 2 0
20 7 3 0
20 7 4 0
20 8 0 0
20 8 1 0
20 8 2 0
20 8 3 0
20 8 4 0
20 9 0 0
20 9 1 0
20 9 2 0
20 9 3 0
20 9 4 0
20 10 0 0
20 10 1 0
20 10 2 0
20 10 3 0
20 10 4 0
20 11 0 0
20 11 1 0
20 11 2 0
20 11 3 0
20 11 4 0
20 12 0 0
20 12 1 0
20 12 2 0
20 12 3 0
20 12 4 0
20 13 0 3454
20 13 1 3454
20 13 2 0
20 13 3 0
20 13 4 0
20 14 0 3844
20 14 1 3844
20 14 2 0
20 14 3 0
20 14 4 0
20 15 0 3422
20 15 1 3422
20 15 2 0
20 15 3 0
20 15 4 0
20 16 0 3076
20 16 1 3076
20 16 2 0
20 16 3 0
20 16 4 0
20 17 0 0
20 17 1 0
20 17 2 0
20 17 3 0
20 17 4 0
20 18 0 3128
20 18 1 3128
20 18 2 3128
20 18 3 0
20 18 4 0
20 19 0 0
20 19 1 0
20 19 2 0
20 19 3 0
20 19 4 0
20 21 0 3327
20 21 1 3327
20 21 2 0
20 21 3 0
20 21 4 0
20 22 0 0
20 22 1 0
20 22 2 0
20 22 3 0
20 22 4 0
20 23 0 0
20 23 1 0
20 23 2 0
20 23 3 0
20 23 4 0
20 24 0 0
20 24 1 0
20 24 2 0
20 24 3 0
20 24 4 0
20 25 0 3310
20 25 1 3310
20 25 2 3310
20 25 3 0
20 25 4 0
20 26 0 0
20 26 1 0
20 26 2 0
20 26 3 0
20 26 4 0
20 27 0 0
20 27 1 0
20 27 2 0
20 27 3 0
20 27 4 0
20 28 0 0
20 28 1 0
20 28 2 0
20 28 3 0
20 28 4 0
20 29 0 0
20 29 1 0
20 29 2 0
20 29 3 0
20 29 4 0
21 0 0 0
21 0 1 0
21 0 2 0
21 0 3 0
21 0 4 0
21 1 0 3454
21 1 1 3454
21 1 2 0
21 1 3 0
21 1 4 0
21 2 0 3866
21 2 1 3866
21 2 2 0
21 2 3 0
21 2 4 0
21 3 0 3232
21 3 1 3232
21 3 2 3232
21 3 3 0
21 3 4 0
21 4 0 0
21 4 1 0
21 4 2 0
21 4 3 0
21 4 4 0
21 5 0 0
21 5 1 0
21 5 2 0
21 5 3 0
21 5 4 0
21 6 0 0
21 6 1 0
21 6 2 0
21 6 3 0
21 6 4 0
21 7 0 3514
21 7 1 3514
21 7 2 0
21 7 3 0
21 7 4 0
21 8 0 3594
21 8 1 3594
21 8 2 0
21 8 3 0
21 8 4 0
21 9 0 3549
21 9 1 3549
21 9 2 0
21 9 3 0
21 9 4 0
21 10 0 3363
21 10 1 3363
21 10 2 3363
21 10 3 0
21 10 4 0
21 11 0 0
21 11 1 0
21 11 2 0
21 11 3 0
21 11 4 0
21 12 0 3734
21 12 1 3734
21 12 2 3734
21 12 3 0
21 12 4 0
21 13 0 0
21 13 1 0
21 13 2 0
21 13 3 0
21 13 4 0
21 14 0 0
21 14 1 0
21 14 2 0
21 14 3 0
21 14 4 0
21 15 0 3514
21 15 1 3514
21 15 2 3514
21 15 3 0
21 15 4 0
21 16 0 0
21 16 1 0
21 16 2 0
21 16 3 0
21 16 4 0
21 17 0 3455
21 17 1 3455
21 17 2 0
21 17 3 0
21 17 4 0
21 18 0 0
21 18 1 0
21 18 2 0
21 18 3 0
21 18 4 0
21 19 0 3998
21 19 1 3998
21 19 2 3998
21 19 3 0
21 19 4 0
21 20 0 3504
21 20 1 3504
21 20 2 0
21 20 3 0
21 20 4 0
21 22 0 3877
21 22 1 3877
21 22 2 3877
21 22 3 0
21 22 4 0
21 23 0 0
21 23 1 0
21 23 2 0
21 23 3 0
21 23 4 0
21 24 0 0
21 24 1 0
21 24 2 0
21 24 3 0
21 24 4 0
21 25 0 0
21 25 1 0
21 25 2 0
21 25 3 0
21 25 4 0
21 26 0 0
21 26 1 0
21 26 2 0
21 26 3 0
21 26 4 0
21 27 0 0
21 27 1 0
21 27 2 0
21 27 3 0
21 27 4 0
21 28 0 3010
21 28 1 3010
21 28 2 0
21 28 3 0
21 28 4 0
21 29 0 3336
21 29 1 3336
21 29 2 0
21 29 3 0
21 29 4 0
22 0 0 0
22 0 1 0
22 0 2 0
22 0 3 0
22 0 4 0
22 1 0 0
22 1 1 0
22 1 2 0
22 1 3 0
22 1 4 0
22 2 0 0
22 2 1 0
22 2 2 0
22 2 3 0
22 2 4 0
22 3 0 0
22 3 1 0
22 3 2 0
22 3 3 0
22 3 4 0
22 4 0 0
22 4 1 0
22 4 2 0
22 4 3 0
22 4 4 0
22 5 0 0
22 5 1 0
22 5 2 0
22 5 3 0
22 5 4 0
22 6 0 3315
22 6 1 3315
22 6 2 0
22 6 3 0
22 6 4 0
22 7 0 0
22 7 1 0
22 7 2 0
22 7 3 0
22 7 4 0
22 8 0 0
22 8 1 0
22 8 2 0
22 8 3 0
22 8 4 0
22 9 0 0
22 9 1 0
22 9 2 0
22 9 3 0
22 9 4 0
22 10 0 3721
22 10 1 3721
22 10 2 3721
22 10 3 0
22 10 4 0
22 11 0 0
22 11 1 0
22 11 2 0
22 11 3 0
22 11 4 0
22 12 0 3791
22 12 1 3791
22 12 2 0
22 12 3 0
22 12 4 0
22 13 0 0
22 13 1 0
22 13 2 0
22 13 3 0
22 13 4 0
22 14 0 3212
22 14 1 3212
22 14 2 3212
22 14 3 0
22 14 4 0
22 15 0 0
22 15 1 0
22 15 2 0
22 15 3 0
22 15 4 0
22 16 0 0
22 16 1 0
22 16 2 0
22 16 3 0
22 16 4 0
22 17 0 0
22 17 1 0
22 17 2 0
22 17 3 0
22 17 4 0
22 18 0 3871
22 18 1 3871
22 18 2 3871
22 18 3 0
22 18 4 0
22 19 0 0
22 19 1 0
22 19 2 0
22 19 3 0
22 19 4 0
22 20 0 0
22 20 1 0
22 20 2 0
22 20 3 0
22 20 4 0
22 21 0 0
22 21 1 0
22 21 2 0
22 21 3 0
22 21 4 0
22 23 0 3390
22 23 1 3390
22 23 2 3390
22 23 3 0
22 23 4 0
22 24 0 3354
22 24 1 3354
22 24 2 0
22 24 3 0
22 24 4 0
22 25 0 0
22 25 1 0
22 25 2 0
22 25 3 0
22 25 4 0
22 26 0 0
22 26 1 0
22 26 2 0
22 26 3 0
22 26 4 0
22 27 0 0
22 27 1 0
22 27 2 0
22 27 3 0
22 27 4 0
22 28 0 0
22 28 1 0
22 28 2 0
22 28 3 0
22 28 4 0
22 29 0 0
22 29 1 0
22 29 2 0
22 29 3 0
22 29 4 0
23 0 0 0
23 0 1 0
23 0 2 0
23 0 3 0
23 0 4 0
23 1 0 3093
23 1 1 3093
23 1 2 3093
23 1 3 0
23 1 4 0
23 2 0 0
23 2 1 0
23 2 2 0
23 2 3 0
23 2 4 0
23 3 0 3388
23 3 1 3388
23 3 2 3388
23 3 3 0
23 3 4 0
23 4 0 0
23 4 1 0
23 4 2 0
23 4 3 0
23 4 4 0
23 5 0 0
23 5 1 0
23 5 2 0
23 5 3 0
23 5 4 0
23 6 0 3384
23 6 1 3384
23 6 2 0
23 6 3 0
23 6 4 0
23 7 0 3129
23 7 1 3129
23 7 2 0
23 7 3 0
23 7 4 0
23 8 0 3406
23 8 1 3406
23 8 2 3406
23 8 3 0
23 8 4 0
23 9 0 0
23 9 1 0
23 9 2 0
23 9 3 0
23 9 4 0
23 10 0 3130
23 10 1 3130
23 10 2 3130
23 10 3 0
23 10 4 0
23 11 0 3807
23 11 1 3807
23 11 2 0
23 11 3 0
23 11 4 0
23 12 0 3347
23 12 1 3347
23 12 2 0
23 12 3 0
23 12 4 0
23 13 0 0
23 13 1 0
23 13 2 0
23 13 3 0
23 13 4 0
23 14 0 0
23 14 1 0
23 14 2 0
23 14 3 0
23 14 4 0
23 15 0 3822
23 15 1 3822
23 15 2 3822
23 15 3 0
23 15 4 0
23 16 0 3824
23 16 1 3824
23 16 2 0
23 16 3 0
23 16 4 0
23 17 0 0
23 17 1 0
23 17 2 0
23 17 3 0
23 17 4 0
23 18 0 0
23 18 1 0
23 18 2 0
23 18 3 0
23 18 4 0
23 19 0 3130
23 19 1 3130
23 19 2 0
23 19 3 0
23 19 4 0
23 20 0 3591
23 20 1 3591
23 20 2 3591
23 20 3 0
23 20 4 0
23 21 0 3271
23 21 1 3271
23 21 2 0
23 21 3 0
23 21 4 0
23 22 0 3257
23 22 1 3257
23 22 2 0
23 22 3 0
23 22 4 0
23 24 0 3701
23 24 1 3701
23 24 2 3701
23 24 3 0
23 24 4 0
23 25 0 0
23 25 1 0
23 25 2 0
23 25 3 0
23 25 4 0
23 26 0 3460
23 26 1 3460
23 26 2 3460
23 26 3 0
23 26 4 0
23 27 0 0
23 27 1 0
23 27 2 0
23 27 3 0
23 27 4 0
23 28 0 0
23 28 1 0
23 28 2 0
23 28 3 0
23 28 4 0
23 29 0 0
23 29 1 0
23 29 2 0
23 29 3 0
23 29 4 0
24 0 0 0
24 0 1 0
24 0 2 0
24 0 3 0
24 0 4 0
24 1 0 0
24 1 1 0
24 1 2 0
24 1 3 0
24 1 4 0
24 2 0 4776
24 2 1 4776
24 2 2 0
24 2 3 0
24 2 4 0
24 3 0 0
24 3 1 0
24 3 2 0
24 3 3 0
24 3 4 0
24 4 0 0
24 4 1 0
24 4 2 0
24 4 3 0
24 4 4 0
24 5 0 0
24 5 1 0
24 5 2 0
24 5 3 0
24 5 4 0
24 6 0 0
24 6 1 0
24 6 2 0
24 6 3 0
24 6 4 0
24 7 0 0
24 7 1 0
24 7 2 0
24 7 3 0
24 7 4 0
24 8 0 0
24 8 1 0
24 8 2 0
24 8 3 0
24 8 4 0
24 9 0 0
24 9 1 0
24 9 2 0
24 9 3 0
24 9 4 0
24 10 0 0
24 10 1 0
24 10 2 0
24 10 3 0
24 10 4 0
24 11 0 3147
24 11 1 3147
24 11 2 3147
24 11 3 0
24 11 4 0
24 12 0 3204
24 12 1 3204
24 12 2 3204
24 12 3 0
24 12 4 0
24 13 0 0
24 13 1 0
24 13 2 0
24 13 3 0
24 13 4 0
24 14 0 0
24 14 1 0
24 14 2 0
24 14 3 0
24 14 4 0
24 15 0 3156
24 15 1 3156
24 15 2 3156
24 15 3 0
24 15 4 0
24 16 0 0
24 16 1 0
24 16 2 0
24 16 3 0
24 16 4 0
24 17 0 0
24 17 1 0
24 17 2 0
24 17 3 0
24 17 4 0
24 18 0 3283
24 18 1 3283
24 18 2 3283
24 18 3 0
24 18 4 0
24 19 0 0
24 19 1 0
24 19 2 0
24 19 3 0
24 19 4 0
24 20 0 0
24 20 1 0
24 20 2 0
24 20 3 0
24 20 4 0
24 21 0 0
24 21 1 0
24 21 2 0
24 21 3 0
24 21 4 0
24 22 0 3761
24 22 1 3761
24 22 2 3761
24 22 3 0
24 22 4 0
24 23 0 0
24 23 1 0
24 23 2 0
24 23 3 0
24 23 4 0
24 25 0 0
24 25 1 0
24 25 2 0
24 25 3 0
24 25 4 0
24 26 0 3302
24 26 1 3302
24 26 2 0
24 26 3 0
24 26 4 0
24 27 0 3449
24 27 1 3449
24 27 2 0
24 27 3 0
24 27 4 0
24 28 0 3453
24 28 1 3453
24 28 2 3453
24 28 3 0
24 28 4 0
24 29 0 3518
24 29 1 3518
24 29 2 0
24 29 3 0
24 29 4 0
25 0 0 0
25 0 1 0
25 0 2 0
25 0 3 0
25 0 4 0
25 1 0 3514
25 1 1 3514
25 1 2 3514
25 1 3 0
25 1 4 0
25 2 0 0
25 2 1 0
25 2 2 0
25 2 3 0
25 2 4 0
25 3 0 3708
25 3 1 3708
25 3 2 0
25 3 3 0
25 3 4 0
25 4 0 3553
25 4 1 3553
25 4 2 3553
25 4 3 0
25 4 4 0
25 5 0 0
25 5 1 0
25 5 2 0
25 5 3 0
25 5 4 0
25 6 0 0
25 6 1 0
25 6 2 0
25 6 3 0
25 6 4 0
25 7 0 0
25 7 1 0
25 7 2 0
25 7 3 0
25 7 4 0
25 8 0 0
25 8 1 0
25 8 2 0
25 8 3 0
25 8 4 0
25 9 0 0
25 9 1 0
25 9 2 0
25 9 3 0
25 9 4 0
25 10 0 0
25 10 1 0
25 10 2 0
25 10 3 0
25 10 4 0
25 11 0 0
25 11 1 0
25 11 2 0
25 11 3 0
25 11 4 0
25 12 0 3026
25 12 1 3026
25 12 2 3026
25 12 3 0
25 12 4 0
25 13 0 0
25 13 1 0
25 13 2 0
25 13 3 0
25 13 4 0
25 14 0 0
25 14 1 0
25 14 2 0
25 14 3 0
25 14 4 0
25 15 0 3091
25 15 1 3091
25 15 2 3091
25 15 3 0
25 15 4 0
25 16 0 0
25 16 1 0
25 16 2 0
25 16 3 0
25 16 4 0
25 17 0 3114
25 17 1 3114
25 17 2 0
25 17 3 0
25 17 4 0
25 18 0 4924
25 18 1 4924
25 18 2 4924
25 18 3 0
25 18 4 0
25 19 0 3715
25 19 1 3715
25 19 2 0
25 19 3 0
25 19 4 0
25 20 0 0
25 20 1 0
25 20 2 0
25 20 3 0
25 20 4 0
25 21 0 0
25 21 1 0
25 21 2 0
25 21 3 0
25 21 4 0
25 22 0 0
25 22 1 0
25 22 2 0
25 22 3 0
25 22 4 0
25 23 0 0
25 23 1 0
25 23 2 0
25 23 3 0
25 23 4 0
25 24 0 0
25 24 1 0
25 24 2 0
25 24 3 0
25 24 4 0
25 26 0 0
25 26 1 0
25 26 2 0
25 26 3 0
25 26 4 0
25 27 0 3092
25 27 1 3092
25 27 2 0
25 27 3 0
25 27 4 0
25 28 0 0
25 28 1 0
25 28 2 0
25 28 3 0
25 28 4 0
25 29 0 0
25 29 1 0
25 29 2 0
25 29 3 0
25 29 4 0
26 0 0 0
26 0 1 0
26 0 2 0
26 0 3 0
26 0 4 0
26 1 0 0
26 1 1 0
26 1 2 0
26 1 3 0
26 1 4 0
26 2 0 3214
26 2 1 3214
26 2 2 0
26 2 3 0
26 2 4 0
26 3 0 0
26 3 1 0
26 3 2 0
26 3 3 0
26 3 4 0
26 4 0 0
26 4 1 0
26 4 2 0
26 4 3 0
26 4 4 0
26 5 0 3917
26 5 1 3917
26 5 2 3917
26 5 3 0
26 5 4 0
26 6 0 0
26 6 1 0
26 6 2 0
26 6 3 0
26 6 4 0
26 7 0 3658
26 7 1 3658
26 7 2 3658
26 7 3 0
26 7 4 0
26 8 0 3791
26 8 1 3791
26 8 2 0
26 8 3 0
26 8 4 0
26 9 0 0
26 9 1 0
26 9 2 0
26 9 3 0
26 9 4 0
26 10 0 3403
26 10 1 3403
26 10 2 0
26 10 3 0
26 10 4 0
26 11 0 0
26 11 1 0
26 11 2 0
26 11 3 0
26 11 4 0
26 12 0 3687
26 12 1 3687
26 12 2 3687
26 12 3 0
26 12 4 0
26 13 0 3851
26 13 1 3851
26 13 2 3851
26 13 3 0
26 13 4 0
26 14 0 0
26 14 1 0
26 14 2 0
26 14 3 0
26 14 4 0
26 15 0 0
26 15 1 0
26 15 2 0
26 15 3 0
26 15 4 0
26 16 0 3508
26 16 1 3508
26 16 2 3508
26 16 3 0
26 16 4 0
26 17 0 0
26 17 1 0
26 17 2 0
26 17 3 0
26 17 4 0
26 18 0 0
26 18 1 0
26 18 2 0
26 18 3 0
26 18 4 0
26 19 0 0
26 19 1 0
26 19 2 0
26 19 3 0
26 19 4 0
26 20 0 3226
26 20 1 3226
26 20 2 3226
26 20 3 0
26 20 4 0
26 21 0 0
26 21 1 0
26 21 2 0
26 21 3 0
26 21 4 0
26 22 0 0
26 22 1 0
26 22 2 0
26 22 3 0
26 22 4 0
26 23 0 3542
26 23 1 3542
26 23 2 3542
26 23 3 0
26 23 4 0
26 24 0 0
26 24 1 0
26 24 2 0
26 24 3 0
26 24 4 0
26 25 0 0
26 25 1 0
26 25 2 0
26 25 3 0
26 25 4 0
26 27 0 0
26 27 1 0
26 27 2 0
26 27 3 0
26 27 4 0
26 28 0 0
26 28 1 0
26 28 2 0
26 28 3 0
26 28 4 0
26 29 0 3738
26 29 1 3738
26 29 2 3738
26 29 3 0
26 29 4 0
27 0 0 3378
27 0 1 3378
27 0 2 3378
27 0 3 0
27 0 4 0
27 1 0 3297
27 1 1 3297
27 1 2 0
27 1 3 0
27 1 4 0
27 2 0 3022
27 2 1 3022
27 2 2 0
27 2 3 0
27 2 4 0
27 3 0 3056
27 3 1 3056
27 3 2 0
27 3 3 0
27 3 4 0
27 4 0 0
27 4 1 0
27 4 2 0
27 4 3 0
27 4 4 0
27 5 0 3251
27 5 1 3251
27 5 2 3251
27 5 3 0
27 5 4 0
27 6 0 0
27 6 1 0
27 6 2 0
27 6 3 0
27 6 4 0
27 7 0 0
27 7 1 0
27 7 2 0
27 7 3 0
27 7 4 0
27 8 0 0
27 8 1 0
27 8 2 0
27 8 3 0
27 8 4 0
27 9 0 0
27 9 1 0
27 9 2 0
27 9 3 0
27 9 4 0
27 10 0 3877
27 10 1 3877
27 10 2 0
27 10 3 0
27 10 4 0
27 11 0 0
27 11 1 0
27 11 2 0
27 11 3 0
27 11 4 0
27 12 0 3555
27 12 1 3555
27 12 2 0
27 12 3 0
27 12 4 0
27 13 0 3471
27 13 1 3471
27 13 2 0
27 13 3 0
27 13 4 0
27 14 0 0
27 14 1 0
27 14 2 0
27 14 3 0
27 14 4 0
27 15 0 0
27 15 1 0
27 15 2 0
27 15 3 0
27 15 4 0
27 16 0 0
27 16 1 0
27 16 2 0
27 16 3 0
27 16 4 0
27 17 0 0
27 17 1 0
27 17 2 0
27 17 3 0
27 17 4 0
27 18 0 3602
27 18 1 3602
27 18 2 3602
27 18 3 0
27 18 4 0
27 19 0 0
27 19 1 0
27 19 2 0
27 19 3 0
27 19 4 0
27 20 0 0
27 20 1 0
27 20 2 0
27 20 3 0
27 20 4 0
27 21 0 0
27 21 1 0
27 21 2 0
27 21 3 0
27 21 4 0
27 22 0 3835
27 22 1 3835
27 22 2 0
27 22 3 0
27 22 4 0
27 23 0 3783
27 23 1 3783
27 23 2 0
27 23 3 0
27 23 4 0
27 24 0 0
27 24 1 0
27 24 2 0
27 24 3 0
27 24 4 0
27 25 0 3958
27 25 1 3958
27 25 2 0
27 25 3 0
27 25 4 0
27 26 0 0
27 26 1 0
27 26 2 0
27 26 3 0
27 26 4 0
27 28 0 3263
27 28 1 3263
27 28 2 0
27 28 3 0
27 28 4 0
27 29 0 3499
27 29 1 3499
27 29 2 3499
27 29 3 0
27 29 4 0
28 0 0 3312
28 0 1 3312
28 0 2 3312
28 0 3 0
28 0 4 0
28 1 0 3878
28 1 1 3878
28 1 2 0
28 1 3 0
28 1 4 0
28 2 0 0
28 2 1 0
28 2 2 0
28 2 3 0
28 2 4 0
28 3 0 0
28 3 1 0
28 3 2 0
28 3 3 0
28 3 4 0
28 4 0 0
28 4 1 0
28 4 2 0
28 4 3 0
28 4 4 0
28 5 0 0
28 5 1 0
28 5 2 0
28 5 3 0
28 5 4 0
28 6 0 0
28 6 1 0
28 6 2 0
28 6 3 0
28 6 4 0
28 7 0 0
28 7 1 0
28 7 2 0
28 7 3 0
28 7 4 0
28 8 0 0
28 8 1 0
28 8 2 0
28 8 3 0
28 8 4 0
28 9 0 3923
28 9 1 3923
28 9 2 3923
28 9 3 0
28 9 4 0
28 10 0 3564
28 10 1 3564
28 10 2 0
28 10 3 0
28 10 4 0
28 11 0 3746
28 11 1 3746
28 11 2 0
28 11 3 0
28 11 4 0
28 12 0 3360
28 12 1 3360
28 12 2 3360
28 12 3 0
28 12 4 0
28 13 0 0
28 13 1 0
28 13 2 0
28 13 3 0
28 13 4 0
28 14 0 0
28 14 1 0
28 14 2 0
28 14 3 0
28 14 4 0
28 15 0 3628
28 15 1 3628
28 15 2 3628
28 15 3 0
28 15 4 0
28 16 0 0
28 16 1 0
28 16 2 0
28 16 3 0
28 16 4 0
28 17 0 0
28 17 1 0
28 17 2 0
28 17 3 0
28 17 4 0
28 18 0 0
28 18 1 0
28 18 2 0
28 18 3 0
28 18 4 0
28 19 0 3783
28 19 1 3783
28 19 2 0
28 19 3 0
28 19 4 0
28 20 0 0
28 20 1 0
28 20 2 0
28 20 3 0
28 20 4 0
28 21 0 3976
28 21 1 3976
28 21 2 0
28 21 3 0
28 21 4 0
28 22 0 0
28 22 1 0
28 22 2 0
28 22 3 0
28 22 4 0
28 23 0 3103
28 23 1 3103
28 23 2 3103
28 23 3 0
28 23 4 0
28 24 0 0
28 24 1 0
28 24 2 0
28 24 3 0
28 24 4 0
28 25 0 0
28 25 1 0
28 25 2 0
28 25 3 0
28 25 4 0
28 26 0 0
28 26 1 0
28 26 2 0
28 26 3 0
28 26 4 0
28 27 0 0
28 27 1 0
28 27 2 0
28 27 3 0
28 27 4 0
28 29 0 0
28 29 1 0
28 29 2 0
28 29 3 0
28 29 4 0
29 0 0 0
29 0 1 0
29 0 2 0
29 0 3 0
29 0 4 0
29 1 0 4164
29 1 1 4164
29 1 2 4164
29 1 3 0
29 1 4 0
29 2 0 0
29 2 1 0
29 2 2 0
29 2 3 0
29 2 4 0
29 3 0 3984
29 3 1 3984
29 3 2 0
29 3 3 0
29 3 4 0
29 4 0 3421
29 4 1 3421
29 4 2 0
29 4 3 0
29 4 4 0
29 5 0 3996
29 5 1 3996
29 5 2 3996
29 5 3 0
29 5 4 0
29 6 0 0
29 6 1 0
29 6 2 0
29 6 3 0
29 6 4 0
29 7 0 0
29 7 1 0
29 7 2 0
29 7 3 0
29 7 4 0
29 8 0 0
29 8 1 0
29 8 2 0
29 8 3 0
29 8 4 0
29 9 0 3650
29 9 1 3650
29 9 2 0
29 9 3 0
29 9 4 0
29 10 0 0
29 10 1 0
29 10 2 0
29 10 3 0
29 10 4 0
29 11 0 0
29 11 1 0
29 11 2 0
29 11 3 0
29 11 4 0
29 12 0 0
29 12 1 0
29 12 2 0
29 12 3 0
29 12 4 0
29 13 0 0
29 13 1 0
29 13 2 0
29 13 3 0
29 13 4 0
29 14 0 0
29 14 1 0
29 14 2 0
29 14 3 0
29 14 4 0
29 15 0 0
29 15 1 0
29 15 2 0
29 15 3 0
29 15 4 0
29 16 0 0
29 16 1 0
29 16 2 0
29 16 3 0
29 16 4 0
29 17 0 0
29 17 1 0
29 17 2 0
29 17 3 0
29 17 4 0
29 18 0 0
29 18 1 0
29 18 2 0
29 18 3 0
29 18 4 0
29 19 0 3431
29 19 1 3431
29 19 2 0
29 19 3 0
29 19 4 0
29 20 0 3832
29 20 1 3832
29 20 2 0
29 20 3 0
29 20 4 0
29 21 0 0
29 21 1 0
29 21 2 0
29 21 3 0
29 21 4 0
29 22 0 0
29 22 1 0
29 22 2 0
29 22 3 0
29 22 4 0
29 23 0 0
29 23 1 0
29 23 2 0
29 23 3 0
29 23 4 0
29 24 0 0
29 24 1 0
29 24 2 0
29 24 3 0
29 24 4 0
29 25 0 3621
29 25 1 3621
29 25 2 0
29 25 3 0
29 25 4 0
29 26 0 0
29 26 1 0
29 26 2 0
29 26 3 0
29 26 4 0
29 27 0 0
29 27 1 0
29 27 2 0
29 27 3 0
29 27 4 0
29 28 0 0
29 28 1 0
29 28 2 0
29 28 3 0
29 28 4 0

