10 4 24 166

   0  873  840  964  987 1038  799  899 1011  975 
 935    0  790  904  902  833  922  914  788  794 
 981  782    0  990  999  835  854 1003 1007  992 
 918 1034  914    0  972  976  951 1028  886  857 
 881  961  958 1030    0  822  884  940  820  990 
 909  987  929  822 1022    0  847 1025 1051 1024 
1046  826 1033  829  974  946    0 1041  966  965 
1004  997  976  909  839  777  795    0  796 1033 
 824  934 1029  921  781  857  905 1030    0  999 
 900  939  784 1048  904  792  848  787  876    0 

   0  780  970  808  892 1092  635 1121  694  767 
 776    0  759  977 1145  751  791  915 1193  835 
 732  999    0  869 1161 1007 1102  974  848 1154 
 799  852 1005    0  943  676  630 1116  747  684 
 841  617  638 1048    0 1074  620 1069  717 1073 
 897  660  818  601 1013    0 1002  732  670 1123 
 656  625  935  613  844  625    0  832  836  805 
1185  748  655  640  928  943 1046    0  778  943 
 889  706 1106  924  920 1029 1041 1149    0  611 
1197 1187  984  700 1139  890  862  818  702    0 

0 265 725
1 273 934
2 501 772
3 594 842
4 233 1018
5 577 787
6 585 1046
7 597 1016
8 579 874
9 247 1017

0 1 8858 11861 3492 
0 9 7532 10515 3900 
0 9 1107 2671 1950 
0 2 619 3354 1680 
0 7 4102 8059 2697 
0 9 3768 6245 3900 
0 8 7832 9705 3033 
0 3 2937 5789 3856 
0 5 10594 13203 3114 
0 1 4447 6950 3492 
0 6 7470 9241 3196 
0 2 6717 9753 3360 
0 1 10459 13345 2619 
1 9 2153 4532 1588 
1 6 10415 12748 3688 
1 0 1572 3488 2805 
1 4 3920 8236 3608 
1 6 5985 8176 1844 
1 8 5923 10492 1576 
1 6 3764 5891 2766 
1 5 6665 9646 3332 
1 4 1208 4654 1804 
1 2 5244 7847 2370 
1 4 1521 4601 3608 
1 3 8917 10968 1808 
1 4 6302 10618 3608 
1 8 6740 11154 2364 
1 2 724 2363 1580 
1 9 4775 7789 2382 
1 4 6056 8483 2706 
1 6 9505 12407 1844 
1 9 2546 5017 2382 
1 6 2178 3799 1844 
2 7 180 3004 2006 
2 3 1537 4309 2970 
2 0 7821 9855 3924 
2 6 5993 10092 3416 
2 5 8336 12082 2505 
2 4 8438 11166 3996 
2 3 1945 4352 3960 
2 1 2929 5346 2346 
2 9 377 2719 3968 
2 7 8860 11733 4012 
2 4 2268 6575 2997 
2 5 10049 13362 1670 
2 1 6854 8861 3128 
2 6 10583 14880 1708 
2 1 4992 8198 1564 
2 0 6588 8374 3924 
3 1 1797 3892 2068 
3 5 3114 5628 1952 
3 0 6465 9093 2754 
3 2 8732 10882 3656 
3 1 4978 7252 3102 
3 1 1201 4489 3102 
3 7 2741 6613 4112 
3 9 9547 12057 3428 
3 2 6617 9029 2742 
3 2 1178 4072 2742 
3 2 2219 5033 3656 
3 4 778 3757 2916 
3 8 10553 12794 1772 
3 4 1317 3316 2916 
3 2 2199 5485 2742 
3 9 882 2311 1714 
4 7 4162 7026 2820 
4 7 1072 4770 1880 
4 5 1330 5003 2466 
4 7 6414 9150 1880 
4 3 9782 13879 2060 
4 3 7969 11406 3090 
4 0 10564 13120 1762 
4 1 9781 12076 3844 
4 3 7559 10902 2060 
4 3 1422 3979 2060 
4 5 963 4195 1644 
4 8 8494 10014 3280 
4 7 10296 14144 2820 
4 8 9915 12245 3280 
4 2 2901 4891 1916 
4 0 3054 6090 3524 
4 1 7968 9973 2883 
4 9 4673 7366 2970 
4 3 2865 5044 4120 
4 7 1159 5082 3760 
4 6 1580 3855 3536 
5 4 4416 7394 3066 
5 0 878 3560 3636 
5 2 650 3840 1858 
5 3 1849 3645 3288 
5 4 6551 10400 4088 
5 1 289 1813 3948 
5 7 4424 6071 4100 
5 3 5097 6851 1644 
5 2 16 1938 2787 
5 0 4653 7927 2727 
6 2 6126 9342 3099 
6 4 2223 5438 2922 
6 8 1865 3904 2898 
6 3 411 1673 2487 
6 1 4567 7035 1652 
6 7 10254 12109 2082 
6 0 4937 7121 4184 
6 1 4771 6646 2478 
6 2 826 4117 3099 
6 7 4232 6711 2082 
6 1 4996 6921 1652 
6 1 6369 8231 2478 
6 1 9431 11637 2478 
6 0 7475 9003 4184 
6 2 4289 6271 2066 
6 4 9316 12481 2922 
6 5 4277 6564 1892 
6 0 5471 7406 2092 
6 0 46 1358 3138 
6 4 8816 11035 3896 
6 5 2884 5052 1892 
6 9 2198 5160 3860 
6 5 511 2873 2838 
7 4 356 2759 2517 
7 0 4081 8678 3012 
7 5 1689 3688 3108 
7 9 1642 5272 4132 
7 8 6106 9023 1592 
7 4 8790 11824 2517 
7 4 5684 8421 2517 
7 4 9943 12569 3356 
7 5 1343 4332 3108 
7 6 175 4202 3180 
7 9 3138 5222 3099 
8 4 752 3337 2343 
8 6 6581 10359 1810 
8 6 6597 9949 1810 
8 0 10120 13551 1648 
8 3 9594 13031 1842 
8 5 5700 8478 1714 
8 6 907 3093 2715 
8 1 5904 8142 1868 
8 4 6795 8782 1562 
8 0 5217 8444 2472 
8 6 4386 8123 2715 
8 2 5416 7849 4116 
9 0 2802 5531 1800 
9 2 4059 6410 1568 
9 4 7481 9861 3616 
9 7 5834 7911 3148 
9 3 5068 7090 4192 
9 0 6261 10713 2700 
9 1 6083 9976 3756 
9 7 3777 5642 1574 
9 5 5673 8485 3168 
9 3 8428 11081 3144 
9 4 5518 9481 1808 
9 2 8654 10897 3136 
9 3 168 2597 4192 
9 7 2569 4892 2361 
9 6 8193 11322 2544 
9 6 1962 4703 3392 
9 1 5248 8049 2817 
9 4 8124 12224 2712 
9 2 1191 3454 3136 
9 1 1713 5463 1878 
9 3 3045 4886 3144 
9 1 8342 11653 3756 
9 5 8530 10924 2376 
9 0 5369 8385 1800 

0 1 0 0
0 1 1 0
0 1 2 0
0 1 3 0
0 1 4 0
0 2 0 4426
0 2 1 4426
0 2 2 4426
0 2 3 0
0 2 4 0
0 3 0 0
0 3 1 0
0 3 2 0
0 3 3 0
0 3 4 0
0 4 0 3501
0 4 1 3501
0 4 2 3501
0 4 3 0
0 4 4 0
0 5 0 3450
0 5 1 3450
0 5 2 0
0 5 3 0
0 5 4 0
0 6 0 0
0 6 1 0
0 6 2 0
0 6 3 0
0 6 4 0
0 7 0 4583
0 7 1 4583
0 7 2 0
0 7 3 0
0 7 4 0
0 8 0 0
0 8 1 0
0 8 2 0
0 8 3 0
0 8 4 0
0 9 0 3361
0 9 1 3361
0 9 2 0
0 9 3 0
0 9 4 0
1 0 0 3174
1 0 1 3174
1 0 2 0
1 0 3 0
1 0 4 0
1 2 0 0
1 2 1 0
1 2 2 0
1 2 3 0
1 2 4 0
1 3 0 0
1 3 1 0
1 3 2 0
1 3 3 0
1 3 4 0
1 4 0 0
1 4 1 0
1 4 2 0
1 4 3 0
1 4 4 0
1 5 0 4383
1 5 1 4383
1 5 2 4383
1 5 3 0
1 5 4 0
1 6 0 3692
1 6 1 3692
1 6 2 0
1 6 3 0
1 6 4 0
1 7 0 0
1 7 1 0
1 7 2 0
1 7 3 0
1 7 4 0
1 8 0 0
1 8 1 0
1 8 2 0
1 8 3 0
1 8 4 0
1 9 0 4020
1 9 1 4020
1 9 2 4020
1 9 3 0
1 9 4 0
2 0 0 3381
2 0 1 3381
2 0 2 0
2 0 3 0
2 0 4 0
2 1 0 0
2 1 1 0
2 1 2 0
2 1 3 0
2 1 4 0
2 3 0 0
2 3 1 0
2 3 2 0
2 3 3 0
2 3 4 0
2 4 0 3147
2 4 1 3147
2 4 2 0
2 4 3 0
2 4 4 0
2 5 0 0
2 5 1 0
2 5 2 0
2 5 3 0
2 5 4 0
2 6 0 0
2 6 1 0
2 6 2 0
2 6 3 0
2 6 4 0
2 7 0 0
2 7 1 0
2 7 2 0
2 7 3 0
2 7 4 0
2 8 0 3625
2 8 1 3625
2 8 2 0
2 8 3 0
2 8 4 0
2 9 0 0
2 9 1 0
2 9 2 0
2 9 3 0
2 9 4 0
3 0 0 3698
3 0 1 3698
3 0 2 0
3 0 3 0
3 0 4 0
3 1 0 0
3 1 1 0
3 1 2 0
3 1 3 0
3 1 4 0
3 2 0 0
3 2 1 0
3 2 2 0
3 2 3 0
3 2 4 0
3 4 0 0
3 4 1 0
3 4 2 0
3 4 3 0
3 4 4 0
3 5 0 3480
3 5 1 3480
3 5 2 0
3 5 3 0
3 5 4 0
3 6 0 0
3 6 1 0
3 6 2 0
3 6 3 0
3 6 4 0
3 7 0 0
3 7 1 0
3 7 2 0
3 7 3 0
3 7 4 0
3 8 0 0
3 8 1 0
3 8 2 0
3 8 3 0
3 8 4 0
3 9 0 0
3 9 1 0
3 9 2 0
3 9 3 0
3 9 4 0
4 0 0 0
4 0 1 0
4 0 2 0
4 0 3 0
4 0 4 0
4 1 0 0
4 1 1 0
4 1 2 0
4 1 3 0
4 1 4 0
4 2 0 0
4 2 1 0
4 2 2 0
4 2 3 0
4 2 4 0
4 3 0 3468
4 3 1 3468
4 3 2 3468
4 3 3 0
4 3 4 0
4 5 0 4324
4 5 1 4324
4 5 2 4324
4 5 3 0
4 5 4 0
4 6 0 0
4 6 1 0
4 6 2 0
4 6 3 0
4 6 4 0
4 7 0 3712
4 7 1 3712
4 7 2 3712
4 7 3 0
4 7 4 0
4 8 0 0
4 8 1 0
4 8 2 0
4 8 3 0
4 8 4 0
4 9 0 3913
4 9 1 3913
4 9 2 3913
4 9 3 0
4 9 4 0
5 0 0 3512
5 0 1 3512
5 0 2 0
5 0 3 0
5 0 4 0
5 1 0 0
5 1 1 0
5 1 2 0
5 1 3 0
5 1 4 0
5 2 0 0
5 2 1 0
5 2 2 0
5 2 3 0
5 2 4 0
5 3 0 4320
5 3 1 4320
5 3 2 0
5 3 3 0
5 3 4 0
5 4 0 3624
5 4 1 3624
5 4 2 3624
5 4 3 0
5 4 4 0
5 6 0 4657
5 6 1 4657
5 6 2 4657
5 6 3 0
5 6 4 0
5 7 0 0
5 7 1 0
5 7 2 0
5 7 3 0
5 7 4 0
5 8 0 0
5 8 1 0
5 8 2 0
5 8 3 0
5 8 4 0
5 9 0 0
5 9 1 0
5 9 2 0
5 9 3 0
5 9 4 0
6 0 0 0
6 0 1 0
6 0 2 0
6 0 3 0
6 0 4 0
6 1 0 0
6 1 1 0
6 1 2 0
6 1 3 0
6 1 4 0
6 2 0 0
6 2 1 0
6 2 2 0
6 2 3 0
6 2 4 0
6 3 0 0
6 3 1 0
6 3 2 0
6 3 3 0
6 3 4 0
6 4 0 0
6 4 1 0
6 4 2 0
6 4 3 0
6 4 4 0
6 5 0 3894
6 5 1 3894
6 5 2 0
6 5 3 0
6 5 4 0
6 7 0 0
6 7 1 0
6 7 2 0
6 7 3 0
6 7 4 0
6 8 0 0
6 8 1 0
6 8 2 0
6 8 3 0
6 8 4 0
6 9 0 3775
6 9 1 3775
6 9 2 0
6 9 3 0
6 9 4 0
7 0 0 0
7 0 1 0
7 0 2 0
7 0 3 0
7 0 4 0
7 1 0 3841
7 1 1 3841
7 1 2 3841
7 1 3 0
7 1 4 0
7 2 0 0
7 2 1 0
7 2 2 0
7 2 3 0
7 2 4 0
7 3 0 0
7 3 1 0
7 3 2 0
7 3 3 0
7 3 4 0
7 4 0 0
7 4 1 0
7 4 2 0
7 4 3 0
7 4 4 0
7 5 0 0
7 5 1 0
7 5 2 0
7 5 3 0
7 5 4 0
7 6 0 0
7 6 1 0
7 6 2 0
7 6 3 0
7 6 4 0
7 8 0 4051
7 8 1 4051
7 8 2 0
7 8 3 0
7 8 4 0
7 9 0 3096
7 9 1 3096
7 9 2 0
7 9 3 0
7 9 4 0
8 0 0 0
8 0 1 0
8 0 2 0
8 0 3 0
8 0 4 0
8 1 0 0
8 1 1 0
8 1 2 0
8 1 3 0
8 1 4 0
8 2 0 0
8 2 1 0
8 2 2 0
8 2 3 0
8 2 4 0
8 3 0 0
8 3 1 0
8 3 2 0
8 3 3 0
8 3 4 0
8 4 0 0
8 4 1 0
8 4 2 0
8 4 3 0
8 4 4 0
8 5 0 0
8 5 1 0
8 5 2 0
8 5 3 0
8 5 4 0
8 6 0 3014
8 6 1 3014
8 6 2 0
8 6 3 0
8 6 4 0
8 7 0 0
8 7 1 0
8 7 2 0
8 7 3 0
8 7 4 0
8 9 0 0
8 9 1 0
8 9 2 0
8 9 3 0
8 9 4 0
9 0 0 0
9 0 1 0
9 0 2 0
9 0 3 0
9 0 4 0
9 1 0 0
9 1 1 0
9 1 2 0
9 1 3 0
9 1 4 0
9 2 0 0
9 2 1 0
9 2 2 0
9 2 3 0
9 2 4 0
9 3 0 0
9 3 1 0
9 3 2 0
9 3 3 0
9 3 4 0
9 4 0 0
9 4 1 0
9 4 2 0
9 4 3 0
9 4 4 0
9 5 0 0
9 5 1 0
9 5 2 0
9 5 3 0
9 5 4 0
9 6 0 0
9 6 1 0
9 6 2 0
9 6 3 0
9 6 4 0
9 7 0 4719
9 7 1 4719
9 7 2 0
9 7 3 0
9 7 4 0
9 8 0 0
9 8 1 0
9 8 2 0
9 8 3 0
9 8 4 0

