20 4 24 324

   0  948  922  805  854  875  881  968  849 1033  856  971  806  956  853  816  969  834  819  994 
 803    0  997  843  862 1046  809  785 1018  996  848 1023  945  958  789  837  993  830  824  838 
1031  943    0  882  843  958 1030  867  928  827  790  878  965  903  920 1011  971  792 1000  952 
 856  847  979    0  909 1037  951 1004  925  804  892  983  878  940  789  892  949 1020  905  851 
 877  794  777 1044    0  901  825  877  829  793  960 1048  883  970  961  988  919 1016  981  851 
 820  841  991 1018  860    0  976  887  936  945  968  806  844  785  798  896  964  910  871  850 
1019  958  985  843  795  945    0 1007  922  945  997  931  967 1051 1030 1035  993  958  989 1040 
 854  800  991  946  890  810  867    0  888  908 1016  811  901  839  821  877  832 1025  813  985 
 844  920 1046  914  858 1015  995  840    0 1042  895  804 1039  975  840  878  869  858  799  873 
 781  837  981 1034  931  777 1035  827  922    0  854  822  897  971  824  798  918 1031  841  983 
 892  782 1049  868  962  852  897  811  854 1008    0  993  925  956 1017  953  812 1045  861  851 
 793  798  886  854  849  851  882  921  890 1011  911    0  860  958  859  875 1019  932  949  973 
 950  787  927  837  970  904  980  804  891 1019  999  924    0  788  886  894  821  806  806  952 
1012  978  785 1035  909  878  862  998  966  957  856  976 1047    0  795  841  861 1008  811  876 
 991  898  921 1005 1001  934  987  779  810  805 1030  867  999  913    0  979  795 1011 1000  883 
 992  870 1024  834 1045  918  931  815  785  892  855  778 1048  799 1028    0 1023  816  935  845 
 848  989 1019  926  914  985  885  973  961  850 1045  894  844  958  827  801    0  806  887  960 
1002  865  945  950  938 1003  885 1038  947  884  830  988  883 1009  959 1019  892    0 1015  805 
 806  881  913  821  820  791  904 1037  786  954  895  893  972 1025 1018  879  888  814    0  974 
 807  816  879  952  885  849  996  875  854  986  886 1004  983  781 1019  839  977  986  815    0 

   0  670 1125  646  774  694  782  868  773  787 1001 1073 1162  962 1196 1001  737 1027  800  854 
 948    0 1182  831  600  850  657  852  809  791 1148 1060  743  683  658 1183  874 1187  684  838 
1154  943    0 1116  645 1188  637  709  662  851 1181 1080  919  713 1148 1113  847  928  953  853 
 610 1095 1047    0  738  766 1194  607 1028  756  780 1148  933 1090  831  755  922 1184 1168  700 
 645 1028 1073 1037    0  994  983  703  841  870  941  653  777 1094 1150  842  687  696  827  618 
 637 1130 1025 1149 1174    0  984  624  984  913  878 1027 1088 1155  768  903  918  816  717 1166 
 604  754  685 1087 1124 1071    0 1002  947 1111  828 1003  868  774  913  932  608 1067 1058 1182 
 901  900  720 1076  804  851 1163    0  963  929  817  856 1180  648  618  660  988  941 1003  869 
 847  747  667  769  876  829  711  744    0  761  708  936  839 1132 1003  681 1032  788  752  805 
 737 1029  941 1154  672  614  854 1055  606    0  610  815  709 1099  970 1139 1103  919  669  958 
 974 1023 1012  855  978  831  978  610 1061  706    0 1107  634  781  995  966  717  778  755  640 
 933 1160 1120  960  674  926  636  838 1090 1118 1017    0  914  930  856  640 1186 1074  977  913 
1042  631  898  804  766  999  747  899  948  688  943 1059    0 1066 1157  602  885  694 1139  827 
 874  881  897  744  736  854  991 1120  666 1165  917  771  665    0  641  770 1145  936  973 1031 
 806 1148  750  969 1031  767  623  986  961  922  709  711  741 1181    0  941 1039  756 1198 1108 
1124 1018 1061  852  719  676  773 1100  756  930  829  863  987  882 1170    0  686  785 1026  929 
1037 1004  947  984  924  634  974  729  962  660 1091  741 1035 1026  641  643    0 1132  655  804 
 628  936  603 1137 1162 1131  964  983  929 1193  901 1180  853  786  717  897 1069    0  862  920 
 898  841 1189  838  990  666 1026  989  689 1043  794 1085  801  811  961  950 1141  926    0 1001 
 667  991  633 1187  853 1124 1168 1110  994  942 1082  845  721 1091 1128 1023  739  638  692    0 

0 515 969
1 513 971
2 507 859
3 566 1064
4 502 1041
5 201 1080
6 427 836
7 488 810
8 282 1028
9 239 745
10 260 871
11 284 745
12 347 1027
13 295 718
14 265 828
15 407 796
16 397 962
17 492 972
18 619 759
19 559 793

0 18 2981 5485 3276 
0 13 8054 10997 1912 
0 15 3781 7544 3264 
0 19 14627 17103 2982 
0 10 2758 5110 3424 
0 18 14473 16841 3276 
0 16 8865 10980 3876 
0 3 5168 6957 1610 
0 18 5593 7472 1638 
0 8 504 3495 1698 
0 14 16701 20253 2559 
1 11 15795 18201 3069 
1 10 8511 11633 1696 
1 2 10436 13095 3988 
1 9 9899 12572 3984 
1 11 17638 21401 3069 
1 18 18000 20530 1648 
1 19 12203 14499 3352 
1 10 18361 21265 2544 
1 12 15999 17685 3780 
1 0 17747 20505 1606 
2 18 20118 23663 2000 
2 5 4930 7876 2874 
2 13 10038 11692 1806 
2 14 18149 21868 3680 
2 6 16406 18406 4120 
2 14 19728 23642 2760 
2 15 8745 12963 4044 
2 3 564 4615 1764 
2 0 11129 15352 3093 
2 17 16812 19326 1584 
2 11 18515 21236 3512 
2 6 5504 6873 3090 
2 0 14448 18036 3093 
3 0 2021 4070 2568 
3 10 16791 19677 2676 
3 11 7773 11917 2949 
3 8 14818 17346 2775 
3 10 15431 17786 1784 
3 18 14975 19308 1810 
3 16 9547 13207 3796 
3 5 11747 13953 3111 
3 14 11963 13782 3156 
3 15 2173 3773 2676 
3 2 12837 16323 1958 
3 4 18484 20380 3636 
3 9 4900 6434 1608 
3 8 3754 6375 2775 
4 1 20387 22751 2382 
4 10 5523 8712 2880 
4 8 15394 18430 2487 
4 17 10616 12710 2032 
4 11 19369 20916 2096 
4 15 2015 3724 3952 
4 7 12879 14390 1754 
4 11 8314 10325 2096 
4 16 16251 18188 1838 
4 7 7370 9872 2631 
4 3 15243 17493 2088 
4 18 13216 16474 2943 
4 5 11874 14001 1802 
4 11 14949 17378 4192 
4 19 15871 17224 1702 
4 2 19148 21798 2331 
4 16 3857 6268 2757 
4 8 5104 6962 3316 
4 11 2406 4900 4192 
4 0 9567 10876 2631 
5 18 7274 9740 3484 
5 7 17772 19144 2661 
5 0 163 1819 2460 
5 2 19210 22848 2973 
5 3 14658 17886 4072 
5 6 8640 11739 2928 
5 16 7259 9912 3856 
5 10 12140 13931 1936 
5 4 16357 19256 3440 
5 19 16147 19738 2550 
5 4 15448 19791 2580 
5 2 18991 21574 2973 
5 3 19124 22559 2036 
5 6 19473 22917 3904 
5 8 10091 13013 1872 
6 3 6107 8802 3372 
6 1 18420 20568 2874 
6 17 16888 21091 1916 
6 2 11834 14437 1970 
6 7 12168 15394 4028 
6 19 11875 14723 3120 
6 3 840 4818 3372 
6 18 11800 15037 1978 
6 2 11145 13398 1970 
6 1 9560 12297 1916 
6 16 1756 3379 3972 
6 11 14683 17150 3724 
6 13 4824 6666 3153 
6 9 19828 23916 1890 
6 2 10102 12369 1970 
6 12 8700 11364 3868 
7 17 9641 13216 2050 
7 15 1947 3346 2631 
7 5 3726 5530 3240 
7 10 15916 18309 3048 
7 8 10037 12743 3552 
7 3 5643 9118 2838 
7 0 16756 18954 1708 
7 12 737 4477 3604 
7 2 12455 14211 1982 
7 16 18847 21178 2496 
7 2 11814 14406 1982 
7 19 18236 20182 1970 
7 17 1619 4931 2050 
8 1 612 2292 3680 
8 3 7814 10728 1828 
8 12 14496 16962 3117 
8 12 9162 11880 3117 
8 11 7467 9423 2412 
8 16 19794 23447 3476 
8 5 19299 22067 2030 
8 16 11160 13822 3476 
8 10 16958 19457 3580 
8 18 5231 7667 1598 
8 9 2022 4266 4168 
8 4 1202 4670 2574 
8 1 11975 13618 3680 
8 5 16492 19368 4060 
8 14 2080 5089 1680 
8 17 20200 23202 3432 
8 10 20420 22544 2685 
8 19 9523 12509 1746 
8 2 16595 18889 2092 
8 11 5140 8434 2412 
8 1 3873 5822 3680 
8 16 2777 6389 2607 
9 7 16669 19812 3308 
9 4 16254 18800 3724 
9 13 11340 14977 1942 
9 0 16067 17865 1562 
9 4 1084 3684 3724 
9 5 8793 10585 3108 
9 11 9063 12306 3288 
9 4 2239 4355 3724 
9 14 11551 13762 3296 
9 1 1552 5050 3348 
9 13 11794 16135 2913 
9 11 18318 20648 3288 
9 0 12011 14693 3124 
9 6 9400 12354 3105 
9 6 8735 12039 2070 
9 18 7241 8639 2523 
9 7 102 3699 1654 
9 6 10541 12453 2070 
9 12 7258 8746 3588 
9 17 11487 14905 3093 
9 12 7273 9166 1794 
9 14 1082 4409 1648 
10 7 2062 3818 3244 
10 14 8046 10493 2034 
10 16 496 2733 2436 
10 16 7705 10372 1624 
10 15 6068 8357 2859 
10 17 17211 19054 2090 
10 16 8279 10723 3248 
10 8 17804 21326 3416 
10 4 14490 18304 3848 
10 4 9430 12080 3848 
10 4 15229 18035 3848 
10 17 9142 11872 4180 
10 18 1505 4313 3444 
10 16 19534 21097 3248 
10 13 10169 12324 1912 
10 17 4427 6317 2090 
10 18 1308 3875 1722 
10 11 10710 13787 1986 
10 0 15397 17617 2676 
10 4 12095 15997 3848 
10 14 14650 17664 4068 
11 14 12410 14293 2577 
11 1 4298 7708 1596 
11 12 3488 6595 1720 
11 3 15574 18415 3416 
11 9 7360 10579 2022 
11 4 12804 15021 2547 
11 9 4846 7204 2022 
11 2 12657 15669 1772 
11 8 6033 9891 1780 
11 4 919 3433 2547 
11 0 18992 21315 2379 
11 18 18061 21158 2847 
11 13 15371 17733 2874 
11 8 19084 23411 3560 
11 6 16783 18124 1764 
11 2 8419 11398 3544 
12 7 13301 16654 3216 
12 18 832 3850 2418 
12 15 17343 19678 1788 
12 1 18272 19735 3148 
12 18 10172 14226 2418 
12 16 15986 19233 2463 
12 5 1966 4023 3616 
12 16 1978 4624 3284 
12 0 7533 10461 3800 
12 9 20118 21714 3057 
12 19 11893 13547 1904 
12 6 14580 16208 3920 
12 14 14987 18203 1772 
12 7 261 2094 2412 
12 18 20221 23148 3224 
12 10 17925 20527 1998 
12 9 2004 4604 3057 
12 2 20473 24011 2781 
12 6 1449 3824 1960 
12 11 15365 19209 2772 
13 8 17051 19082 1932 
13 10 12010 14806 2568 
13 16 12541 16914 2583 
13 7 13199 16671 2994 
13 9 2804 7137 3828 
13 9 7506 10686 1914 
13 18 9971 12627 2433 
13 15 8711 10997 1682 
13 5 8867 10976 1756 
13 11 11095 13531 2928 
13 16 19424 21748 3444 
13 12 2145 4539 4188 
13 5 19346 22070 2634 
13 3 15274 17930 4140 
13 2 16464 18894 1570 
13 16 8946 12323 1722 
13 3 4066 5814 3105 
13 12 8762 10943 4188 
14 11 17232 18810 1734 
14 0 10822 13465 2973 
14 2 14836 17206 2763 
14 19 8548 12824 1766 
14 9 2146 4875 3220 
14 5 17835 20473 1868 
14 3 11404 15221 3015 
14 5 4349 6458 2802 
14 3 8063 10378 2010 
14 7 5891 9815 3116 
14 9 19973 23172 1610 
15 17 1143 2791 3264 
15 11 2309 5364 1556 
15 9 4182 6042 1784 
15 3 8790 11985 1668 
15 19 3676 6035 1690 
15 8 4101 6391 1570 
15 14 14861 18686 3084 
15 5 18616 20468 2754 
15 17 4 3002 3264 
15 6 9674 12549 1862 
15 14 16873 21225 3084 
15 12 11551 13702 4192 
15 9 18778 21977 2676 
15 9 5939 7975 2676 
15 8 16268 17900 3140 
15 14 4058 7860 4112 
15 1 7930 11279 2610 
15 17 7894 10547 1632 
15 0 8173 11758 3968 
16 18 15780 17496 1774 
16 5 7587 9818 2955 
16 1 18555 22008 2967 
16 0 19717 23066 3392 
16 9 6142 7924 3400 
16 10 19516 21905 2090 
16 14 4157 5733 1654 
16 18 16395 18753 3548 
16 17 7894 12252 2418 
16 10 14998 17921 4180 
16 5 12062 14230 3940 
17 19 1795 4913 2415 
17 12 2832 4921 1766 
17 1 15218 18400 1730 
17 15 16568 18989 4076 
17 2 4625 6916 2835 
17 13 12266 13900 2018 
17 14 13057 15867 1918 
17 5 3726 7062 4012 
17 14 16753 18473 3836 
17 10 16179 18278 2490 
17 14 5422 7816 2877 
17 8 7946 11076 2841 
17 5 19330 23378 3009 
17 10 4564 6393 2490 
17 0 9626 11924 3006 
17 6 3809 5958 3540 
17 13 14697 17023 4036 
17 10 7199 10748 1660 
17 8 9508 12657 3788 
17 18 15023 18445 4060 
18 4 20453 23343 1640 
18 16 1407 4270 3552 
18 12 11414 13432 2916 
18 19 3407 6159 2922 
18 8 1026 3155 2358 
18 3 7529 9255 2463 
18 14 19983 23778 3054 
18 7 1444 3609 2074 
18 17 12066 15408 1628 
18 0 14748 18160 1612 
18 17 8124 10439 2442 
18 1 818 2642 2643 
18 17 6015 8533 3256 
18 3 7285 9472 2463 
18 19 12502 15134 2922 
18 9 2509 4907 1908 
19 1 9596 12796 3264 
19 8 8551 11890 1708 
19 4 4619 6367 1770 
19 9 1684 3615 1972 
19 17 13320 15686 1972 
19 3 17241 21894 1904 
19 3 8692 13416 1904 
19 10 8208 12503 1772 
19 15 17698 21258 3356 
19 2 1698 3033 1758 
19 17 16360 18140 1972 
19 4 13071 15578 1770 
19 14 11166 14899 4076 
19 1 5062 8748 3264 
19 1 17425 19981 2448 
19 12 10311 11760 3932 

0 1 0 0
0 1 1 0
0 1 2 0
0 1 3 0
0 1 4 0
0 2 0 0
0 2 1 0
0 2 2 0
0 2 3 0
0 2 4 0
0 3 0 0
0 3 1 0
0 3 2 0
0 3 3 0
0 3 4 0
0 4 0 0
0 4 1 0
0 4 2 0
0 4 3 0
0 4 4 0
0 5 0 0
0 5 1 0
0 5 2 0
0 5 3 0
0 5 4 0
0 6 0 4058
0 6 1 4058
0 6 2 4058
0 6 3 0
0 6 4 0
0 7 0 0
0 7 1 0
0 7 2 0
0 7 3 0
0 7 4 0
0 8 0 0
0 8 1 0
0 8 2 0
0 8 3 0
0 8 4 0
0 9 0 0
0 9 1 0
0 9 2 0
0 9 3 0
0 9 4 0
0 10 0 4665
0 10 1 4665
0 10 2 0
0 10 3 0
0 10 4 0
0 11 0 0
0 11 1 0
0 11 2 0
0 11 3 0
0 11 4 0
0 12 0 4517
0 12 1 4517
0 12 2 0
0 12 3 0
0 12 4 0
0 13 0 0
0 13 1 0
0 13 2 0
0 13 3 0
0 13 4 0
0 14 0 4118
0 14 1 4118
0 14 2 0
0 14 3 0
0 14 4 0
0 15 0 0
0 15 1 0
0 15 2 0
0 15 3 0
0 15 4 0
0 16 0 3920
0 16 1 3920
0 16 2 0
0 16 3 0
0 16 4 0
0 17 0 0
0 17 1 0
0 17 2 0
0 17 3 0
0 17 4 0
0 18 0 4444
0 18 1 4444
0 18 2 4444
0 18 3 0
0 18 4 0
0 19 0 0
0 19 1 0
0 19 2 0
0 19 3 0
0 19 4 0
1 0 0 4276
1 0 1 4276
1 0 2 0
1 0 3 0
1 0 4 0
1 2 0 3586
1 2 1 3586
1 2 2 0
1 2 3 0
1 2 4 0
1 3 0 0
1 3 1 0
1 3 2 0
1 3 3 0
1 3 4 0
1 4 0 4503
1 4 1 4503
1 4 2 0
1 4 3 0
1 4 4 0
1 5 0 0
1 5 1 0
1 5 2 0
1 5 3 0
1 5 4 0
1 6 0 0
1 6 1 0
1 6 2 0
1 6 3 0
1 6 4 0
1 7 0 4366
1 7 1 4366
1 7 2 4366
1 7 3 0
1 7 4 0
1 8 0 0
1 8 1 0
1 8 2 0
1 8 3 0
1 8 4 0
1 9 0 3411
1 9 1 3411
1 9 2 0
1 9 3 0
1 9 4 0
1 10 0 4658
1 10 1 4658
1 10 2 4658
1 10 3 0
1 10 4 0
1 11 0 0
1 11 1 0
1 11 2 0
1 11 3 0
1 11 4 0
1 12 0 0
1 12 1 0
1 12 2 0
1 12 3 0
1 12 4 0
1 13 0 3900
1 13 1 3900
1 13 2 0
1 13 3 0
1 13 4 0
1 14 0 0
1 14 1 0
1 14 2 0
1 14 3 0
1 14 4 0
1 15 0 0
1 15 1 0
1 15 2 0
1 15 3 0
1 15 4 0
1 16 0 3557
1 16 1 3557
1 16 2 0
1 16 3 0
1 16 4 0
1 17 0 4597
1 17 1 4597
1 17 2 4597
1 17 3 0
1 17 4 0
1 18 0 0
1 18 1 0
1 18 2 0
1 18 3 0
1 18 4 0
1 19 0 0
1 19 1 0
1 19 2 0
1 19 3 0
1 19 4 0
2 0 0 3150
2 0 1 3150
2 0 2 3150
2 0 3 0
2 0 4 0
2 1 0 0
2 1 1 0
2 1 2 0
2 1 3 0
2 1 4 0
2 3 0 0
2 3 1 0
2 3 2 0
2 3 3 0
2 3 4 0
2 4 0 4059
2 4 1 4059
2 4 2 4059
2 4 3 0
2 4 4 0
2 5 0 0
2 5 1 0
2 5 2 0
2 5 3 0
2 5 4 0
2 6 0 0
2 6 1 0
2 6 2 0
2 6 3 0
2 6 4 0
2 7 0 0
2 7 1 0
2 7 2 0
2 7 3 0
2 7 4 0
2 8 0 0
2 8 1 0
2 8 2 0
2 8 3 0
2 8 4 0
2 9 0 0
2 9 1 0
2 9 2 0
2 9 3 0
2 9 4 0
2 10 0 0
2 10 1 0
2 10 2 0
2 10 3 0
2 10 4 0
2 11 0 0
2 11 1 0
2 11 2 0
2 11 3 0
2 11 4 0
2 12 0 3347
2 12 1 3347
2 12 2 0
2 12 3 0
2 12 4 0
2 13 0 0
2 13 1 0
2 13 2 0
2 13 3 0
2 13 4 0
2 14 0 3602
2 14 1 3602
2 14 2 3602
2 14 3 0
2 14 4 0
2 15 0 0
2 15 1 0
2 15 2 0
2 15 3 0
2 15 4 0
2 16 0 0
2 16 1 0
2 16 2 0
2 16 3 0
2 16 4 0
2 17 0 0
2 17 1 0
2 17 2 0
2 17 3 0
2 17 4 0
2 18 0 0
2 18 1 0
2 18 2 0
2 18 3 0
2 18 4 0
2 19 0 0
2 19 1 0
2 19 2 0
2 19 3 0
2 19 4 0
3 0 0 4546
3 0 1 4546
3 0 2 4546
3 0 3 0
3 0 4 0
3 1 0 0
3 1 1 0
3 1 2 0
3 1 3 0
3 1 4 0
3 2 0 0
3 2 1 0
3 2 2 0
3 2 3 0
3 2 4 0
3 4 0 0
3 4 1 0
3 4 2 0
3 4 3 0
3 4 4 0
3 5 0 0
3 5 1 0
3 5 2 0
3 5 3 0
3 5 4 0
3 6 0 0
3 6 1 0
3 6 2 0
3 6 3 0
3 6 4 0
3 7 0 0
3 7 1 0
3 7 2 0
3 7 3 0
3 7 4 0
3 8 0 0
3 8 1 0
3 8 2 0
3 8 3 0
3 8 4 0
3 9 0 0
3 9 1 0
3 9 2 0
3 9 3 0
3 9 4 0
3 10 0 0
3 10 1 0
3 10 2 0
3 10 3 0
3 10 4 0
3 11 0 3718
3 11 1 3718
3 11 2 0
3 11 3 0
3 11 4 0
3 12 0 4301
3 12 1 4301
3 12 2 0
3 12 3 0
3 12 4 0
3 13 0 0
3 13 1 0
3 13 2 0
3 13 3 0
3 13 4 0
3 14 0 0
3 14 1 0
3 14 2 0
3 14 3 0
3 14 4 0
3 15 0 4222
3 15 1 4222
3 15 2 4222
3 15 3 0
3 15 4 0
3 16 0 0
3 16 1 0
3 16 2 0
3 16 3 0
3 16 4 0
3 17 0 0
3 17 1 0
3 17 2 0
3 17 3 0
3 17 4 0
3 18 0 0
3 18 1 0
3 18 2 0
3 18 3 0
3 18 4 0
3 19 0 0
3 19 1 0
3 19 2 0
3 19 3 0
3 19 4 0
4 0 0 0
4 0 1 0
4 0 2 0
4 0 3 0
4 0 4 0
4 1 0 0
4 1 1 0
4 1 2 0
4 1 3 0
4 1 4 0
4 2 0 0
4 2 1 0
4 2 2 0
4 2 3 0
4 2 4 0
4 3 0 0
4 3 1 0
4 3 2 0
4 3 3 0
4 3 4 0
4 5 0 0
4 5 1 0
4 5 2 0
4 5 3 0
4 5 4 0
4 6 0 0
4 6 1 0
4 6 2 0
4 6 3 0
4 6 4 0
4 7 0 0
4 7 1 0
4 7 2 0
4 7 3 0
4 7 4 0
4 8 0 4572
4 8 1 4572
4 8 2 0
4 8 3 0
4 8 4 0
4 9 0 0
4 9 1 0
4 9 2 0
4 9 3 0
4 9 4 0
4 10 0 0
4 10 1 0
4 10 2 0
4 10 3 0
4 10 4 0
4 11 0 3675
4 11 1 3675
4 11 2 3675
4 11 3 0
4 11 4 0
4 12 0 0
4 12 1 0
4 12 2 0
4 12 3 0
4 12 4 0
4 13 0 0
4 13 1 0
4 13 2 0
4 13 3 0
4 13 4 0
4 14 0 0
4 14 1 0
4 14 2 0
4 14 3 0
4 14 4 0
4 15 0 3491
4 15 1 3491
4 15 2 3491
4 15 3 0
4 15 4 0
4 16 0 0
4 16 1 0
4 16 2 0
4 16 3 0
4 16 4 0
4 17 0 0
4 17 1 0
4 17 2 0
4 17 3 0
4 17 4 0
4 18 0 0
4 18 1 0
4 18 2 0
4 18 3 0
4 18 4 0
4 19 0 0
4 19 1 0
4 19 2 0
4 19 3 0
4 19 4 0
5 0 0 4371
5 0 1 4371
5 0 2 4371
5 0 3 0
5 0 4 0
5 1 0 0
5 1 1 0
5 1 2 0
5 1 3 0
5 1 4 0
5 2 0 0
5 2 1 0
5 2 2 0
5 2 3 0
5 2 4 0
5 3 0 0
5 3 1 0
5 3 2 0
5 3 3 0
5 3 4 0
5 4 0 0
5 4 1 0
5 4 2 0
5 4 3 0
5 4 4 0
5 6 0 0
5 6 1 0
5 6 2 0
5 6 3 0
5 6 4 0
5 7 0 0
5 7 1 0
5 7 2 0
5 7 3 0
5 7 4 0
5 8 0 0
5 8 1 0
5 8 2 0
5 8 3 0
5 8 4 0
5 9 0 3348
5 9 1 3348
5 9 2 0
5 9 3 0
5 9 4 0
5 10 0 0
5 10 1 0
5 10 2 0
5 10 3 0
5 10 4 0
5 11 0 4057
5 11 1 4057
5 11 2 4057
5 11 3 0
5 11 4 0
5 12 0 0
5 12 1 0
5 12 2 0
5 12 3 0
5 12 4 0
5 13 0 4301
5 13 1 4301
5 13 2 0
5 13 3 0
5 13 4 0
5 14 0 0
5 14 1 0
5 14 2 0
5 14 3 0
5 14 4 0
5 15 0 4158
5 15 1 4158
5 15 2 0
5 15 3 0
5 15 4 0
5 16 0 0
5 16 1 0
5 16 2 0
5 16 3 0
5 16 4 0
5 17 0 0
5 17 1 0
5 17 2 0
5 17 3 0
5 17 4 0
5 18 0 0
5 18 1 0
5 18 2 0
5 18 3 0
5 18 4 0
5 19 0 0
5 19 1 0
5 19 2 0
5 19 3 0
5 19 4 0
6 0 0 0
6 0 1 0
6 0 2 0
6 0 3 0
6 0 4 0
6 1 0 0
6 1 1 0
6 1 2 0
6 1 3 0
6 1 4 0
6 2 0 3246
6 2 1 3246
6 2 2 0
6 2 3 0
6 2 4 0
6 3 0 0
6 3 1 0
6 3 2 0
6 3 3 0
6 3 4 0
6 4 0 0
6 4 1 0
6 4 2 0
6 4 3 0
6 4 4 0
6 5 0 0
6 5 1 0
6 5 2 0
6 5 3 0
6 5 4 0
6 7 0 0
6 7 1 0
6 7 2 0
6 7 3 0
6 7 4 0
6 8 0 0
6 8 1 0
6 8 2 0
6 8 3 0
6 8 4 0
6 9 0 3627
6 9 1 3627
6 9 2 0
6 9 3 0
6 9 4 0
6 10 0 3544
6 10 1 3544
6 10 2 3544
6 10 3 0
6 10 4 0
6 11 0 0
6 11 1 0
6 11 2 0
6 11 3 0
6 11 4 0
6 12 0 0
6 12 1 0
6 12 2 0
6 12 3 0
6 12 4 0
6 13 0 0
6 13 1 0
6 13 2 0
6 13 3 0
6 13 4 0
6 14 0 0
6 14 1 0
6 14 2 0
6 14 3 0
6 14 4 0
6 15 0 0
6 15 1 0
6 15 2 0
6 15 3 0
6 15 4 0
6 16 0 0
6 16 1 0
6 16 2 0
6 16 3 0
6 16 4 0
6 17 0 0
6 17 1 0
6 17 2 0
6 17 3 0
6 17 4 0
6 18 0 0
6 18 1 0
6 18 2 0
6 18 3 0
6 18 4 0
6 19 0 0
6 19 1 0
6 19 2 0
6 19 3 0
6 19 4 0
7 0 0 0
7 0 1 0
7 0 2 0
7 0 3 0
7 0 4 0
7 1 0 0
7 1 1 0
7 1 2 0
7 1 3 0
7 1 4 0
7 2 0 0
7 2 1 0
7 2 2 0
7 2 3 0
7 2 4 0
7 3 0 0
7 3 1 0
7 3 2 0
7 3 3 0
7 3 4 0
7 4 0 0
7 4 1 0
7 4 2 0
7 4 3 0
7 4 4 0
7 5 0 0
7 5 1 0
7 5 2 0
7 5 3 0
7 5 4 0
7 6 0 0
7 6 1 0
7 6 2 0
7 6 3 0
7 6 4 0
7 8 0 4419
7 8 1 4419
7 8 2 4419
7 8 3 0
7 8 4 0
7 9 0 0
7 9 1 0
7 9 2 0
7 9 3 0
7 9 4 0
7 10 0 3830
7 10 1 3830
7 10 2 0
7 10 3 0
7 10 4 0
7 11 0 0
7 11 1 0
7 11 2 0
7 11 3 0
7 11 4 0
7 12 0 0
7 12 1 0
7 12 2 0
7 12 3 0
7 12 4 0
7 13 0 0
7 13 1 0
7 13 2 0
7 13 3 0
7 13 4 0
7 14 0 0
7 14 1 0
7 14 2 0
7 14 3 0
7 14 4 0
7 15 0 0
7 15 1 0
7 15 2 0
7 15 3 0
7 15 4 0
7 16 0 0
7 16 1 0
7 16 2 0
7 16 3 0
7 16 4 0
7 17 0 0
7 17 1 0
7 17 2 0
7 17 3 0
7 17 4 0
7 18 0 0
7 18 1 0
7 18 2 0
7 18 3 0
7 18 4 0
7 19 0 0
7 19 1 0
7 19 2 0
7 19 3 0
7 19 4 0
8 0 0 0
8 0 1 0
8 0 2 0
8 0 3 0
8 0 4 0
8 1 0 3976
8 1 1 3976
8 1 2 3976
8 1 3 0
8 1 4 0
8 2 0 3763
8 2 1 3763
8 2 2 0
8 2 3 0
8 2 4 0
8 3 0 3035
8 3 1 3035
8 3 2 0
8 3 3 0
8 3 4 0
8 4 0 4257
8 4 1 4257
8 4 2 4257
8 4 3 0
8 4 4 0
8 5 0 0
8 5 1 0
8 5 2 0
8 5 3 0
8 5 4 0
8 6 0 0
8 6 1 0
8 6 2 0
8 6 3 0
8 6 4 0
8 7 0 0
8 7 1 0
8 7 2 0
8 7 3 0
8 7 4 0
8 9 0 3139
8 9 1 3139
8 9 2 0
8 9 3 0
8 9 4 0
8 10 0 4911
8 10 1 4911
8 10 2 0
8 10 3 0
8 10 4 0
8 11 0 4654
8 11 1 4654
8 11 2 4654
8 11 3 0
8 11 4 0
8 12 0 0
8 12 1 0
8 12 2 0
8 12 3 0
8 12 4 0
8 13 0 0
8 13 1 0
8 13 2 0
8 13 3 0
8 13 4 0
8 14 0 0
8 14 1 0
8 14 2 0
8 14 3 0
8 14 4 0
8 15 0 0
8 15 1 0
8 15 2 0
8 15 3 0
8 15 4 0
8 16 0 0
8 16 1 0
8 16 2 0
8 16 3 0
8 16 4 0
8 17 0 0
8 17 1 0
8 17 2 0
8 17 3 0
8 17 4 0
8 18 0 4454
8 18 1 4454
8 18 2 0
8 18 3 0
8 18 4 0
8 19 0 0
8 19 1 0
8 19 2 0
8 19 3 0
8 19 4 0
9 0 0 0
9 0 1 0
9 0 2 0
9 0 3 0
9 0 4 0
9 1 0 0
9 1 1 0
9 1 2 0
9 1 3 0
9 1 4 0
9 2 0 3148
9 2 1 3148
9 2 2 0
9 2 3 0
9 2 4 0
9 3 0 3684
9 3 1 3684
9 3 2 0
9 3 3 0
9 3 4 0
9 4 0 0
9 4 1 0
9 4 2 0
9 4 3 0
9 4 4 0
9 5 0 0
9 5 1 0
9 5 2 0
9 5 3 0
9 5 4 0
9 6 0 0
9 6 1 0
9 6 2 0
9 6 3 0
9 6 4 0
9 7 0 0
9 7 1 0
9 7 2 0
9 7 3 0
9 7 4 0
9 8 0 3276
9 8 1 3276
9 8 2 3276
9 8 3 0
9 8 4 0
9 10 0 4769
9 10 1 4769
9 10 2 0
9 10 3 0
9 10 4 0
9 11 0 0
9 11 1 0
9 11 2 0
9 11 3 0
9 11 4 0
9 12 0 0
9 12 1 0
9 12 2 0
9 12 3 0
9 12 4 0
9 13 0 3612
9 13 1 3612
9 13 2 0
9 13 3 0
9 13 4 0
9 14 0 0
9 14 1 0
9 14 2 0
9 14 3 0
9 14 4 0
9 15 0 4374
9 15 1 4374
9 15 2 0
9 15 3 0
9 15 4 0
9 16 0 0
9 16 1 0
9 16 2 0
9 16 3 0
9 16 4 0
9 17 0 0
9 17 1 0
9 17 2 0
9 17 3 0
9 17 4 0
9 18 0 0
9 18 1 0
9 18 2 0
9 18 3 0
9 18 4 0
9 19 0 0
9 19 1 0
9 19 2 0
9 19 3 0
9 19 4 0
10 0 0 0
10 0 1 0
10 0 2 0
10 0 3 0
10 0 4 0
10 1 0 4814
10 1 1 4814
10 1 2 4814
10 1 3 0
10 1 4 0
10 2 0 3124
10 2 1 3124
10 2 2 3124
10 2 3 0
10 2 4 0
10 3 0 4577
10 3 1 4577
10 3 2 0
10 3 3 0
10 3 4 0
10 4 0 3997
10 4 1 3997
10 4 2 3997
10 4 3 0
10 4 4 0
10 5 0 0
10 5 1 0
10 5 2 0
10 5 3 0
10 5 4 0
10 6 0 0
10 6 1 0
10 6 2 0
10 6 3 0
10 6 4 0
10 7 0 0
10 7 1 0
10 7 2 0
10 7 3 0
10 7 4 0
10 8 0 0
10 8 1 0
10 8 2 0
10 8 3 0
10 8 4 0
10 9 0 0
10 9 1 0
10 9 2 0
10 9 3 0
10 9 4 0
10 11 0 0
10 11 1 0
10 11 2 0
10 11 3 0
10 11 4 0
10 12 0 3817
10 12 1 3817
10 12 2 0
10 12 3 0
10 12 4 0
10 13 0 3087
10 13 1 3087
10 13 2 0
10 13 3 0
10 13 4 0
10 14 0 3143
10 14 1 3143
10 14 2 0
10 14 3 0
10 14 4 0
10 15 0 0
10 15 1 0
10 15 2 0
10 15 3 0
10 15 4 0
10 16 0 0
10 16 1 0
10 16 2 0
10 16 3 0
10 16 4 0
10 17 0 3582
10 17 1 3582
10 17 2 0
10 17 3 0
10 17 4 0
10 18 0 4179
10 18 1 4179
10 18 2 4179
10 18 3 0
10 18 4 0
10 19 0 4241
10 19 1 4241
10 19 2 4241
10 19 3 0
10 19 4 0
11 0 0 0
11 0 1 0
11 0 2 0
11 0 3 0
11 0 4 0
11 1 0 0
11 1 1 0
11 1 2 0
11 1 3 0
11 1 4 0
11 2 0 4065
11 2 1 4065
11 2 2 0
11 2 3 0
11 2 4 0
11 3 0 0
11 3 1 0
11 3 2 0
11 3 3 0
11 3 4 0
11 4 0 4608
11 4 1 4608
11 4 2 4608
11 4 3 0
11 4 4 0
11 5 0 4353
11 5 1 4353
11 5 2 0
11 5 3 0
11 5 4 0
11 6 0 4759
11 6 1 4759
11 6 2 0
11 6 3 0
11 6 4 0
11 7 0 0
11 7 1 0
11 7 2 0
11 7 3 0
11 7 4 0
11 8 0 0
11 8 1 0
11 8 2 0
11 8 3 0
11 8 4 0
11 9 0 0
11 9 1 0
11 9 2 0
11 9 3 0
11 9 4 0
11 10 0 0
11 10 1 0
11 10 2 0
11 10 3 0
11 10 4 0
11 12 0 0
11 12 1 0
11 12 2 0
11 12 3 0
11 12 4 0
11 13 0 0
11 13 1 0
11 13 2 0
11 13 3 0
11 13 4 0
11 14 0 0
11 14 1 0
11 14 2 0
11 14 3 0
11 14 4 0
11 15 0 4974
11 15 1 4974
11 15 2 0
11 15 3 0
11 15 4 0
11 16 0 0
11 16 1 0
11 16 2 0
11 16 3 0
11 16 4 0
11 17 0 0
11 17 1 0
11 17 2 0
11 17 3 0
11 17 4 0
11 18 0 3103
11 18 1 3103
11 18 2 0
11 18 3 0
11 18 4 0
11 19 0 0
11 19 1 0
11 19 2 0
11 19 3 0
11 19 4 0
12 0 0 0
12 0 1 0
12 0 2 0
12 0 3 0
12 0 4 0
12 1 0 0
12 1 1 0
12 1 2 0
12 1 3 0
12 1 4 0
12 2 0 0
12 2 1 0
12 2 2 0
12 2 3 0
12 2 4 0
12 3 0 0
12 3 1 0
12 3 2 0
12 3 3 0
12 3 4 0
12 4 0 0
12 4 1 0
12 4 2 0
12 4 3 0
12 4 4 0
12 5 0 0
12 5 1 0
12 5 2 0
12 5 3 0
12 5 4 0
12 6 0 3634
12 6 1 3634
12 6 2 0
12 6 3 0
12 6 4 0
12 7 0 0
12 7 1 0
12 7 2 0
12 7 3 0
12 7 4 0
12 8 0 4430
12 8 1 4430
12 8 2 4430
12 8 3 0
12 8 4 0
12 9 0 0
12 9 1 0
12 9 2 0
12 9 3 0
12 9 4 0
12 10 0 3585
12 10 1 3585
12 10 2 3585
12 10 3 0
12 10 4 0
12 11 0 3715
12 11 1 3715
12 11 2 0
12 11 3 0
12 11 4 0
12 13 0 4369
12 13 1 4369
12 13 2 4369
12 13 3 0
12 13 4 0
12 14 0 4321
12 14 1 4321
12 14 2 0
12 14 3 0
12 14 4 0
12 15 0 0
12 15 1 0
12 15 2 0
12 15 3 0
12 15 4 0
12 16 0 0
12 16 1 0
12 16 2 0
12 16 3 0
12 16 4 0
12 17 0 0
12 17 1 0
12 17 2 0
12 17 3 0
12 17 4 0
12 18 0 0
12 18 1 0
12 18 2 0
12 18 3 0
12 18 4 0
12 19 0 0
12 19 1 0
12 19 2 0
12 19 3 0
12 19 4 0
13 0 0 0
13 0 1 0
13 0 2 0
13 0 3 0
13 0 4 0
13 1 0 0
13 1 1 0
13 1 2 0
13 1 3 0
13 1 4 0
13 2 0 0
13 2 1 0
13 2 2 0
13 2 3 0
13 2 4 0
13 3 0 0
13 3 1 0
13 3 2 0
13 3 3 0
13 3 4 0
13 4 0 3997
13 4 1 3997
13 4 2 3997
13 4 3 0
13 4 4 0
13 5 0 4391
13 5 1 4391
13 5 2 0
13 5 3 0
13 5 4 0
13 6 0 0
13 6 1 0
13 6 2 0
13 6 3 0
13 6 4 0
13 7 0 0
13 7 1 0
13 7 2 0
13 7 3 0
13 7 4 0
13 8 0 0
13 8 1 0
13 8 2 0
13 8 3 0
13 8 4 0
13 9 0 0
13 9 1 0
13 9 2 0
13 9 3 0
13 9 4 0
13 10 0 4066
13 10 1 4066
13 10 2 0
13 10 3 0
13 10 4 0
13 11 0 3148
13 11 1 3148
13 11 2 0
13 11 3 0
13 11 4 0
13 12 0 0
13 12 1 0
13 12 2 0
13 12 3 0
13 12 4 0
13 14 0 0
13 14 1 0
13 14 2 0
13 14 3 0
13 14 4 0
13 15 0 0
13 15 1 0
13 15 2 0
13 15 3 0
13 15 4 0
13 16 0 4223
13 16 1 4223
13 16 2 0
13 16 3 0
13 16 4 0
13 17 0 0
13 17 1 0
13 17 2 0
13 17 3 0
13 17 4 0
13 18 0 4272
13 18 1 4272
13 18 2 0
13 18 3 0
13 18 4 0
13 19 0 0
13 19 1 0
13 19 2 0
13 19 3 0
13 19 4 0
14 0 0 3665
14 0 1 3665
14 0 2 0
14 0 3 0
14 0 4 0
14 1 0 4867
14 1 1 4867
14 1 2 0
14 1 3 0
14 1 4 0
14 2 0 0
14 2 1 0
14 2 2 0
14 2 3 0
14 2 4 0
14 3 0 0
14 3 1 0
14 3 2 0
14 3 3 0
14 3 4 0
14 4 0 0
14 4 1 0
14 4 2 0
14 4 3 0
14 4 4 0
14 5 0 0
14 5 1 0
14 5 2 0
14 5 3 0
14 5 4 0
14 6 0 0
14 6 1 0
14 6 2 0
14 6 3 0
14 6 4 0
14 7 0 4191
14 7 1 4191
14 7 2 0
14 7 3 0
14 7 4 0
14 8 0 4211
14 8 1 4211
14 8 2 4211
14 8 3 0
14 8 4 0
14 9 0 4637
14 9 1 4637
14 9 2 0
14 9 3 0
14 9 4 0
14 10 0 3722
14 10 1 3722
14 10 2 0
14 10 3 0
14 10 4 0
14 11 0 0
14 11 1 0
14 11 2 0
14 11 3 0
14 11 4 0
14 12 0 0
14 12 1 0
14 12 2 0
14 12 3 0
14 12 4 0
14 13 0 3178
14 13 1 3178
14 13 2 3178
14 13 3 0
14 13 4 0
14 15 0 0
14 15 1 0
14 15 2 0
14 15 3 0
14 15 4 0
14 16 0 4036
14 16 1 4036
14 16 2 4036
14 16 3 0
14 16 4 0
14 17 0 3095
14 17 1 3095
14 17 2 0
14 17 3 0
14 17 4 0
14 18 0 0
14 18 1 0
14 18 2 0
14 18 3 0
14 18 4 0
14 19 0 0
14 19 1 0
14 19 2 0
14 19 3 0
14 19 4 0
15 0 0 3659
15 0 1 3659
15 0 2 0
15 0 3 0
15 0 4 0
15 1 0 0
15 1 1 0
15 1 2 0
15 1 3 0
15 1 4 0
15 2 0 3499
15 2 1 3499
15 2 2 0
15 2 3 0
15 2 4 0
15 3 0 0
15 3 1 0
15 3 2 0
15 3 3 0
15 3 4 0
15 4 0 0
15 4 1 0
15 4 2 0
15 4 3 0
15 4 4 0
15 5 0 0
15 5 1 0
15 5 2 0
15 5 3 0
15 5 4 0
15 6 0 0
15 6 1 0
15 6 2 0
15 6 3 0
15 6 4 0
15 7 0 0
15 7 1 0
15 7 2 0
15 7 3 0
15 7 4 0
15 8 0 4731
15 8 1 4731
15 8 2 0
15 8 3 0
15 8 4 0
15 9 0 0
15 9 1 0
15 9 2 0
15 9 3 0
15 9 4 0
15 10 0 4635
15 10 1 4635
15 10 2 4635
15 10 3 0
15 10 4 0
15 11 0 0
15 11 1 0
15 11 2 0
15 11 3 0
15 11 4 0
15 12 0 3635
15 12 1 3635
15 12 2 0
15 12 3 0
15 12 4 0
15 13 0 0
15 13 1 0
15 13 2 0
15 13 3 0
15 13 4 0
15 14 0 0
15 14 1 0
15 14 2 0
15 14 3 0
15 14 4 0
15 16 0 0
15 16 1 0
15 16 2 0
15 16 3 0
15 16 4 0
15 17 0 0
15 17 1 0
15 17 2 0
15 17 3 0
15 17 4 0
15 18 0 0
15 18 1 0
15 18 2 0
15 18 3 0
15 18 4 0
15 19 0 0
15 19 1 0
15 19 2 0
15 19 3 0
15 19 4 0
16 0 0 0
16 0 1 0
16 0 2 0
16 0 3 0
16 0 4 0
16 1 0 0
16 1 1 0
16 1 2 0
16 1 3 0
16 1 4 0
16 2 0 0
16 2 1 0
16 2 2 0
16 2 3 0
16 2 4 0
16 3 0 0
16 3 1 0
16 3 2 0
16 3 3 0
16 3 4 0
16 4 0 0
16 4 1 0
16 4 2 0
16 4 3 0
16 4 4 0
16 5 0 0
16 5 1 0
16 5 2 0
16 5 3 0
16 5 4 0
16 6 0 4072
16 6 1 4072
16 6 2 4072
16 6 3 0
16 6 4 0
16 7 0 3133
16 7 1 3133
16 7 2 3133
16 7 3 0
16 7 4 0
16 8 0 3889
16 8 1 3889
16 8 2 0
16 8 3 0
16 8 4 0
16 9 0 0
16 9 1 0
16 9 2 0
16 9 3 0
16 9 4 0
16 10 0 3333
16 10 1 3333
16 10 2 3333
16 10 3 0
16 10 4 0
16 11 0 0
16 11 1 0
16 11 2 0
16 11 3 0
16 11 4 0
16 12 0 0
16 12 1 0
16 12 2 0
16 12 3 0
16 12 4 0
16 13 0 0
16 13 1 0
16 13 2 0
16 13 3 0
16 13 4 0
16 14 0 0
16 14 1 0
16 14 2 0
16 14 3 0
16 14 4 0
16 15 0 0
16 15 1 0
16 15 2 0
16 15 3 0
16 15 4 0
16 17 0 0
16 17 1 0
16 17 2 0
16 17 3 0
16 17 4 0
16 18 0 4078
16 18 1 4078
16 18 2 0
16 18 3 0
16 18 4 0
16 19 0 3368
16 19 1 3368
16 19 2 3368
16 19 3 0
16 19 4 0
17 0 0 0
17 0 1 0
17 0 2 0
17 0 3 0
17 0 4 0
17 1 0 4311
17 1 1 4311
17 1 2 0
17 1 3 0
17 1 4 0
17 2 0 3436
17 2 1 3436
17 2 2 0
17 2 3 0
17 2 4 0
17 3 0 0
17 3 1 0
17 3 2 0
17 3 3 0
17 3 4 0
17 4 0 0
17 4 1 0
17 4 2 0
17 4 3 0
17 4 4 0
17 5 0 0
17 5 1 0
17 5 2 0
17 5 3 0
17 5 4 0
17 6 0 4883
17 6 1 4883
17 6 2 4883
17 6 3 0
17 6 4 0
17 7 0 0
17 7 1 0
17 7 2 0
17 7 3 0
17 7 4 0
17 8 0 0
17 8 1 0
17 8 2 0
17 8 3 0
17 8 4 0
17 9 0 4460
17 9 1 4460
17 9 2 4460
17 9 3 0
17 9 4 0
17 10 0 0
17 10 1 0
17 10 2 0
17 10 3 0
17 10 4 0
17 11 0 0
17 11 1 0
17 11 2 0
17 11 3 0
17 11 4 0
17 12 0 0
17 12 1 0
17 12 2 0
17 12 3 0
17 12 4 0
17 13 0 3996
17 13 1 3996
17 13 2 3996
17 13 3 0
17 13 4 0
17 14 0 0
17 14 1 0
17 14 2 0
17 14 3 0
17 14 4 0
17 15 0 0
17 15 1 0
17 15 2 0
17 15 3 0
17 15 4 0
17 16 0 0
17 16 1 0
17 16 2 0
17 16 3 0
17 16 4 0
17 18 0 0
17 18 1 0
17 18 2 0
17 18 3 0
17 18 4 0
17 19 0 4772
17 19 1 4772
17 19 2 0
17 19 3 0
17 19 4 0
18 0 0 4020
18 0 1 4020
18 0 2 0
18 0 3 0
18 0 4 0
18 1 0 0
18 1 1 0
18 1 2 0
18 1 3 0
18 1 4 0
18 2 0 0
18 2 1 0
18 2 2 0
18 2 3 0
18 2 4 0
18 3 0 0
18 3 1 0
18 3 2 0
18 3 3 0
18 3 4 0
18 4 0 4181
18 4 1 4181
18 4 2 0
18 4 3 0
18 4 4 0
18 5 0 0
18 5 1 0
18 5 2 0
18 5 3 0
18 5 4 0
18 6 0 0
18 6 1 0
18 6 2 0
18 6 3 0
18 6 4 0
18 7 0 0
18 7 1 0
18 7 2 0
18 7 3 0
18 7 4 0
18 8 0 0
18 8 1 0
18 8 2 0
18 8 3 0
18 8 4 0
18 9 0 0
18 9 1 0
18 9 2 0
18 9 3 0
18 9 4 0
18 10 0 0
18 10 1 0
18 10 2 0
18 10 3 0
18 10 4 0
18 11 0 0
18 11 1 0
18 11 2 0
18 11 3 0
18 11 4 0
18 12 0 3015
18 12 1 3015
18 12 2 3015
18 12 3 0
18 12 4 0
18 13 0 0
18 13 1 0
18 13 2 0
18 13 3 0
18 13 4 0
18 14 0 0
18 14 1 0
18 14 2 0
18 14 3 0
18 14 4 0
18 15 0 0
18 15 1 0
18 15 2 0
18 15 3 0
18 15 4 0
18 16 0 0
18 16 1 0
18 16 2 0
18 16 3 0
18 16 4 0
18 17 0 0
18 17 1 0
18 17 2 0
18 17 3 0
18 17 4 0
18 19 0 3214
18 19 1 3214
18 19 2 3214
18 19 3 0
18 19 4 0
19 0 0 4904
19 0 1 4904
19 0 2 0
19 0 3 0
19 0 4 0
19 1 0 4321
19 1 1 4321
19 1 2 0
19 1 3 0
19 1 4 0
19 2 0 0
19 2 1 0
19 2 2 0
19 2 3 0
19 2 4 0
19 3 0 3523
19 3 1 3523
19 3 2 0
19 3 3 0
19 3 4 0
19 4 0 0
19 4 1 0
19 4 2 0
19 4 3 0
19 4 4 0
19 5 0 4524
19 5 1 4524
19 5 2 0
19 5 3 0
19 5 4 0
19 6 0 3022
19 6 1 3022
19 6 2 0
19 6 3 0
19 6 4 0
19 7 0 0
19 7 1 0
19 7 2 0
19 7 3 0
19 7 4 0
19 8 0 4640
19 8 1 4640
19 8 2 4640
19 8 3 0
19 8 4 0
19 9 0 3435
19 9 1 3435
19 9 2 0
19 9 3 0
19 9 4 0
19 10 0 0
19 10 1 0
19 10 2 0
19 10 3 0
19 10 4 0
19 11 0 3462
19 11 1 3462
19 11 2 0
19 11 3 0
19 11 4 0
19 12 0 0
19 12 1 0
19 12 2 0
19 12 3 0
19 12 4 0
19 13 0 4273
19 13 1 4273
19 13 2 4273
19 13 3 0
19 13 4 0
19 14 0 0
19 14 1 0
19 14 2 0
19 14 3 0
19 14 4 0
19 15 0 0
19 15 1 0
19 15 2 0
19 15 3 0
19 15 4 0
19 16 0 0
19 16 1 0
19 16 2 0
19 16 3 0
19 16 4 0
19 17 0 0
19 17 1 0
19 17 2 0
19 17 3 0
19 17 4 0
19 18 0 0
19 18 1 0
19 18 2 0
19 18 3 0
19 18 4 0

