30 4 24 468

   0 1046  920  849  990  825  810  987  884 1011  879  933 1028  962 1047 1002  992 1024  920  830 1047  932 1019  805  808  815 1019  908  997 1050 
1026    0  919  876 1029  871  908  784  811  966 1004  810  796  804  874  788  849  819  859  985  993  982  963 1008  918  794  785  958  997 1015 
 920  969    0 1028  904  924  922  791  906 1016  797  830  829  888  902  954  829  809  965  777  785  814  819  902  814  955  874  878  941  936 
 909  794 1000    0  957 1040  915  866  951  953  869 1005  897  914  876  848  933 1002  947  815  887  869  810  840  977 1021  818  946  811  847 
 784  895  994  849    0 1047  951  865  910  998 1008 1026  990  941  870  880  829  856  945  865  962  798  915  844  868  822  906  800  929 1046 
1034  952  981  881  837    0 1038  976  830  856  823 1045  778  847  985  932 1031  982  885  956  887  967  985 1051  960  855  792  846  851  828 
 907  861  949 1007  884  907    0 1032  783  998  905  918  789  919  894  981 1020 1050 1010  942  905 1017  779  999  784  983  913  984 1051 1027 
1046  809  984 1032  917  915  933    0  947  829  778 1011  872  858 1016  818  787  901  870  906 1021  958  907 1026  840 1051  882  890  892 1024 
 897  819  798  970  901  808  895  972    0  936  923  800  951  888  894  961  875  920  833  984  854  789 1050  896  796  996  857 1017 1004  964 
 871  960  906  881 1032  956 1011  884  902    0  831  958  827  996  922  908  837  976  909  924 1051 1042  922  799  992  778  987  872  827  924 
 887  950  784  808  821 1016  895  911  992 1012    0  960  878  797 1049  893  847  933 1051  838  811 1022 1026  970  822  804  779 1033 1050  938 
 912  826  922  948  967  934  788 1048  937  969 1003    0  896  839  905 1014  818  923 1027  996  959 1039  807 1037  909 1024  986 1022  872  904 
 783  865  839  821  964  815  907  795  991  882  778 1004    0  783  984  989  906 1045  829  901  819  962  814  903  972  848  927  840  917  784 
 970  830  964  977  856  845  982  819 1031  951  983  845  913    0 1009 1012  894 1034  951  911  830 1013  949  797  860  998  809  802  958  791 
 792  847  797  915  798  858  868  987  779  963  908  848  984  931    0  789  986  886  810  785 1008  878 1017  796 1033 1019 1033  895 1016  951 
 782  855  781  870 1006  788  829 1037 1036  996 1014 1035  935  932  874    0 1009  977  836  829  908  850 1051  994  921  986  877  980 1021  871 
 803 1008  830  887  849  966  826  921  806  952  892  825  971 1038  850  851    0  790  886  808  949  852  962  920  962  877  838  865 1045  778 
 965  890  912  836  940  828  798  824  853 1047  808 1014  888  863 1014  906 1041    0  858  946  814  890  986  845  974  828  881  880  938  997 
 868  894  832  795  904  943  939 1047 1047  915  981  926  931  893  991  785 1041 1040    0  807 1029  894  919 1026 1035 1014  875  828 1044  961 
 816 1007  993  998  996  950 1039  920  847  896  968  819  857 1009  914  959  866  789  975    0  791  844  997  932 1007 1029  781  999  909  785 
 993 1044  806  992  866  955  825  986 1041  815  903  795 1007  888  949  899  914  934  912  974    0  936  962  845 1030  969  895  953 1039  964 
 924 1019  851 1029  800  783  858  961 1009  931  800 1010  961  804  926  945  903  819  956  784  852    0 1047  971  972  985  807  821  851  798 
 831  997  862  860  962  883  959  986  820  978  881  811  939  819  973 1050 1016  879  816  828  923  777    0  832 1051  920  853 1039  816  783 
 799  895  966  954 1007  976  895  861  947  827  929  784  909  920  942  799  911  959  914  947  989  966  897    0  840  976  951  798  941  799 
 886  788  888  847  802  824 1024  909  864  985  893  875 1011 1020  799 1004  788  880  881  931  932  902  997  876    0  842  873  880  922  886 
 802  992  783  926  853 1004 1017  862 1050  811  782  918  850  784  986  810  809  971 1033  946  879  954  900 1001  880    0  813  807  914  983 
 904  829  928  871  894  964  799  831  936  984  940  931  935  851  903  989  802 1032  854  972  925  863  910  829  842  966    0 1021  973 1035 
 916  982  812  785  955  987  797 1046  961  807 1042  802  821  943 1009  813  987  974  898  913 1037  987  820  961  964  944 1021    0 1020  899 
 906  954 1040  900  814 1039  938  988  925  842 1001  911  903  939 1010  817 1048  796  984  883  976  792  988  817  860  977  986  995    0 1005 
 932 1044  870  910  984  926  871  886  968  780  975 1010  792  802 1005  962 1022 1006  880 1010  971  872  984  955  943  811 1010  802  848    0 

   0  783  630 1060  708  615 1088  913  641  819 1158  826  709  806  709 1159 1118  944  668  988 1179  721  752 1038  908  748 1045 1041  801 1162 
 604    0  802  830  937 1086 1108 1124 1181  658  740  630 1166  801  942  672  811  867  643  791 1072  684 1041  817  729  690  668  696  659  964 
 888 1044    0  917  741 1120  734  799  961  959  685  890  655  823 1186  641  811 1082  967  905  862 1047  816  641  623 1027  775 1106  771  988 
 918 1186  702    0 1014 1111  888  980  900  964  956  851  879  723  643  900  647  943  740  686  679 1197 1111  766  776  707  863  726 1122  822 
1010  812  883  855    0  998  761  629 1058 1055  923  747  922  895  669  981  702  914 1184 1136  716  886  993  813  613 1026  938 1170  666  644 
 842 1036  715  769  604    0  995 1054 1185  885  884  873  945 1112  957 1013  691 1061  888  931  916 1036 1132  810 1174  965  872  828  735  876 
1169  675 1025  633  931 1005    0  832  876  714  661  821  972  606  735  914 1171  602 1078  832 1021  645  715  611 1158  943  703 1116  877  669 
 671 1152  673 1181 1091  657 1148    0  735 1002  698 1183  953 1003  797 1102  904 1101  604 1065  825 1102 1195  929 1033 1143  787  814  831  853 
 606 1188 1063  680  961  710  677  870    0  670  869  855 1122  958 1020  749 1093  874 1196  850 1156 1060  729  629  820  840  721  826  811  606 
 731 1036  630 1048  995  883  753  850 1105    0 1198  838 1059  867 1177 1141  861  880  944  896 1144  729  883  907  810 1038  801  970  674  772 
 766  936  660 1056  861  933  935  752  635  746    0 1108  772  973  734  611 1165 1124 1056 1083  882  818 1120  855 1160  635  609  988 1062  903 
 839 1020  724  757  606  824 1076  819 1026  871  808    0  620  996  706 1054  873  932  925  712  855  795 1016  625  860 1022  788  786 1075 1022 
 836  784 1052 1031 1070  690  872  906  837  648  745 1072    0  927  725  646  626  622 1174  886 1039  903 1069  637  848  796  883  909  835 1194 
1063 1193 1092  975 1099  741  725  975  937  686  789  690 1146    0  769 1089  904 1161  685 1040  860  984  640  723  690  922  847  697  818  621 
1069 1197 1140  624  687  843 1025 1099  646  993  616  998 1118  604    0  835  987  684 1132  964 1101 1079  626  967  644  628  942 1103  628 1112 
 697  706  950 1138  719  676  947  909  864  804  815  820 1168  807 1138    0  760  687  726  940  892 1060  709  913  843  680  722  601 1037  631 
 602  695 1163  823  654  885  864 1108  760  977 1174  787  649 1137  666  698    0  941  912 1087  653  930  647 1118  820  701  833  876  946  675 
 755 1116  615  980  904  846  669  976  617  891 1127  932  698  989 1063  754  916    0  770  898 1033  607  939  990  987  611  778  737  918  623 
 726  784  720  687  696  896 1097 1187 1053  678  752  988  611 1173 1060 1194  830 1165    0  653 1094 1094 1057 1165  718 1121  605  952 1048  758 
 625  835 1118  936  691  895 1178 1048  990 1032  716  984  623  725  724  913 1079  746  957    0  734 1124  631  804  666 1180 1153  639  743 1027 
 767 1020 1033  963 1119  640  985 1122  865  632 1071  764  621  677  837  840  924  976 1121 1080    0  889 1095  822  906  911  723 1182 1022 1140 
1148 1143 1055 1176  766  617 1143 1019  620 1087  950  786  769  766 1063  973 1154  685  941 1005  779    0 1165  901 1176  724 1062  695  976  897 
1027 1030  770 1114 1048  883 1007 1147  932  622  716  894  939  785  698  616  766  760 1125  610  682 1127    0  798 1022  641  958 1081  945  645 
 896  851 1110  941 1165  876  998  866  980 1119  621  636 1061  750 1138  714  854 1157  686 1057 1166  729 1009    0  805 1191  935 1049  901 1130 
 693  926  959  699 1022  856 1041 1138  874  895 1086  804  743  961 1083  869  787 1186  666  744 1117  632  974 1019    0  740  809 1169  600  760 
 857  871  784  774 1164  839  690  974  831 1110 1064 1111 1001 1130  977 1084  963  600  974 1168 1023 1187  863 1195  702    0  748  897  614  769 
 818 1129  994 1041  685  604  928  848  743  785  707  813  912 1122  806 1093  817  849  887  619 1073  876  762  819  973  952    0 1061  858  875 
1179 1104  600  687 1195  753  967  687 1000  803  814  639  862  709  659 1100  691  968 1129  732 1196  874 1124  762 1057 1197 1185    0  975  710 
 820 1059  627 1160  840 1056  954  952 1188  680  658  720  979  847  603  703  754 1058  742 1045  930  883  963  949  763 1006  910 1199    0 1117 
1084 1022  631  829 1001  745 1087  977  983 1020  772  875  797 1187  667  905  603  873  652 1132  661 1051  828  900  624 1112 1060 1078 1168    0 

0 513 710
1 639 1048
2 550 949
3 558 714
4 411 854
5 567 995
6 397 1030
7 241 1097
8 242 952
9 266 704
10 543 997
11 239 944
12 406 764
13 392 894
14 460 1042
15 309 948
16 290 1045
17 342 777
18 673 820
19 503 921
20 464 809
21 658 900
22 512 935
23 288 1036
24 336 870
25 442 814
26 381 951
27 349 827
28 604 993
29 507 752

0 5 1497 2936 2475 
0 18 11895 14513 3680 
0 3 13101 15242 2547 
0 26 19092 22916 4076 
0 22 9202 10788 2038 
0 17 12420 14317 4096 
0 1 22448 24280 4184 
0 9 18239 21195 4044 
0 4 331 1824 3960 
1 17 12289 15522 3276 
1 2 20762 23031 2757 
1 17 21877 24616 1638 
1 9 21150 22952 3864 
1 16 19528 22066 2547 
1 23 14230 16223 3024 
1 2 24406 27397 3676 
1 29 1527 4621 2030 
1 20 3979 6744 1986 
1 16 18007 20715 3396 
1 22 11152 14399 1926 
1 9 4683 6920 2898 
1 10 3847 6629 4016 
1 15 18825 20807 1576 
2 16 21593 23953 2487 
2 14 13277 16609 2706 
2 6 23209 25205 1844 
2 1 3308 6575 3876 
2 21 19315 23157 2442 
2 22 3199 5026 2457 
2 5 560 4748 2772 
2 15 19320 20749 3816 
2 1 13221 17334 3876 
2 11 187 2492 1660 
2 22 19942 22300 1638 
2 11 6295 8626 1660 
2 27 19830 23535 2634 
2 23 18278 19951 1804 
2 7 17707 19720 3164 
3 22 20841 25229 3240 
3 21 1005 5685 3476 
3 10 2235 5992 3476 
3 25 3373 5465 3063 
3 19 6373 8225 1630 
3 10 1913 4962 3476 
3 17 20426 22783 4008 
3 28 24970 27472 2433 
3 25 23023 24613 2042 
4 28 15050 17034 1858 
4 29 23524 26003 3138 
4 12 11106 13069 2970 
4 0 18797 20887 3136 
4 16 23177 24805 2487 
4 20 24075 25922 3848 
4 18 13828 17072 2835 
4 21 8949 12324 1596 
4 16 13798 16290 2487 
4 3 9987 12304 1698 
4 22 1097 3748 3660 
4 12 7515 10188 3960 
4 11 23734 25399 4104 
4 28 18906 21556 1858 
4 19 2240 5886 2595 
4 14 11023 13411 2610 
4 7 22304 23744 2595 
4 2 9162 12464 1988 
4 6 2657 5297 2853 
4 7 24072 26160 2595 
5 26 9580 12475 1584 
5 4 3587 5241 2511 
5 0 13076 16149 2068 
5 27 6496 8888 3384 
5 4 19936 21657 2511 
5 15 190 3836 2796 
5 11 21408 24847 4180 
5 17 5396 9406 2946 
5 12 14073 16917 1556 
5 14 579 3622 2955 
5 24 14666 17084 3840 
5 17 9894 12323 2946 
5 27 19793 21457 3384 
5 29 750 2966 3312 
5 18 585 3399 3540 
5 20 17974 21500 1774 
5 1 10868 14514 3808 
5 9 1780 4231 3424 
5 10 21385 24417 1646 
5 14 15624 17595 2955 
5 17 24819 28617 2946 
6 21 3573 5508 3051 
6 26 21452 23729 2739 
6 13 9944 11525 2757 
6 24 21094 24220 2352 
6 20 24054 27413 2715 
6 24 2341 6926 1568 
6 13 5858 7991 2757 
6 15 6231 8269 1962 
6 25 13657 16467 2949 
6 5 18580 20610 3628 
7 4 24416 28638 1834 
7 22 13063 17807 3628 
7 25 24359 28885 3153 
7 18 22280 23796 2610 
7 8 20875 22999 1894 
7 8 18671 21309 1894 
7 19 820 3290 1812 
7 4 14225 18501 2751 
7 26 19810 22005 3528 
7 25 23223 26686 4204 
7 20 20329 22012 4084 
7 1 10361 14081 2427 
8 4 22289 25844 3604 
8 15 6495 9056 3844 
8 7 3579 5928 2916 
8 9 5314 7565 1872 
8 0 15196 16777 3588 
8 22 19346 21270 2100 
8 21 1907 5754 1578 
8 10 15946 18909 3692 
8 7 20527 22780 1944 
8 12 21429 24458 2853 
9 21 61 1657 4168 
9 6 18954 21574 4044 
9 12 8866 11725 3308 
9 0 4918 6599 2613 
9 13 9968 12985 3984 
9 11 6535 9711 3832 
9 28 24102 26427 3308 
9 20 12646 15391 4204 
9 1 2582 5026 2880 
9 13 9641 13022 3984 
9 14 1143 5191 3688 
9 12 23784 27490 3308 
9 17 16366 18891 2928 
9 7 11255 13159 1768 
9 6 2637 4421 4044 
9 6 11396 14392 3033 
10 17 19639 23044 2799 
10 12 16170 18200 3512 
10 15 15214 17505 1786 
10 21 4904 6834 2044 
10 3 5674 9781 3232 
10 25 10684 12855 2412 
10 19 22734 26860 2514 
10 17 14529 17698 2799 
11 13 7143 10061 3356 
11 24 23542 25657 3636 
11 6 11782 14267 2364 
11 15 12735 15106 3042 
11 7 10978 14057 3144 
11 12 979 3372 1792 
11 29 16094 19824 3616 
11 0 14691 17291 3648 
11 4 9047 11313 1934 
11 29 13140 16073 3616 
11 3 21902 23711 1896 
11 15 14167 17402 2028 
11 27 6160 8541 3066 
11 15 13571 16395 2028 
11 23 7194 9212 4148 
11 5 23080 25914 2802 
11 21 20707 23704 3117 
11 13 3931 6560 2517 
11 27 7252 10136 3066 
11 13 23931 26679 1678 
11 4 294 1578 3868 
11 17 15655 18143 1846 
12 16 1699 3276 3624 
12 28 19443 21739 2751 
12 26 12864 14939 1854 
12 27 6493 9120 3360 
12 18 5638 8373 3316 
12 20 4656 8188 2457 
12 28 1078 3349 1834 
12 5 7213 8758 1630 
12 10 12610 14964 2334 
12 1 12113 13900 2595 
12 25 12324 13979 3392 
12 29 12023 14733 3136 
12 27 7200 9045 1680 
12 16 3105 4613 1812 
12 2 11747 14219 2517 
13 26 12546 15425 3236 
13 6 3937 6046 3928 
13 22 22371 23747 2847 
13 3 552 3486 3908 
13 28 2026 4766 2874 
13 23 18327 20655 3188 
13 2 19924 23658 1928 
13 3 9282 12782 1954 
13 9 17951 20489 3804 
13 3 451 2830 1954 
13 17 1163 5017 2068 
13 27 12640 14626 3208 
13 12 19834 23409 2739 
13 18 20434 22495 1902 
13 17 11571 14276 3102 
13 19 22820 26584 3644 
13 7 10673 12632 2457 
13 3 9150 12484 2931 
13 2 9360 11904 3856 
13 23 4564 7448 3188 
13 0 14845 18884 2910 
13 16 14235 16250 1788 
13 2 13462 15940 1928 
13 14 10181 12795 2018 
14 18 22943 26746 2430 
14 11 7576 11208 3392 
14 23 24447 27841 2388 
14 2 1417 4597 2391 
14 29 13271 16117 2853 
14 4 18868 20805 3192 
14 4 525 2215 3192 
14 18 779 3892 2430 
14 0 645 4685 3168 
14 24 18320 20735 3099 
14 8 584 2205 2337 
14 2 22170 24450 3188 
14 21 22665 25168 2634 
14 12 4255 7631 2952 
14 23 9323 11305 1592 
14 17 5509 7034 1772 
14 8 6955 8712 2337 
14 6 22834 25980 1736 
14 6 10046 12465 3472 
14 24 20415 22160 3099 
14 15 1800 4071 2367 
15 6 19775 21839 1658 
15 21 11385 14141 1700 
15 6 19374 23048 1658 
15 22 21767 23574 4204 
15 3 4709 7872 2610 
15 25 2218 4822 2958 
15 11 22887 25133 4140 
15 20 22826 24618 2724 
15 28 5062 7758 2042 
15 1 19541 22160 2565 
15 7 19118 21126 3111 
15 24 20448 23162 3684 
15 10 5730 8965 4056 
15 21 2268 4515 2550 
15 29 14846 17287 1742 
15 10 14356 16678 2028 
15 16 3927 6518 3027 
15 16 14056 15971 3027 
15 26 13275 14921 3508 
15 17 14042 16171 1954 
15 0 5650 7929 3128 
15 9 24759 27396 1992 
15 4 23145 24733 3018 
15 19 14058 16248 3316 
16 12 9294 11753 1942 
16 6 4319 6807 2478 
16 6 14546 17725 1652 
16 4 1738 4157 1698 
16 15 22649 24659 1702 
16 15 13627 16028 1702 
16 10 3811 7168 3568 
16 20 5758 7795 1898 
16 28 5452 8791 2090 
16 27 12025 14486 3460 
16 7 18850 22694 2763 
16 8 3147 4727 3224 
16 6 22597 25396 3304 
17 13 23791 27410 2589 
17 7 14741 17922 3296 
17 12 1005 2561 1776 
17 12 4790 7547 3552 
17 4 1284 4140 3760 
17 9 5395 8059 3141 
17 5 20020 22981 2484 
17 15 24173 26163 1812 
17 25 2331 4212 3312 
17 21 14762 16862 2670 
17 2 25019 26833 1824 
17 25 20960 22756 3312 
17 15 11808 14122 1812 
17 15 19475 21774 2718 
17 24 10284 12593 1948 
17 7 14981 18806 1648 
17 11 5719 7750 2028 
17 26 9532 12301 2643 
17 11 14544 16808 3042 
17 13 5818 8339 2589 
17 25 15185 17402 1656 
17 7 20468 23483 2472 
17 7 85 3013 1648 
17 16 24682 27796 2082 
18 26 15596 17659 3500 
18 28 18648 21467 4176 
18 16 10682 12773 2082 
18 27 21218 24540 2484 
18 4 24268 25973 3616 
18 8 1537 4243 2094 
18 6 17873 21021 3756 
18 11 1833 4984 1852 
18 3 22501 25036 1590 
18 26 14917 16514 1750 
18 4 2980 4650 2712 
18 26 2077 3843 1750 
18 0 13161 15912 2604 
18 22 21173 24608 1838 
18 29 8882 11065 1922 
19 29 11999 15429 1570 
19 22 6061 7827 2991 
19 12 13917 15580 3428 
19 2 11599 15131 2979 
19 23 18531 21377 2796 
19 21 2381 6697 3376 
19 14 3692 5552 1828 
19 16 9559 12407 1732 
19 5 297 3304 3800 
19 3 20144 23616 2994 
19 13 13660 15610 4036 
19 20 14944 17835 2373 
19 15 20380 23575 1918 
19 7 3412 6325 3680 
19 2 21546 25000 3972 
19 27 23218 25007 1998 
19 7 18422 21492 1840 
19 20 4824 6886 2373 
19 4 3140 4853 2988 
19 15 8994 11413 3836 
19 4 14581 16363 3984 
19 7 13431 16134 1840 
20 27 23826 26627 1906 
20 16 21255 23583 1828 
20 26 1792 4329 3580 
20 29 11917 15701 3856 
20 6 7172 9870 2475 
20 1 11206 15082 3132 
20 6 18051 20523 1650 
20 15 11583 13288 2697 
20 14 23596 25713 2847 
20 24 5977 8740 4120 
20 3 12089 15690 2976 
20 11 12088 14242 2385 
20 8 20297 23609 2082 
20 23 23763 26787 3380 
20 15 20625 23615 2697 
20 2 21430 24570 3224 
20 0 21260 24166 3972 
20 6 21009 24377 2475 
21 15 6846 9988 2835 
21 23 5204 7060 2913 
21 5 2003 3730 3132 
21 16 10063 13859 1806 
21 12 22570 25223 2883 
21 13 12981 14643 2412 
21 1 2243 5774 2038 
21 13 22952 25280 1608 
21 25 18139 20984 2955 
21 18 22822 25946 1912 
21 11 1085 3081 2020 
21 18 7575 9805 2868 
21 15 12936 15621 1890 
22 15 9952 11744 4200 
22 19 10569 12283 2484 
22 11 24821 27163 1622 
22 8 11937 14966 1640 
22 15 25244 26759 4200 
22 6 23201 25617 1918 
22 27 19666 22822 4156 
22 10 6493 8354 3524 
22 0 6792 9883 1662 
22 16 3189 6115 4064 
22 7 24113 27519 3944 
22 18 1090 5050 1632 
22 3 743 3082 2580 
22 6 256 2592 3836 
22 12 23936 27194 3756 
22 23 9376 11793 3328 
22 24 4305 6727 2102 
22 8 10721 13069 1640 
23 13 15872 18534 1840 
23 22 1707 3967 1794 
23 19 2232 4462 3788 
23 25 9834 13942 2928 
23 7 23764 27011 1722 
23 2 11056 14818 1932 
23 4 24428 27526 4028 
23 26 19834 22021 2853 
23 25 17820 22321 3904 
23 24 126 3217 2520 
23 2 22099 25861 3864 
23 25 13178 15857 3904 
23 15 11489 14023 1598 
23 9 546 3668 1654 
23 1 13708 16405 1790 
24 17 22116 25638 1760 
24 11 20215 22876 3500 
24 0 3133 4560 2658 
24 13 16081 19752 4080 
24 6 1398 4593 3072 
24 11 13792 16091 3500 
24 10 10701 14578 1786 
24 17 2033 5638 3520 
24 13 22372 24342 3060 
24 4 9251 12613 2406 
24 7 24188 27556 3636 
24 20 7447 11870 3728 
24 23 4058 6972 2628 
24 23 1680 5572 2628 
25 28 4536 6746 2742 
25 1 18376 20579 1984 
25 13 16081 19414 2352 
25 20 13906 17772 1758 
25 15 272 3469 1620 
25 1 4382 6995 3968 
25 8 23463 25715 3150 
25 21 12706 16077 2862 
25 19 24844 28663 1892 
25 8 24363 27022 3150 
25 7 5645 9482 3448 
25 26 15779 17521 2439 
25 20 21210 23828 2637 
25 20 22506 25881 3516 
25 8 5210 8425 4200 
25 1 668 3098 2976 
26 25 9295 12331 1932 
26 0 5859 8272 1808 
26 20 24009 28022 3700 
26 25 5981 9627 2898 
26 27 9338 12902 4084 
26 10 14261 15802 1880 
26 28 7231 9453 3892 
26 7 3623 5955 2493 
26 1 19991 23107 1658 
26 16 3186 5400 3208 
27 11 6283 8698 1604 
27 7 13357 15541 3138 
27 22 11080 14789 2460 
27 24 24631 28774 2892 
27 21 5093 7382 3948 
27 20 13947 17929 3111 
27 15 20931 24880 1626 
27 16 13807 16280 2961 
27 23 6680 8356 3844 
27 3 25171 27582 3140 
27 8 5720 9280 1922 
27 1 22182 25979 3928 
27 28 22547 25686 2040 
27 17 5383 8199 3896 
27 14 12987 15372 2018 
27 24 2568 5347 3856 
27 17 9276 11357 3896 
27 0 12364 15653 3664 
28 22 20980 23570 3952 
28 12 25061 27459 3612 
28 17 2165 5889 1592 
28 18 16000 18745 1968 
28 8 6205 10006 1850 
28 22 19177 22403 3952 
28 25 9435 13358 1954 
28 4 14180 16330 2442 
29 18 15190 17778 2640 
29 8 14029 17695 1936 
29 14 21340 23734 2010 
29 19 14951 18697 4040 
29 16 6199 8249 3066 
29 11 18650 20400 4040 
29 13 5248 7954 2406 
29 27 12882 16299 1604 
29 13 5883 10096 2406 
29 20 6836 8369 3884 
29 25 10337 14406 3244 
29 5 6458 8991 3704 
29 1 5236 8158 3132 
29 2 10331 11933 3480 

0 1 0 0
0 1 1 0
0 1 2 0
0 1 3 0
0 1 4 0
0 2 0 0
0 2 1 0
0 2 2 0
0 2 3 0
0 2 4 0
0 3 0 4314
0 3 1 4314
0 3 2 4314
0 3 3 0
0 3 4 0
0 4 0 0
0 4 1 0
0 4 2 0
0 4 3 0
0 4 4 0
0 5 0 0
0 5 1 0
0 5 2 0
0 5 3 0
0 5 4 0
0 6 0 0
0 6 1 0
0 6 2 0
0 6 3 0
0 6 4 0
0 7 0 3507
0 7 1 3507
0 7 2 3507
0 7 3 0
0 7 4 0
0 8 0 0
0 8 1 0
0 8 2 0
0 8 3 0
0 8 4 0
0 9 0 0
0 9 1 0
0 9 2 0
0 9 3 0
0 9 4 0
0 10 0 0
0 10 1 0
0 10 2 0
0 10 3 0
0 10 4 0
0 11 0 0
0 11 1 0
0 11 2 0
0 11 3 0
0 11 4 0
0 12 0 0
0 12 1 0
0 12 2 0
0 12 3 0
0 12 4 0
0 13 0 0
0 13 1 0
0 13 2 0
0 13 3 0
0 13 4 0
0 14 0 0
0 14 1 0
0 14 2 0
0 14 3 0
0 14 4 0
0 15 0 0
0 15 1 0
0 15 2 0
0 15 3 0
0 15 4 0
0 16 0 0
0 16 1 0
0 16 2 0
0 16 3 0
0 16 4 0
0 17 0 0
0 17 1 0
0 17 2 0
0 17 3 0
0 17 4 0
0 18 0 0
0 18 1 0
0 18 2 0
0 18 3 0
0 18 4 0
0 19 0 0
0 19 1 0
0 19 2 0
0 19 3 0
0 19 4 0
0 20 0 3534
0 20 1 3534
0 20 2 0
0 20 3 0
0 20 4 0
0 21 0 0
0 21 1 0
0 21 2 0
0 21 3 0
0 21 4 0
0 22 0 3618
0 22 1 3618
0 22 2 0
0 22 3 0
0 22 4 0
0 23 0 0
0 23 1 0
0 23 2 0
0 23 3 0
0 23 4 0
0 24 0 4283
0 24 1 4283
0 24 2 0
0 24 3 0
0 24 4 0
0 25 0 0
0 25 1 0
0 25 2 0
0 25 3 0
0 25 4 0
0 26 0 0
0 26 1 0
0 26 2 0
0 26 3 0
0 26 4 0
0 27 0 3122
0 27 1 3122
0 27 2 3122
0 27 3 0
0 27 4 0
0 28 0 3802
0 28 1 3802
0 28 2 3802
0 28 3 0
0 28 4 0
0 29 0 0
0 29 1 0
0 29 2 0
0 29 3 0
0 29 4 0
1 0 0 0
1 0 1 0
1 0 2 0
1 0 3 0
1 0 4 0
1 2 0 0
1 2 1 0
1 2 2 0
1 2 3 0
1 2 4 0
1 3 0 0
1 3 1 0
1 3 2 0
1 3 3 0
1 3 4 0
1 4 0 0
1 4 1 0
1 4 2 0
1 4 3 0
1 4 4 0
1 5 0 0
1 5 1 0
1 5 2 0
1 5 3 0
1 5 4 0
1 6 0 3231
1 6 1 3231
1 6 2 3231
1 6 3 0
1 6 4 0
1 7 0 0
1 7 1 0
1 7 2 0
1 7 3 0
1 7 4 0
1 8 0 4875
1 8 1 4875
1 8 2 0
1 8 3 0
1 8 4 0
1 9 0 0
1 9 1 0
1 9 2 0
1 9 3 0
1 9 4 0
1 10 0 0
1 10 1 0
1 10 2 0
1 10 3 0
1 10 4 0
1 11 0 0
1 11 1 0
1 11 2 0
1 11 3 0
1 11 4 0
1 12 0 4229
1 12 1 4229
1 12 2 0
1 12 3 0
1 12 4 0
1 13 0 0
1 13 1 0
1 13 2 0
1 13 3 0
1 13 4 0
1 14 0 4419
1 14 1 4419
1 14 2 4419
1 14 3 0
1 14 4 0
1 15 0 0
1 15 1 0
1 15 2 0
1 15 3 0
1 15 4 0
1 16 0 0
1 16 1 0
1 16 2 0
1 16 3 0
1 16 4 0
1 17 0 0
1 17 1 0
1 17 2 0
1 17 3 0
1 17 4 0
1 18 0 0
1 18 1 0
1 18 2 0
1 18 3 0
1 18 4 0
1 19 0 3185
1 19 1 3185
1 19 2 0
1 19 3 0
1 19 4 0
1 20 0 0
1 20 1 0
1 20 2 0
1 20 3 0
1 20 4 0
1 21 0 3453
1 21 1 3453
1 21 2 3453
1 21 3 0
1 21 4 0
1 22 0 0
1 22 1 0
1 22 2 0
1 22 3 0
1 22 4 0
1 23 0 3708
1 23 1 3708
1 23 2 3708
1 23 3 0
1 23 4 0
1 24 0 0
1 24 1 0
1 24 2 0
1 24 3 0
1 24 4 0
1 25 0 0
1 25 1 0
1 25 2 0
1 25 3 0
1 25 4 0
1 26 0 0
1 26 1 0
1 26 2 0
1 26 3 0
1 26 4 0
1 27 0 0
1 27 1 0
1 27 2 0
1 27 3 0
1 27 4 0
1 28 0 0
1 28 1 0
1 28 2 0
1 28 3 0
1 28 4 0
1 29 0 3438
1 29 1 3438
1 29 2 0
1 29 3 0
1 29 4 0
2 0 0 3332
2 0 1 3332
2 0 2 3332
2 0 3 0
2 0 4 0
2 1 0 0
2 1 1 0
2 1 2 0
2 1 3 0
2 1 4 0
2 3 0 3707
2 3 1 3707
2 3 2 0
2 3 3 0
2 3 4 0
2 4 0 3719
2 4 1 3719
2 4 2 3719
2 4 3 0
2 4 4 0
2 5 0 3465
2 5 1 3465
2 5 2 0
2 5 3 0
2 5 4 0
2 6 0 3319
2 6 1 3319
2 6 2 3319
2 6 3 0
2 6 4 0
2 7 0 0
2 7 1 0
2 7 2 0
2 7 3 0
2 7 4 0
2 8 0 0
2 8 1 0
2 8 2 0
2 8 3 0
2 8 4 0
2 9 0 0
2 9 1 0
2 9 2 0
2 9 3 0
2 9 4 0
2 10 0 4584
2 10 1 4584
2 10 2 0
2 10 3 0
2 10 4 0
2 11 0 0
2 11 1 0
2 11 2 0
2 11 3 0
2 11 4 0
2 12 0 4674
2 12 1 4674
2 12 2 4674
2 12 3 0
2 12 4 0
2 13 0 0
2 13 1 0
2 13 2 0
2 13 3 0
2 13 4 0
2 14 0 0
2 14 1 0
2 14 2 0
2 14 3 0
2 14 4 0
2 15 0 3581
2 15 1 3581
2 15 2 0
2 15 3 0
2 15 4 0
2 16 0 0
2 16 1 0
2 16 2 0
2 16 3 0
2 16 4 0
2 17 0 0
2 17 1 0
2 17 2 0
2 17 3 0
2 17 4 0
2 18 0 0
2 18 1 0
2 18 2 0
2 18 3 0
2 18 4 0
2 19 0 0
2 19 1 0
2 19 2 0
2 19 3 0
2 19 4 0
2 20 0 0
2 20 1 0
2 20 2 0
2 20 3 0
2 20 4 0
2 21 0 4174
2 21 1 4174
2 21 2 0
2 21 3 0
2 21 4 0
2 22 0 0
2 22 1 0
2 22 2 0
2 22 3 0
2 22 4 0
2 23 0 0
2 23 1 0
2 23 2 0
2 23 3 0
2 23 4 0
2 24 0 0
2 24 1 0
2 24 2 0
2 24 3 0
2 24 4 0
2 25 0 0
2 25 1 0
2 25 2 0
2 25 3 0
2 25 4 0
2 26 0 4942
2 26 1 4942
2 26 2 0
2 26 3 0
2 26 4 0
2 27 0 4139
2 27 1 4139
2 27 2 4139
2 27 3 0
2 27 4 0
2 28 0 0
2 28 1 0
2 28 2 0
2 28 3 0
2 28 4 0
2 29 0 0
2 29 1 0
2 29 2 0
2 29 3 0
2 29 4 0
3 0 0 0
3 0 1 0
3 0 2 0
3 0 3 0
3 0 4 0
3 1 0 4947
3 1 1 4947
3 1 2 4947
3 1 3 0
3 1 4 0
3 2 0 0
3 2 1 0
3 2 2 0
3 2 3 0
3 2 4 0
3 4 0 0
3 4 1 0
3 4 2 0
3 4 3 0
3 4 4 0
3 5 0 0
3 5 1 0
3 5 2 0
3 5 3 0
3 5 4 0
3 6 0 0
3 6 1 0
3 6 2 0
3 6 3 0
3 6 4 0
3 7 0 0
3 7 1 0
3 7 2 0
3 7 3 0
3 7 4 0
3 8 0 0
3 8 1 0
3 8 2 0
3 8 3 0
3 8 4 0
3 9 0 0
3 9 1 0
3 9 2 0
3 9 3 0
3 9 4 0
3 10 0 4811
3 10 1 4811
3 10 2 0
3 10 3 0
3 10 4 0
3 11 0 0
3 11 1 0
3 11 2 0
3 11 3 0
3 11 4 0
3 12 0 4608
3 12 1 4608
3 12 2 4608
3 12 3 0
3 12 4 0
3 13 0 0
3 13 1 0
3 13 2 0
3 13 3 0
3 13 4 0
3 14 0 0
3 14 1 0
3 14 2 0
3 14 3 0
3 14 4 0
3 15 0 0
3 15 1 0
3 15 2 0
3 15 3 0
3 15 4 0
3 16 0 3478
3 16 1 3478
3 16 2 0
3 16 3 0
3 16 4 0
3 17 0 0
3 17 1 0
3 17 2 0
3 17 3 0
3 17 4 0
3 18 0 0
3 18 1 0
3 18 2 0
3 18 3 0
3 18 4 0
3 19 0 0
3 19 1 0
3 19 2 0
3 19 3 0
3 19 4 0
3 20 0 0
3 20 1 0
3 20 2 0
3 20 3 0
3 20 4 0
3 21 0 0
3 21 1 0
3 21 2 0
3 21 3 0
3 21 4 0
3 22 0 0
3 22 1 0
3 22 2 0
3 22 3 0
3 22 4 0
3 23 0 0
3 23 1 0
3 23 2 0
3 23 3 0
3 23 4 0
3 24 0 0
3 24 1 0
3 24 2 0
3 24 3 0
3 24 4 0
3 25 0 0
3 25 1 0
3 25 2 0
3 25 3 0
3 25 4 0
3 26 0 0
3 26 1 0
3 26 2 0
3 26 3 0
3 26 4 0
3 27 0 0
3 27 1 0
3 27 2 0
3 27 3 0
3 27 4 0
3 28 0 0
3 28 1 0
3 28 2 0
3 28 3 0
3 28 4 0
3 29 0 0
3 29 1 0
3 29 2 0
3 29 3 0
3 29 4 0
4 0 0 0
4 0 1 0
4 0 2 0
4 0 3 0
4 0 4 0
4 1 0 0
4 1 1 0
4 1 2 0
4 1 3 0
4 1 4 0
4 2 0 0
4 2 1 0
4 2 2 0
4 2 3 0
4 2 4 0
4 3 0 4628
4 3 1 4628
4 3 2 0
4 3 3 0
4 3 4 0
4 5 0 3716
4 5 1 3716
4 5 2 3716
4 5 3 0
4 5 4 0
4 6 0 0
4 6 1 0
4 6 2 0
4 6 3 0
4 6 4 0
4 7 0 0
4 7 1 0
4 7 2 0
4 7 3 0
4 7 4 0
4 8 0 0
4 8 1 0
4 8 2 0
4 8 3 0
4 8 4 0
4 9 0 0
4 9 1 0
4 9 2 0
4 9 3 0
4 9 4 0
4 10 0 3606
4 10 1 3606
4 10 2 3606
4 10 3 0
4 10 4 0
4 11 0 0
4 11 1 0
4 11 2 0
4 11 3 0
4 11 4 0
4 12 0 0
4 12 1 0
4 12 2 0
4 12 3 0
4 12 4 0
4 13 0 0
4 13 1 0
4 13 2 0
4 13 3 0
4 13 4 0
4 14 0 4196
4 14 1 4196
4 14 2 0
4 14 3 0
4 14 4 0
4 15 0 0
4 15 1 0
4 15 2 0
4 15 3 0
4 15 4 0
4 16 0 0
4 16 1 0
4 16 2 0
4 16 3 0
4 16 4 0
4 17 0 4593
4 17 1 4593
4 17 2 4593
4 17 3 0
4 17 4 0
4 18 0 0
4 18 1 0
4 18 2 0
4 18 3 0
4 18 4 0
4 19 0 0
4 19 1 0
4 19 2 0
4 19 3 0
4 19 4 0
4 20 0 0
4 20 1 0
4 20 2 0
4 20 3 0
4 20 4 0
4 21 0 0
4 21 1 0
4 21 2 0
4 21 3 0
4 21 4 0
4 22 0 0
4 22 1 0
4 22 2 0
4 22 3 0
4 22 4 0
4 23 0 0
4 23 1 0
4 23 2 0
4 23 3 0
4 23 4 0
4 24 0 0
4 24 1 0
4 24 2 0
4 24 3 0
4 24 4 0
4 25 0 0
4 25 1 0
4 25 2 0
4 25 3 0
4 25 4 0
4 26 0 0
4 26 1 0
4 26 2 0
4 26 3 0
4 26 4 0
4 27 0 0
4 27 1 0
4 27 2 0
4 27 3 0
4 27 4 0
4 28 0 0
4 28 1 0
4 28 2 0
4 28 3 0
4 28 4 0
4 29 0 3728
4 29 1 3728
4 29 2 3728
4 29 3 0
4 29 4 0
5 0 0 0
5 0 1 0
5 0 2 0
5 0 3 0
5 0 4 0
5 1 0 3382
5 1 1 3382
5 1 2 0
5 1 3 0
5 1 4 0
5 2 0 0
5 2 1 0
5 2 2 0
5 2 3 0
5 2 4 0
5 3 0 0
5 3 1 0
5 3 2 0
5 3 3 0
5 3 4 0
5 4 0 0
5 4 1 0
5 4 2 0
5 4 3 0
5 4 4 0
5 6 0 3739
5 6 1 3739
5 6 2 0
5 6 3 0
5 6 4 0
5 7 0 3124
5 7 1 3124
5 7 2 0
5 7 3 0
5 7 4 0
5 8 0 0
5 8 1 0
5 8 2 0
5 8 3 0
5 8 4 0
5 9 0 0
5 9 1 0
5 9 2 0
5 9 3 0
5 9 4 0
5 10 0 0
5 10 1 0
5 10 2 0
5 10 3 0
5 10 4 0
5 11 0 0
5 11 1 0
5 11 2 0
5 11 3 0
5 11 4 0
5 12 0 0
5 12 1 0
5 12 2 0
5 12 3 0
5 12 4 0
5 13 0 0
5 13 1 0
5 13 2 0
5 13 3 0
5 13 4 0
5 14 0 0
5 14 1 0
5 14 2 0
5 14 3 0
5 14 4 0
5 15 0 0
5 15 1 0
5 15 2 0
5 15 3 0
5 15 4 0
5 16 0 0
5 16 1 0
5 16 2 0
5 16 3 0
5 16 4 0
5 17 0 0
5 17 1 0
5 17 2 0
5 17 3 0
5 17 4 0
5 18 0 0
5 18 1 0
5 18 2 0
5 18 3 0
5 18 4 0
5 19 0 0
5 19 1 0
5 19 2 0
5 19 3 0
5 19 4 0
5 20 0 4144
5 20 1 4144
5 20 2 4144
5 20 3 0
5 20 4 0
5 21 0 3932
5 21 1 3932
5 21 2 0
5 21 3 0
5 21 4 0
5 22 0 0
5 22 1 0
5 22 2 0
5 22 3 0
5 22 4 0
5 23 0 0
5 23 1 0
5 23 2 0
5 23 3 0
5 23 4 0
5 24 0 0
5 24 1 0
5 24 2 0
5 24 3 0
5 24 4 0
5 25 0 4973
5 25 1 4973
5 25 2 0
5 25 3 0
5 25 4 0
5 26 0 4573
5 26 1 4573
5 26 2 4573
5 26 3 0
5 26 4 0
5 27 0 0
5 27 1 0
5 27 2 0
5 27 3 0
5 27 4 0
5 28 0 4791
5 28 1 4791
5 28 2 0
5 28 3 0
5 28 4 0
5 29 0 4571
5 29 1 4571
5 29 2 4571
5 29 3 0
5 29 4 0
6 0 0 3828
6 0 1 3828
6 0 2 3828
6 0 3 0
6 0 4 0
6 1 0 0
6 1 1 0
6 1 2 0
6 1 3 0
6 1 4 0
6 2 0 0
6 2 1 0
6 2 2 0
6 2 3 0
6 2 4 0
6 3 0 0
6 3 1 0
6 3 2 0
6 3 3 0
6 3 4 0
6 4 0 0
6 4 1 0
6 4 2 0
6 4 3 0
6 4 4 0
6 5 0 0
6 5 1 0
6 5 2 0
6 5 3 0
6 5 4 0
6 7 0 3933
6 7 1 3933
6 7 2 3933
6 7 3 0
6 7 4 0
6 8 0 0
6 8 1 0
6 8 2 0
6 8 3 0
6 8 4 0
6 9 0 0
6 9 1 0
6 9 2 0
6 9 3 0
6 9 4 0
6 10 0 0
6 10 1 0
6 10 2 0
6 10 3 0
6 10 4 0
6 11 0 0
6 11 1 0
6 11 2 0
6 11 3 0
6 11 4 0
6 12 0 0
6 12 1 0
6 12 2 0
6 12 3 0
6 12 4 0
6 13 0 3062
6 13 1 3062
6 13 2 0
6 13 3 0
6 13 4 0
6 14 0 0
6 14 1 0
6 14 2 0
6 14 3 0
6 14 4 0
6 15 0 0
6 15 1 0
6 15 2 0
6 15 3 0
6 15 4 0
6 16 0 0
6 16 1 0
6 16 2 0
6 16 3 0
6 16 4 0
6 17 0 0
6 17 1 0
6 17 2 0
6 17 3 0
6 17 4 0
6 18 0 0
6 18 1 0
6 18 2 0
6 18 3 0
6 18 4 0
6 19 0 0
6 19 1 0
6 19 2 0
6 19 3 0
6 19 4 0
6 20 0 3963
6 20 1 3963
6 20 2 3963
6 20 3 0
6 20 4 0
6 21 0 3601
6 21 1 3601
6 21 2 0
6 21 3 0
6 21 4 0
6 22 0 0
6 22 1 0
6 22 2 0
6 22 3 0
6 22 4 0
6 23 0 0
6 23 1 0
6 23 2 0
6 23 3 0
6 23 4 0
6 24 0 0
6 24 1 0
6 24 2 0
6 24 3 0
6 24 4 0
6 25 0 3800
6 25 1 3800
6 25 2 3800
6 25 3 0
6 25 4 0
6 26 0 0
6 26 1 0
6 26 2 0
6 26 3 0
6 26 4 0
6 27 0 0
6 27 1 0
6 27 2 0
6 27 3 0
6 27 4 0
6 28 0 0
6 28 1 0
6 28 2 0
6 28 3 0
6 28 4 0
6 29 0 0
6 29 1 0
6 29 2 0
6 29 3 0
6 29 4 0
7 0 0 0
7 0 1 0
7 0 2 0
7 0 3 0
7 0 4 0
7 1 0 0
7 1 1 0
7 1 2 0
7 1 3 0
7 1 4 0
7 2 0 3734
7 2 1 3734
7 2 2 3734
7 2 3 0
7 2 4 0
7 3 0 0
7 3 1 0
7 3 2 0
7 3 3 0
7 3 4 0
7 4 0 3606
7 4 1 3606
7 4 2 0
7 4 3 0
7 4 4 0
7 5 0 0
7 5 1 0
7 5 2 0
7 5 3 0
7 5 4 0
7 6 0 0
7 6 1 0
7 6 2 0
7 6 3 0
7 6 4 0
7 8 0 0
7 8 1 0
7 8 2 0
7 8 3 0
7 8 4 0
7 9 0 4882
7 9 1 4882
7 9 2 0
7 9 3 0
7 9 4 0
7 10 0 0
7 10 1 0
7 10 2 0
7 10 3 0
7 10 4 0
7 11 0 0
7 11 1 0
7 11 2 0
7 11 3 0
7 11 4 0
7 12 0 4979
7 12 1 4979
7 12 2 0
7 12 3 0
7 12 4 0
7 13 0 0
7 13 1 0
7 13 2 0
7 13 3 0
7 13 4 0
7 14 0 3433
7 14 1 3433
7 14 2 0
7 14 3 0
7 14 4 0
7 15 0 4702
7 15 1 4702
7 15 2 4702
7 15 3 0
7 15 4 0
7 16 0 0
7 16 1 0
7 16 2 0
7 16 3 0
7 16 4 0
7 17 0 0
7 17 1 0
7 17 2 0
7 17 3 0
7 17 4 0
7 18 0 0
7 18 1 0
7 18 2 0
7 18 3 0
7 18 4 0
7 19 0 0
7 19 1 0
7 19 2 0
7 19 3 0
7 19 4 0
7 20 0 0
7 20 1 0
7 20 2 0
7 20 3 0
7 20 4 0
7 21 0 0
7 21 1 0
7 21 2 0
7 21 3 0
7 21 4 0
7 22 0 0
7 22 1 0
7 22 2 0
7 22 3 0
7 22 4 0
7 23 0 0
7 23 1 0
7 23 2 0
7 23 3 0
7 23 4 0
7 24 0 0
7 24 1 0
7 24 2 0
7 24 3 0
7 24 4 0
7 25 0 0
7 25 1 0
7 25 2 0
7 25 3 0
7 25 4 0
7 26 0 0
7 26 1 0
7 26 2 0
7 26 3 0
7 26 4 0
7 27 0 0
7 27 1 0
7 27 2 0
7 27 3 0
7 27 4 0
7 28 0 0
7 28 1 0
7 28 2 0
7 28 3 0
7 28 4 0
7 29 0 0
7 29 1 0
7 29 2 0
7 29 3 0
7 29 4 0
8 0 0 0
8 0 1 0
8 0 2 0
8 0 3 0
8 0 4 0
8 1 0 0
8 1 1 0
8 1 2 0
8 1 3 0
8 1 4 0
8 2 0 4993
8 2 1 4993
8 2 2 0
8 2 3 0
8 2 4 0
8 3 0 0
8 3 1 0
8 3 2 0
8 3 3 0
8 3 4 0
8 4 0 0
8 4 1 0
8 4 2 0
8 4 3 0
8 4 4 0
8 5 0 0
8 5 1 0
8 5 2 0
8 5 3 0
8 5 4 0
8 6 0 0
8 6 1 0
8 6 2 0
8 6 3 0
8 6 4 0
8 7 0 0
8 7 1 0
8 7 2 0
8 7 3 0
8 7 4 0
8 9 0 3286
8 9 1 3286
8 9 2 0
8 9 3 0
8 9 4 0
8 10 0 0
8 10 1 0
8 10 2 0
8 10 3 0
8 10 4 0
8 11 0 4748
8 11 1 4748
8 11 2 4748
8 11 3 0
8 11 4 0
8 12 0 0
8 12 1 0
8 12 2 0
8 12 3 0
8 12 4 0
8 13 0 0
8 13 1 0
8 13 2 0
8 13 3 0
8 13 4 0
8 14 0 0
8 14 1 0
8 14 2 0
8 14 3 0
8 14 4 0
8 15 0 3678
8 15 1 3678
8 15 2 3678
8 15 3 0
8 15 4 0
8 16 0 0
8 16 1 0
8 16 2 0
8 16 3 0
8 16 4 0
8 17 0 0
8 17 1 0
8 17 2 0
8 17 3 0
8 17 4 0
8 18 0 0
8 18 1 0
8 18 2 0
8 18 3 0
8 18 4 0
8 19 0 0
8 19 1 0
8 19 2 0
8 19 3 0
8 19 4 0
8 20 0 0
8 20 1 0
8 20 2 0
8 20 3 0
8 20 4 0
8 21 0 4210
8 21 1 4210
8 21 2 0
8 21 3 0
8 21 4 0
8 22 0 0
8 22 1 0
8 22 2 0
8 22 3 0
8 22 4 0
8 23 0 0
8 23 1 0
8 23 2 0
8 23 3 0
8 23 4 0
8 24 0 4184
8 24 1 4184
8 24 2 0
8 24 3 0
8 24 4 0
8 25 0 0
8 25 1 0
8 25 2 0
8 25 3 0
8 25 4 0
8 26 0 0
8 26 1 0
8 26 2 0
8 26 3 0
8 26 4 0
8 27 0 3235
8 27 1 3235
8 27 2 3235
8 27 3 0
8 27 4 0
8 28 0 3466
8 28 1 3466
8 28 2 3466
8 28 3 0
8 28 4 0
8 29 0 0
8 29 1 0
8 29 2 0
8 29 3 0
8 29 4 0
9 0 0 0
9 0 1 0
9 0 2 0
9 0 3 0
9 0 4 0
9 1 0 0
9 1 1 0
9 1 2 0
9 1 3 0
9 1 4 0
9 2 0 0
9 2 1 0
9 2 2 0
9 2 3 0
9 2 4 0
9 3 0 0
9 3 1 0
9 3 2 0
9 3 3 0
9 3 4 0
9 4 0 0
9 4 1 0
9 4 2 0
9 4 3 0
9 4 4 0
9 5 0 3498
9 5 1 3498
9 5 2 0
9 5 3 0
9 5 4 0
9 6 0 3093
9 6 1 3093
9 6 2 3093
9 6 3 0
9 6 4 0
9 7 0 4837
9 7 1 4837
9 7 2 0
9 7 3 0
9 7 4 0
9 8 0 0
9 8 1 0
9 8 2 0
9 8 3 0
9 8 4 0
9 10 0 0
9 10 1 0
9 10 2 0
9 10 3 0
9 10 4 0
9 11 0 3369
9 11 1 3369
9 11 2 0
9 11 3 0
9 11 4 0
9 12 0 4049
9 12 1 4049
9 12 2 0
9 12 3 0
9 12 4 0
9 13 0 0
9 13 1 0
9 13 2 0
9 13 3 0
9 13 4 0
9 14 0 3560
9 14 1 3560
9 14 2 3560
9 14 3 0
9 14 4 0
9 15 0 3477
9 15 1 3477
9 15 2 0
9 15 3 0
9 15 4 0
9 16 0 4216
9 16 1 4216
9 16 2 0
9 16 3 0
9 16 4 0
9 17 0 3561
9 17 1 3561
9 17 2 3561
9 17 3 0
9 17 4 0
9 18 0 0
9 18 1 0
9 18 2 0
9 18 3 0
9 18 4 0
9 19 0 0
9 19 1 0
9 19 2 0
9 19 3 0
9 19 4 0
9 20 0 3769
9 20 1 3769
9 20 2 3769
9 20 3 0
9 20 4 0
9 21 0 0
9 21 1 0
9 21 2 0
9 21 3 0
9 21 4 0
9 22 0 3121
9 22 1 3121
9 22 2 0
9 22 3 0
9 22 4 0
9 23 0 0
9 23 1 0
9 23 2 0
9 23 3 0
9 23 4 0
9 24 0 0
9 24 1 0
9 24 2 0
9 24 3 0
9 24 4 0
9 25 0 0
9 25 1 0
9 25 2 0
9 25 3 0
9 25 4 0
9 26 0 0
9 26 1 0
9 26 2 0
9 26 3 0
9 26 4 0
9 27 0 0
9 27 1 0
9 27 2 0
9 27 3 0
9 27 4 0
9 28 0 0
9 28 1 0
9 28 2 0
9 28 3 0
9 28 4 0
9 29 0 0
9 29 1 0
9 29 2 0
9 29 3 0
9 29 4 0
10 0 0 4493
10 0 1 4493
10 0 2 0
10 0 3 0
10 0 4 0
10 1 0 0
10 1 1 0
10 1 2 0
10 1 3 0
10 1 4 0
10 2 0 0
10 2 1 0
10 2 2 0
10 2 3 0
10 2 4 0
10 3 0 0
10 3 1 0
10 3 2 0
10 3 3 0
10 3 4 0
10 4 0 4415
10 4 1 4415
10 4 2 0
10 4 3 0
10 4 4 0
10 5 0 0
10 5 1 0
10 5 2 0
10 5 3 0
10 5 4 0
10 6 0 0
10 6 1 0
10 6 2 0
10 6 3 0
10 6 4 0
10 7 0 0
10 7 1 0
10 7 2 0
10 7 3 0
10 7 4 0
10 8 0 3431
10 8 1 3431
10 8 2 0
10 8 3 0
10 8 4 0
10 9 0 3422
10 9 1 3422
10 9 2 0
10 9 3 0
10 9 4 0
10 11 0 0
10 11 1 0
10 11 2 0
10 11 3 0
10 11 4 0
10 12 0 4930
10 12 1 4930
10 12 2 4930
10 12 3 0
10 12 4 0
10 13 0 0
10 13 1 0
10 13 2 0
10 13 3 0
10 13 4 0
10 14 0 3596
10 14 1 3596
10 14 2 3596
10 14 3 0
10 14 4 0
10 15 0 0
10 15 1 0
10 15 2 0
10 15 3 0
10 15 4 0
10 16 0 0
10 16 1 0
10 16 2 0
10 16 3 0
10 16 4 0
10 17 0 3429
10 17 1 3429
10 17 2 3429
10 17 3 0
10 17 4 0
10 18 0 0
10 18 1 0
10 18 2 0
10 18 3 0
10 18 4 0
10 19 0 4570
10 19 1 4570
10 19 2 0
10 19 3 0
10 19 4 0
10 20 0 0
10 20 1 0
10 20 2 0
10 20 3 0
10 20 4 0
10 21 0 0
10 21 1 0
10 21 2 0
10 21 3 0
10 21 4 0
10 22 0 0
10 22 1 0
10 22 2 0
10 22 3 0
10 22 4 0
10 23 0 0
10 23 1 0
10 23 2 0
10 23 3 0
10 23 4 0
10 24 0 0
10 24 1 0
10 24 2 0
10 24 3 0
10 24 4 0
10 25 0 0
10 25 1 0
10 25 2 0
10 25 3 0
10 25 4 0
10 26 0 0
10 26 1 0
10 26 2 0
10 26 3 0
10 26 4 0
10 27 0 0
10 27 1 0
10 27 2 0
10 27 3 0
10 27 4 0
10 28 0 0
10 28 1 0
10 28 2 0
10 28 3 0
10 28 4 0
10 29 0 0
10 29 1 0
10 29 2 0
10 29 3 0
10 29 4 0
11 0 0 3371
11 0 1 3371
11 0 2 0
11 0 3 0
11 0 4 0
11 1 0 0
11 1 1 0
11 1 2 0
11 1 3 0
11 1 4 0
11 2 0 0
11 2 1 0
11 2 2 0
11 2 3 0
11 2 4 0
11 3 0 0
11 3 1 0
11 3 2 0
11 3 3 0
11 3 4 0
11 4 0 3348
11 4 1 3348
11 4 2 0
11 4 3 0
11 4 4 0
11 5 0 0
11 5 1 0
11 5 2 0
11 5 3 0
11 5 4 0
11 6 0 0
11 6 1 0
11 6 2 0
11 6 3 0
11 6 4 0
11 7 0 3704
11 7 1 3704
11 7 2 0
11 7 3 0
11 7 4 0
11 8 0 3391
11 8 1 3391
11 8 2 3391
11 8 3 0
11 8 4 0
11 9 0 0
11 9 1 0
11 9 2 0
11 9 3 0
11 9 4 0
11 10 0 0
11 10 1 0
11 10 2 0
11 10 3 0
11 10 4 0
11 12 0 0
11 12 1 0
11 12 2 0
11 12 3 0
11 12 4 0
11 13 0 0
11 13 1 0
11 13 2 0
11 13 3 0
11 13 4 0
11 14 0 0
11 14 1 0
11 14 2 0
11 14 3 0
11 14 4 0
11 15 0 0
11 15 1 0
11 15 2 0
11 15 3 0
11 15 4 0
11 16 0 0
11 16 1 0
11 16 2 0
11 16 3 0
11 16 4 0
11 17 0 0
11 17 1 0
11 17 2 0
11 17 3 0
11 17 4 0
11 18 0 0
11 18 1 0
11 18 2 0
11 18 3 0
11 18 4 0
11 19 0 0
11 19 1 0
11 19 2 0
11 19 3 0
11 19 4 0
11 20 0 0
11 20 1 0
11 20 2 0
11 20 3 0
11 20 4 0
11 21 0 0
11 21 1 0
11 21 2 0
11 21 3 0
11 21 4 0
11 22 0 4719
11 22 1 4719
11 22 2 4719
11 22 3 0
11 22 4 0
11 23 0 0
11 23 1 0
11 23 2 0
11 23 3 0
11 23 4 0
11 24 0 0
11 24 1 0
11 24 2 0
11 24 3 0
11 24 4 0
11 25 0 0
11 25 1 0
11 25 2 0
11 25 3 0
11 25 4 0
11 26 0 0
11 26 1 0
11 26 2 0
11 26 3 0
11 26 4 0
11 27 0 0
11 27 1 0
11 27 2 0
11 27 3 0
11 27 4 0
11 28 0 0
11 28 1 0
11 28 2 0
11 28 3 0
11 28 4 0
11 29 0 0
11 29 1 0
11 29 2 0
11 29 3 0
11 29 4 0
12 0 0 0
12 0 1 0
12 0 2 0
12 0 3 0
12 0 4 0
12 1 0 0
12 1 1 0
12 1 2 0
12 1 3 0
12 1 4 0
12 2 0 0
12 2 1 0
12 2 2 0
12 2 3 0
12 2 4 0
12 3 0 0
12 3 1 0
12 3 2 0
12 3 3 0
12 3 4 0
12 4 0 0
12 4 1 0
12 4 2 0
12 4 3 0
12 4 4 0
12 5 0 0
12 5 1 0
12 5 2 0
12 5 3 0
12 5 4 0
12 6 0 0
12 6 1 0
12 6 2 0
12 6 3 0
12 6 4 0
12 7 0 0
12 7 1 0
12 7 2 0
12 7 3 0
12 7 4 0
12 8 0 3768
12 8 1 3768
12 8 2 3768
12 8 3 0
12 8 4 0
12 9 0 0
12 9 1 0
12 9 2 0
12 9 3 0
12 9 4 0
12 10 0 0
12 10 1 0
12 10 2 0
12 10 3 0
12 10 4 0
12 11 0 0
12 11 1 0
12 11 2 0
12 11 3 0
12 11 4 0
12 13 0 0
12 13 1 0
12 13 2 0
12 13 3 0
12 13 4 0
12 14 0 0
12 14 1 0
12 14 2 0
12 14 3 0
12 14 4 0
12 15 0 3805
12 15 1 3805
12 15 2 0
12 15 3 0
12 15 4 0
12 16 0 0
12 16 1 0
12 16 2 0
12 16 3 0
12 16 4 0
12 17 0 3170
12 17 1 3170
12 17 2 3170
12 17 3 0
12 17 4 0
12 18 0 4822
12 18 1 4822
12 18 2 4822
12 18 3 0
12 18 4 0
12 19 0 0
12 19 1 0
12 19 2 0
12 19 3 0
12 19 4 0
12 20 0 0
12 20 1 0
12 20 2 0
12 20 3 0
12 20 4 0
12 21 0 0
12 21 1 0
12 21 2 0
12 21 3 0
12 21 4 0
12 22 0 0
12 22 1 0
12 22 2 0
12 22 3 0
12 22 4 0
12 23 0 3670
12 23 1 3670
12 23 2 0
12 23 3 0
12 23 4 0
12 24 0 3651
12 24 1 3651
12 24 2 3651
12 24 3 0
12 24 4 0
12 25 0 0
12 25 1 0
12 25 2 0
12 25 3 0
12 25 4 0
12 26 0 3173
12 26 1 3173
12 26 2 0
12 26 3 0
12 26 4 0
12 27 0 0
12 27 1 0
12 27 2 0
12 27 3 0
12 27 4 0
12 28 0 0
12 28 1 0
12 28 2 0
12 28 3 0
12 28 4 0
12 29 0 0
12 29 1 0
12 29 2 0
12 29 3 0
12 29 4 0
13 0 0 0
13 0 1 0
13 0 2 0
13 0 3 0
13 0 4 0
13 1 0 4019
13 1 1 4019
13 1 2 4019
13 1 3 0
13 1 4 0
13 2 0 0
13 2 1 0
13 2 2 0
13 2 3 0
13 2 4 0
13 3 0 3541
13 3 1 3541
13 3 2 3541
13 3 3 0
13 3 4 0
13 4 0 0
13 4 1 0
13 4 2 0
13 4 3 0
13 4 4 0
13 5 0 0
13 5 1 0
13 5 2 0
13 5 3 0
13 5 4 0
13 6 0 0
13 6 1 0
13 6 2 0
13 6 3 0
13 6 4 0
13 7 0 0
13 7 1 0
13 7 2 0
13 7 3 0
13 7 4 0
13 8 0 0
13 8 1 0
13 8 2 0
13 8 3 0
13 8 4 0
13 9 0 0
13 9 1 0
13 9 2 0
13 9 3 0
13 9 4 0
13 10 0 3874
13 10 1 3874
13 10 2 3874
13 10 3 0
13 10 4 0
13 11 0 0
13 11 1 0
13 11 2 0
13 11 3 0
13 11 4 0
13 12 0 0
13 12 1 0
13 12 2 0
13 12 3 0
13 12 4 0
13 14 0 3938
13 14 1 3938
13 14 2 0
13 14 3 0
13 14 4 0
13 15 0 0
13 15 1 0
13 15 2 0
13 15 3 0
13 15 4 0
13 16 0 0
13 16 1 0
13 16 2 0
13 16 3 0
13 16 4 0
13 17 0 0
13 17 1 0
13 17 2 0
13 17 3 0
13 17 4 0
13 18 0 0
13 18 1 0
13 18 2 0
13 18 3 0
13 18 4 0
13 19 0 0
13 19 1 0
13 19 2 0
13 19 3 0
13 19 4 0
13 20 0 0
13 20 1 0
13 20 2 0
13 20 3 0
13 20 4 0
13 21 0 0
13 21 1 0
13 21 2 0
13 21 3 0
13 21 4 0
13 22 0 0
13 22 1 0
13 22 2 0
13 22 3 0
13 22 4 0
13 23 0 0
13 23 1 0
13 23 2 0
13 23 3 0
13 23 4 0
13 24 0 0
13 24 1 0
13 24 2 0
13 24 3 0
13 24 4 0
13 25 0 3636
13 25 1 3636
13 25 2 3636
13 25 3 0
13 25 4 0
13 26 0 0
13 26 1 0
13 26 2 0
13 26 3 0
13 26 4 0
13 27 0 0
13 27 1 0
13 27 2 0
13 27 3 0
13 27 4 0
13 28 0 0
13 28 1 0
13 28 2 0
13 28 3 0
13 28 4 0
13 29 0 0
13 29 1 0
13 29 2 0
13 29 3 0
13 29 4 0
14 0 0 4327
14 0 1 4327
14 0 2 4327
14 0 3 0
14 0 4 0
14 1 0 4094
14 1 1 4094
14 1 2 4094
14 1 3 0
14 1 4 0
14 2 0 0
14 2 1 0
14 2 2 0
14 2 3 0
14 2 4 0
14 3 0 0
14 3 1 0
14 3 2 0
14 3 3 0
14 3 4 0
14 4 0 0
14 4 1 0
14 4 2 0
14 4 3 0
14 4 4 0
14 5 0 0
14 5 1 0
14 5 2 0
14 5 3 0
14 5 4 0
14 6 0 0
14 6 1 0
14 6 2 0
14 6 3 0
14 6 4 0
14 7 0 3118
14 7 1 3118
14 7 2 3118
14 7 3 0
14 7 4 0
14 8 0 0
14 8 1 0
14 8 2 0
14 8 3 0
14 8 4 0
14 9 0 0
14 9 1 0
14 9 2 0
14 9 3 0
14 9 4 0
14 10 0 3728
14 10 1 3728
14 10 2 0
14 10 3 0
14 10 4 0
14 11 0 0
14 11 1 0
14 11 2 0
14 11 3 0
14 11 4 0
14 12 0 3894
14 12 1 3894
14 12 2 0
14 12 3 0
14 12 4 0
14 13 0 3935
14 13 1 3935
14 13 2 0
14 13 3 0
14 13 4 0
14 15 0 0
14 15 1 0
14 15 2 0
14 15 3 0
14 15 4 0
14 16 0 0
14 16 1 0
14 16 2 0
14 16 3 0
14 16 4 0
14 17 0 0
14 17 1 0
14 17 2 0
14 17 3 0
14 17 4 0
14 18 0 0
14 18 1 0
14 18 2 0
14 18 3 0
14 18 4 0
14 19 0 0
14 19 1 0
14 19 2 0
14 19 3 0
14 19 4 0
14 20 0 0
14 20 1 0
14 20 2 0
14 20 3 0
14 20 4 0
14 21 0 0
14 21 1 0
14 21 2 0
14 21 3 0
14 21 4 0
14 22 0 0
14 22 1 0
14 22 2 0
14 22 3 0
14 22 4 0
14 23 0 4083
14 23 1 4083
14 23 2 4083
14 23 3 0
14 23 4 0
14 24 0 3333
14 24 1 3333
14 24 2 3333
14 24 3 0
14 24 4 0
14 25 0 3351
14 25 1 3351
14 25 2 0
14 25 3 0
14 25 4 0
14 26 0 0
14 26 1 0
14 26 2 0
14 26 3 0
14 26 4 0
14 27 0 0
14 27 1 0
14 27 2 0
14 27 3 0
14 27 4 0
14 28 0 0
14 28 1 0
14 28 2 0
14 28 3 0
14 28 4 0
14 29 0 3793
14 29 1 3793
14 29 2 0
14 29 3 0
14 29 4 0
15 0 0 0
15 0 1 0
15 0 2 0
15 0 3 0
15 0 4 0
15 1 0 0
15 1 1 0
15 1 2 0
15 1 3 0
15 1 4 0
15 2 0 0
15 2 1 0
15 2 2 0
15 2 3 0
15 2 4 0
15 3 0 0
15 3 1 0
15 3 2 0
15 3 3 0
15 3 4 0
15 4 0 0
15 4 1 0
15 4 2 0
15 4 3 0
15 4 4 0
15 5 0 0
15 5 1 0
15 5 2 0
15 5 3 0
15 5 4 0
15 6 0 0
15 6 1 0
15 6 2 0
15 6 3 0
15 6 4 0
15 7 0 0
15 7 1 0
15 7 2 0
15 7 3 0
15 7 4 0
15 8 0 0
15 8 1 0
15 8 2 0
15 8 3 0
15 8 4 0
15 9 0 3816
15 9 1 3816
15 9 2 3816
15 9 3 0
15 9 4 0
15 10 0 0
15 10 1 0
15 10 2 0
15 10 3 0
15 10 4 0
15 11 0 0
15 11 1 0
15 11 2 0
15 11 3 0
15 11 4 0
15 12 0 0
15 12 1 0
15 12 2 0
15 12 3 0
15 12 4 0
15 13 0 0
15 13 1 0
15 13 2 0
15 13 3 0
15 13 4 0
15 14 0 0
15 14 1 0
15 14 2 0
15 14 3 0
15 14 4 0
15 16 0 0
15 16 1 0
15 16 2 0
15 16 3 0
15 16 4 0
15 17 0 0
15 17 1 0
15 17 2 0
15 17 3 0
15 17 4 0
15 18 0 4781
15 18 1 4781
15 18 2 4781
15 18 3 0
15 18 4 0
15 19 0 0
15 19 1 0
15 19 2 0
15 19 3 0
15 19 4 0
15 20 0 0
15 20 1 0
15 20 2 0
15 20 3 0
15 20 4 0
15 21 0 0
15 21 1 0
15 21 2 0
15 21 3 0
15 21 4 0
15 22 0 0
15 22 1 0
15 22 2 0
15 22 3 0
15 22 4 0
15 23 0 0
15 23 1 0
15 23 2 0
15 23 3 0
15 23 4 0
15 24 0 0
15 24 1 0
15 24 2 0
15 24 3 0
15 24 4 0
15 25 0 3276
15 25 1 3276
15 25 2 3276
15 25 3 0
15 25 4 0
15 26 0 0
15 26 1 0
15 26 2 0
15 26 3 0
15 26 4 0
15 27 0 0
15 27 1 0
15 27 2 0
15 27 3 0
15 27 4 0
15 28 0 0
15 28 1 0
15 28 2 0
15 28 3 0
15 28 4 0
15 29 0 4888
15 29 1 4888
15 29 2 0
15 29 3 0
15 29 4 0
16 0 0 0
16 0 1 0
16 0 2 0
16 0 3 0
16 0 4 0
16 1 0 3273
16 1 1 3273
16 1 2 0
16 1 3 0
16 1 4 0
16 2 0 4683
16 2 1 4683
16 2 2 4683
16 2 3 0
16 2 4 0
16 3 0 0
16 3 1 0
16 3 2 0
16 3 3 0
16 3 4 0
16 4 0 0
16 4 1 0
16 4 2 0
16 4 3 0
16 4 4 0
16 5 0 3103
16 5 1 3103
16 5 2 3103
16 5 3 0
16 5 4 0
16 6 0 4785
16 6 1 4785
16 6 2 0
16 6 3 0
16 6 4 0
16 7 0 0
16 7 1 0
16 7 2 0
16 7 3 0
16 7 4 0
16 8 0 0
16 8 1 0
16 8 2 0
16 8 3 0
16 8 4 0
16 9 0 3203
16 9 1 3203
16 9 2 0
16 9 3 0
16 9 4 0
16 10 0 0
16 10 1 0
16 10 2 0
16 10 3 0
16 10 4 0
16 11 0 4400
16 11 1 4400
16 11 2 0
16 11 3 0
16 11 4 0
16 12 0 0
16 12 1 0
16 12 2 0
16 12 3 0
16 12 4 0
16 13 0 0
16 13 1 0
16 13 2 0
16 13 3 0
16 13 4 0
16 14 0 4622
16 14 1 4622
16 14 2 4622
16 14 3 0
16 14 4 0
16 15 0 0
16 15 1 0
16 15 2 0
16 15 3 0
16 15 4 0
16 17 0 0
16 17 1 0
16 17 2 0
16 17 3 0
16 17 4 0
16 18 0 0
16 18 1 0
16 18 2 0
16 18 3 0
16 18 4 0
16 19 0 0
16 19 1 0
16 19 2 0
16 19 3 0
16 19 4 0
16 20 0 0
16 20 1 0
16 20 2 0
16 20 3 0
16 20 4 0
16 21 0 0
16 21 1 0
16 21 2 0
16 21 3 0
16 21 4 0
16 22 0 0
16 22 1 0
16 22 2 0
16 22 3 0
16 22 4 0
16 23 0 3289
16 23 1 3289
16 23 2 0
16 23 3 0
16 23 4 0
16 24 0 0
16 24 1 0
16 24 2 0
16 24 3 0
16 24 4 0
16 25 0 0
16 25 1 0
16 25 2 0
16 25 3 0
16 25 4 0
16 26 0 0
16 26 1 0
16 26 2 0
16 26 3 0
16 26 4 0
16 27 0 0
16 27 1 0
16 27 2 0
16 27 3 0
16 27 4 0
16 28 0 0
16 28 1 0
16 28 2 0
16 28 3 0
16 28 4 0
16 29 0 4625
16 29 1 4625
16 29 2 4625
16 29 3 0
16 29 4 0
17 0 0 0
17 0 1 0
17 0 2 0
17 0 3 0
17 0 4 0
17 1 0 4440
17 1 1 4440
17 1 2 4440
17 1 3 0
17 1 4 0
17 2 0 0
17 2 1 0
17 2 2 0
17 2 3 0
17 2 4 0
17 3 0 0
17 3 1 0
17 3 2 0
17 3 3 0
17 3 4 0
17 4 0 0
17 4 1 0
17 4 2 0
17 4 3 0
17 4 4 0
17 5 0 0
17 5 1 0
17 5 2 0
17 5 3 0
17 5 4 0
17 6 0 0
17 6 1 0
17 6 2 0
17 6 3 0
17 6 4 0
17 7 0 4611
17 7 1 4611
17 7 2 0
17 7 3 0
17 7 4 0
17 8 0 4854
17 8 1 4854
17 8 2 4854
17 8 3 0
17 8 4 0
17 9 0 3075
17 9 1 3075
17 9 2 3075
17 9 3 0
17 9 4 0
17 10 0 4591
17 10 1 4591
17 10 2 4591
17 10 3 0
17 10 4 0
17 11 0 0
17 11 1 0
17 11 2 0
17 11 3 0
17 11 4 0
17 12 0 0
17 12 1 0
17 12 2 0
17 12 3 0
17 12 4 0
17 13 0 0
17 13 1 0
17 13 2 0
17 13 3 0
17 13 4 0
17 14 0 0
17 14 1 0
17 14 2 0
17 14 3 0
17 14 4 0
17 15 0 3586
17 15 1 3586
17 15 2 3586
17 15 3 0
17 15 4 0
17 16 0 0
17 16 1 0
17 16 2 0
17 16 3 0
17 16 4 0
17 18 0 4842
17 18 1 4842
17 18 2 4842
17 18 3 0
17 18 4 0
17 19 0 0
17 19 1 0
17 19 2 0
17 19 3 0
17 19 4 0
17 20 0 0
17 20 1 0
17 20 2 0
17 20 3 0
17 20 4 0
17 21 0 4423
17 21 1 4423
17 21 2 0
17 21 3 0
17 21 4 0
17 22 0 0
17 22 1 0
17 22 2 0
17 22 3 0
17 22 4 0
17 23 0 0
17 23 1 0
17 23 2 0
17 23 3 0
17 23 4 0
17 24 0 3139
17 24 1 3139
17 24 2 0
17 24 3 0
17 24 4 0
17 25 0 0
17 25 1 0
17 25 2 0
17 25 3 0
17 25 4 0
17 26 0 0
17 26 1 0
17 26 2 0
17 26 3 0
17 26 4 0
17 27 0 0
17 27 1 0
17 27 2 0
17 27 3 0
17 27 4 0
17 28 0 3118
17 28 1 3118
17 28 2 3118
17 28 3 0
17 28 4 0
17 29 0 0
17 29 1 0
17 29 2 0
17 29 3 0
17 29 4 0
18 0 0 0
18 0 1 0
18 0 2 0
18 0 3 0
18 0 4 0
18 1 0 0
18 1 1 0
18 1 2 0
18 1 3 0
18 1 4 0
18 2 0 4560
18 2 1 4560
18 2 2 4560
18 2 3 0
18 2 4 0
18 3 0 0
18 3 1 0
18 3 2 0
18 3 3 0
18 3 4 0
18 4 0 0
18 4 1 0
18 4 2 0
18 4 3 0
18 4 4 0
18 5 0 0
18 5 1 0
18 5 2 0
18 5 3 0
18 5 4 0
18 6 0 3102
18 6 1 3102
18 6 2 0
18 6 3 0
18 6 4 0
18 7 0 0
18 7 1 0
18 7 2 0
18 7 3 0
18 7 4 0
18 8 0 0
18 8 1 0
18 8 2 0
18 8 3 0
18 8 4 0
18 9 0 0
18 9 1 0
18 9 2 0
18 9 3 0
18 9 4 0
18 10 0 3649
18 10 1 3649
18 10 2 0
18 10 3 0
18 10 4 0
18 11 0 3139
18 11 1 3139
18 11 2 3139
18 11 3 0
18 11 4 0
18 12 0 0
18 12 1 0
18 12 2 0
18 12 3 0
18 12 4 0
18 13 0 0
18 13 1 0
18 13 2 0
18 13 3 0
18 13 4 0
18 14 0 3655
18 14 1 3655
18 14 2 3655
18 14 3 0
18 14 4 0
18 15 0 4219
18 15 1 4219
18 15 2 0
18 15 3 0
18 15 4 0
18 16 0 0
18 16 1 0
18 16 2 0
18 16 3 0
18 16 4 0
18 17 0 3341
18 17 1 3341
18 17 2 3341
18 17 3 0
18 17 4 0
18 19 0 4829
18 19 1 4829
18 19 2 0
18 19 3 0
18 19 4 0
18 20 0 0
18 20 1 0
18 20 2 0
18 20 3 0
18 20 4 0
18 21 0 0
18 21 1 0
18 21 2 0
18 21 3 0
18 21 4 0
18 22 0 0
18 22 1 0
18 22 2 0
18 22 3 0
18 22 4 0
18 23 0 0
18 23 1 0
18 23 2 0
18 23 3 0
18 23 4 0
18 24 0 0
18 24 1 0
18 24 2 0
18 24 3 0
18 24 4 0
18 25 0 0
18 25 1 0
18 25 2 0
18 25 3 0
18 25 4 0
18 26 0 0
18 26 1 0
18 26 2 0
18 26 3 0
18 26 4 0
18 27 0 0
18 27 1 0
18 27 2 0
18 27 3 0
18 27 4 0
18 28 0 0
18 28 1 0
18 28 2 0
18 28 3 0
18 28 4 0
18 29 0 0
18 29 1 0
18 29 2 0
18 29 3 0
18 29 4 0
19 0 0 0
19 0 1 0
19 0 2 0
19 0 3 0
19 0 4 0
19 1 0 0
19 1 1 0
19 1 2 0
19 1 3 0
19 1 4 0
19 2 0 0
19 2 1 0
19 2 2 0
19 2 3 0
19 2 4 0
19 3 0 0
19 3 1 0
19 3 2 0
19 3 3 0
19 3 4 0
19 4 0 0
19 4 1 0
19 4 2 0
19 4 3 0
19 4 4 0
19 5 0 0
19 5 1 0
19 5 2 0
19 5 3 0
19 5 4 0
19 6 0 0
19 6 1 0
19 6 2 0
19 6 3 0
19 6 4 0
19 7 0 0
19 7 1 0
19 7 2 0
19 7 3 0
19 7 4 0
19 8 0 0
19 8 1 0
19 8 2 0
19 8 3 0
19 8 4 0
19 9 0 0
19 9 1 0
19 9 2 0
19 9 3 0
19 9 4 0
19 10 0 0
19 10 1 0
19 10 2 0
19 10 3 0
19 10 4 0
19 11 0 4240
19 11 1 4240
19 11 2 0
19 11 3 0
19 11 4 0
19 12 0 0
19 12 1 0
19 12 2 0
19 12 3 0
19 12 4 0
19 13 0 0
19 13 1 0
19 13 2 0
19 13 3 0
19 13 4 0
19 14 0 3724
19 14 1 3724
19 14 2 3724
19 14 3 0
19 14 4 0
19 15 0 0
19 15 1 0
19 15 2 0
19 15 3 0
19 15 4 0
19 16 0 0
19 16 1 0
19 16 2 0
19 16 3 0
19 16 4 0
19 17 0 4012
19 17 1 4012
19 17 2 4012
19 17 3 0
19 17 4 0
19 18 0 0
19 18 1 0
19 18 2 0
19 18 3 0
19 18 4 0
19 20 0 0
19 20 1 0
19 20 2 0
19 20 3 0
19 20 4 0
19 21 0 0
19 21 1 0
19 21 2 0
19 21 3 0
19 21 4 0
19 22 0 3789
19 22 1 3789
19 22 2 0
19 22 3 0
19 22 4 0
19 23 0 0
19 23 1 0
19 23 2 0
19 23 3 0
19 23 4 0
19 24 0 3694
19 24 1 3694
19 24 2 0
19 24 3 0
19 24 4 0
19 25 0 0
19 25 1 0
19 25 2 0
19 25 3 0
19 25 4 0
19 26 0 0
19 26 1 0
19 26 2 0
19 26 3 0
19 26 4 0
19 27 0 0
19 27 1 0
19 27 2 0
19 27 3 0
19 27 4 0
19 28 0 0
19 28 1 0
19 28 2 0
19 28 3 0
19 28 4 0
19 29 0 4249
19 29 1 4249
19 29 2 4249
19 29 3 0
19 29 4 0
20 0 0 0
20 0 1 0
20 0 2 0
20 0 3 0
20 0 4 0
20 1 0 3395
20 1 1 3395
20 1 2 3395
20 1 3 0
20 1 4 0
20 2 0 0
20 2 1 0
20 2 2 0
20 2 3 0
20 2 4 0
20 3 0 0
20 3 1 0
20 3 2 0
20 3 3 0
20 3 4 0
20 4 0 0
20 4 1 0
20 4 2 0
20 4 3 0
20 4 4 0
20 5 0 0
20 5 1 0
20 5 2 0
20 5 3 0
20 5 4 0
20 6 0 4146
20 6 1 4146
20 6 2 4146
20 6 3 0
20 6 4 0
20 7 0 0
20 7 1 0
20 7 2 0
20 7 3 0
20 7 4 0
20 8 0 3161
20 8 1 3161
20 8 2 0
20 8 3 0
20 8 4 0
20 9 0 4996
20 9 1 4996
20 9 2 0
20 9 3 0
20 9 4 0
20 10 0 0
20 10 1 0
20 10 2 0
20 10 3 0
20 10 4 0
20 11 0 4359
20 11 1 4359
20 11 2 0
20 11 3 0
20 11 4 0
20 12 0 3936
20 12 1 3936
20 12 2 3936
20 12 3 0
20 12 4 0
20 13 0 0
20 13 1 0
20 13 2 0
20 13 3 0
20 13 4 0
20 14 0 0
20 14 1 0
20 14 2 0
20 14 3 0
20 14 4 0
20 15 0 0
20 15 1 0
20 15 2 0
20 15 3 0
20 15 4 0
20 16 0 3292
20 16 1 3292
20 16 2 0
20 16 3 0
20 16 4 0
20 17 0 0
20 17 1 0
20 17 2 0
20 17 3 0
20 17 4 0
20 18 0 0
20 18 1 0
20 18 2 0
20 18 3 0
20 18 4 0
20 19 0 0
20 19 1 0
20 19 2 0
20 19 3 0
20 19 4 0
20 21 0 0
20 21 1 0
20 21 2 0
20 21 3 0
20 21 4 0
20 22 0 3660
20 22 1 3660
20 22 2 0
20 22 3 0
20 22 4 0
20 23 0 4747
20 23 1 4747
20 23 2 4747
20 23 3 0
20 23 4 0
20 24 0 3904
20 24 1 3904
20 24 2 0
20 24 3 0
20 24 4 0
20 25 0 0
20 25 1 0
20 25 2 0
20 25 3 0
20 25 4 0
20 26 0 4692
20 26 1 4692
20 26 2 4692
20 26 3 0
20 26 4 0
20 27 0 0
20 27 1 0
20 27 2 0
20 27 3 0
20 27 4 0
20 28 0 0
20 28 1 0
20 28 2 0
20 28 3 0
20 28 4 0
20 29 0 0
20 29 1 0
20 29 2 0
20 29 3 0
20 29 4 0
21 0 0 0
21 0 1 0
21 0 2 0
21 0 3 0
21 0 4 0
21 1 0 3664
21 1 1 3664
21 1 2 3664
21 1 3 0
21 1 4 0
21 2 0 0
21 2 1 0
21 2 2 0
21 2 3 0
21 2 4 0
21 3 0 0
21 3 1 0
21 3 2 0
21 3 3 0
21 3 4 0
21 4 0 0
21 4 1 0
21 4 2 0
21 4 3 0
21 4 4 0
21 5 0 0
21 5 1 0
21 5 2 0
21 5 3 0
21 5 4 0
21 6 0 0
21 6 1 0
21 6 2 0
21 6 3 0
21 6 4 0
21 7 0 0
21 7 1 0
21 7 2 0
21 7 3 0
21 7 4 0
21 8 0 0
21 8 1 0
21 8 2 0
21 8 3 0
21 8 4 0
21 9 0 0
21 9 1 0
21 9 2 0
21 9 3 0
21 9 4 0
21 10 0 4301
21 10 1 4301
21 10 2 4301
21 10 3 0
21 10 4 0
21 11 0 0
21 11 1 0
21 11 2 0
21 11 3 0
21 11 4 0
21 12 0 0
21 12 1 0
21 12 2 0
21 12 3 0
21 12 4 0
21 13 0 0
21 13 1 0
21 13 2 0
21 13 3 0
21 13 4 0
21 14 0 3721
21 14 1 3721
21 14 2 3721
21 14 3 0
21 14 4 0
21 15 0 0
21 15 1 0
21 15 2 0
21 15 3 0
21 15 4 0
21 16 0 0
21 16 1 0
21 16 2 0
21 16 3 0
21 16 4 0
21 17 0 0
21 17 1 0
21 17 2 0
21 17 3 0
21 17 4 0
21 18 0 3230
21 18 1 3230
21 18 2 0
21 18 3 0
21 18 4 0
21 19 0 4894
21 19 1 4894
21 19 2 4894
21 19 3 0
21 19 4 0
21 20 0 0
21 20 1 0
21 20 2 0
21 20 3 0
21 20 4 0
21 22 0 0
21 22 1 0
21 22 2 0
21 22 3 0
21 22 4 0
21 23 0 0
21 23 1 0
21 23 2 0
21 23 3 0
21 23 4 0
21 24 0 0
21 24 1 0
21 24 2 0
21 24 3 0
21 24 4 0
21 25 0 0
21 25 1 0
21 25 2 0
21 25 3 0
21 25 4 0
21 26 0 0
21 26 1 0
21 26 2 0
21 26 3 0
21 26 4 0
21 27 0 0
21 27 1 0
21 27 2 0
21 27 3 0
21 27 4 0
21 28 0 4705
21 28 1 4705
21 28 2 0
21 28 3 0
21 28 4 0
21 29 0 4992
21 29 1 4992
21 29 2 4992
21 29 3 0
21 29 4 0
22 0 0 4597
22 0 1 4597
22 0 2 0
22 0 3 0
22 0 4 0
22 1 0 0
22 1 1 0
22 1 2 0
22 1 3 0
22 1 4 0
22 2 0 0
22 2 1 0
22 2 2 0
22 2 3 0
22 2 4 0
22 3 0 4532
22 3 1 4532
22 3 2 0
22 3 3 0
22 3 4 0
22 4 0 0
22 4 1 0
22 4 2 0
22 4 3 0
22 4 4 0
22 5 0 0
22 5 1 0
22 5 2 0
22 5 3 0
22 5 4 0
22 6 0 0
22 6 1 0
22 6 2 0
22 6 3 0
22 6 4 0
22 7 0 3941
22 7 1 3941
22 7 2 3941
22 7 3 0
22 7 4 0
22 8 0 0
22 8 1 0
22 8 2 0
22 8 3 0
22 8 4 0
22 9 0 0
22 9 1 0
22 9 2 0
22 9 3 0
22 9 4 0
22 10 0 0
22 10 1 0
22 10 2 0
22 10 3 0
22 10 4 0
22 11 0 0
22 11 1 0
22 11 2 0
22 11 3 0
22 11 4 0
22 12 0 0
22 12 1 0
22 12 2 0
22 12 3 0
22 12 4 0
22 13 0 0
22 13 1 0
22 13 2 0
22 13 3 0
22 13 4 0
22 14 0 0
22 14 1 0
22 14 2 0
22 14 3 0
22 14 4 0
22 15 0 3584
22 15 1 3584
22 15 2 0
22 15 3 0
22 15 4 0
22 16 0 3909
22 16 1 3909
22 16 2 0
22 16 3 0
22 16 4 0
22 17 0 0
22 17 1 0
22 17 2 0
22 17 3 0
22 17 4 0
22 18 0 0
22 18 1 0
22 18 2 0
22 18 3 0
22 18 4 0
22 19 0 0
22 19 1 0
22 19 2 0
22 19 3 0
22 19 4 0
22 20 0 0
22 20 1 0
22 20 2 0
22 20 3 0
22 20 4 0
22 21 0 4495
22 21 1 4495
22 21 2 4495
22 21 3 0
22 21 4 0
22 23 0 0
22 23 1 0
22 23 2 0
22 23 3 0
22 23 4 0
22 24 0 0
22 24 1 0
22 24 2 0
22 24 3 0
22 24 4 0
22 25 0 0
22 25 1 0
22 25 2 0
22 25 3 0
22 25 4 0
22 26 0 0
22 26 1 0
22 26 2 0
22 26 3 0
22 26 4 0
22 27 0 0
22 27 1 0
22 27 2 0
22 27 3 0
22 27 4 0
22 28 0 4461
22 28 1 4461
22 28 2 0
22 28 3 0
22 28 4 0
22 29 0 0
22 29 1 0
22 29 2 0
22 29 3 0
22 29 4 0
23 0 0 0
23 0 1 0
23 0 2 0
23 0 3 0
23 0 4 0
23 1 0 0
23 1 1 0
23 1 2 0
23 1 3 0
23 1 4 0
23 2 0 0
23 2 1 0
23 2 2 0
23 2 3 0
23 2 4 0
23 3 0 3192
23 3 1 3192
23 3 2 0
23 3 3 0
23 3 4 0
23 4 0 0
23 4 1 0
23 4 2 0
23 4 3 0
23 4 4 0
23 5 0 0
23 5 1 0
23 5 2 0
23 5 3 0
23 5 4 0
23 6 0 4084
23 6 1 4084
23 6 2 4084
23 6 3 0
23 6 4 0
23 7 0 0
23 7 1 0
23 7 2 0
23 7 3 0
23 7 4 0
23 8 0 3923
23 8 1 3923
23 8 2 3923
23 8 3 0
23 8 4 0
23 9 0 4589
23 9 1 4589
23 9 2 0
23 9 3 0
23 9 4 0
23 10 0 0
23 10 1 0
23 10 2 0
23 10 3 0
23 10 4 0
23 11 0 4969
23 11 1 4969
23 11 2 0
23 11 3 0
23 11 4 0
23 12 0 3288
23 12 1 3288
23 12 2 0
23 12 3 0
23 12 4 0
23 13 0 3966
23 13 1 3966
23 13 2 3966
23 13 3 0
23 13 4 0
23 14 0 0
23 14 1 0
23 14 2 0
23 14 3 0
23 14 4 0
23 15 0 0
23 15 1 0
23 15 2 0
23 15 3 0
23 15 4 0
23 16 0 0
23 16 1 0
23 16 2 0
23 16 3 0
23 16 4 0
23 17 0 0
23 17 1 0
23 17 2 0
23 17 3 0
23 17 4 0
23 18 0 3569
23 18 1 3569
23 18 2 3569
23 18 3 0
23 18 4 0
23 19 0 0
23 19 1 0
23 19 2 0
23 19 3 0
23 19 4 0
23 20 0 0
23 20 1 0
23 20 2 0
23 20 3 0
23 20 4 0
23 21 0 3361
23 21 1 3361
23 21 2 3361
23 21 3 0
23 21 4 0
23 22 0 0
23 22 1 0
23 22 2 0
23 22 3 0
23 22 4 0
23 24 0 0
23 24 1 0
23 24 2 0
23 24 3 0
23 24 4 0
23 25 0 0
23 25 1 0
23 25 2 0
23 25 3 0
23 25 4 0
23 26 0 0
23 26 1 0
23 26 2 0
23 26 3 0
23 26 4 0
23 27 0 0
23 27 1 0
23 27 2 0
23 27 3 0
23 27 4 0
23 28 0 0
23 28 1 0
23 28 2 0
23 28 3 0
23 28 4 0
23 29 0 0
23 29 1 0
23 29 2 0
23 29 3 0
23 29 4 0
24 0 0 0
24 0 1 0
24 0 2 0
24 0 3 0
24 0 4 0
24 1 0 0
24 1 1 0
24 1 2 0
24 1 3 0
24 1 4 0
24 2 0 4408
24 2 1 4408
24 2 2 4408
24 2 3 0
24 2 4 0
24 3 0 0
24 3 1 0
24 3 2 0
24 3 3 0
24 3 4 0
24 4 0 0
24 4 1 0
24 4 2 0
24 4 3 0
24 4 4 0
24 5 0 0
24 5 1 0
24 5 2 0
24 5 3 0
24 5 4 0
24 6 0 0
24 6 1 0
24 6 2 0
24 6 3 0
24 6 4 0
24 7 0 3687
24 7 1 3687
24 7 2 0
24 7 3 0
24 7 4 0
24 8 0 4431
24 8 1 4431
24 8 2 0
24 8 3 0
24 8 4 0
24 9 0 3430
24 9 1 3430
24 9 2 0
24 9 3 0
24 9 4 0
24 10 0 0
24 10 1 0
24 10 2 0
24 10 3 0
24 10 4 0
24 11 0 0
24 11 1 0
24 11 2 0
24 11 3 0
24 11 4 0
24 12 0 0
24 12 1 0
24 12 2 0
24 12 3 0
24 12 4 0
24 13 0 3431
24 13 1 3431
24 13 2 0
24 13 3 0
24 13 4 0
24 14 0 0
24 14 1 0
24 14 2 0
24 14 3 0
24 14 4 0
24 15 0 3456
24 15 1 3456
24 15 2 3456
24 15 3 0
24 15 4 0
24 16 0 4495
24 16 1 4495
24 16 2 4495
24 16 3 0
24 16 4 0
24 17 0 0
24 17 1 0
24 17 2 0
24 17 3 0
24 17 4 0
24 18 0 0
24 18 1 0
24 18 2 0
24 18 3 0
24 18 4 0
24 19 0 0
24 19 1 0
24 19 2 0
24 19 3 0
24 19 4 0
24 20 0 3973
24 20 1 3973
24 20 2 3973
24 20 3 0
24 20 4 0
24 21 0 3324
24 21 1 3324
24 21 2 0
24 21 3 0
24 21 4 0
24 22 0 3247
24 22 1 3247
24 22 2 3247
24 22 3 0
24 22 4 0
24 23 0 0
24 23 1 0
24 23 2 0
24 23 3 0
24 23 4 0
24 25 0 0
24 25 1 0
24 25 2 0
24 25 3 0
24 25 4 0
24 26 0 0
24 26 1 0
24 26 2 0
24 26 3 0
24 26 4 0
24 27 0 0
24 27 1 0
24 27 2 0
24 27 3 0
24 27 4 0
24 28 0 3262
24 28 1 3262
24 28 2 0
24 28 3 0
24 28 4 0
24 29 0 0
24 29 1 0
24 29 2 0
24 29 3 0
24 29 4 0
25 0 0 4673
25 0 1 4673
25 0 2 4673
25 0 3 0
25 0 4 0
25 1 0 0
25 1 1 0
25 1 2 0
25 1 3 0
25 1 4 0
25 2 0 0
25 2 1 0
25 2 2 0
25 2 3 0
25 2 4 0
25 3 0 3978
25 3 1 3978
25 3 2 0
25 3 3 0
25 3 4 0
25 4 0 0
25 4 1 0
25 4 2 0
25 4 3 0
25 4 4 0
25 5 0 3962
25 5 1 3962
25 5 2 0
25 5 3 0
25 5 4 0
25 6 0 3596
25 6 1 3596
25 6 2 3596
25 6 3 0
25 6 4 0
25 7 0 4750
25 7 1 4750
25 7 2 4750
25 7 3 0
25 7 4 0
25 8 0 0
25 8 1 0
25 8 2 0
25 8 3 0
25 8 4 0
25 9 0 0
25 9 1 0
25 9 2 0
25 9 3 0
25 9 4 0
25 10 0 0
25 10 1 0
25 10 2 0
25 10 3 0
25 10 4 0
25 11 0 3061
25 11 1 3061
25 11 2 3061
25 11 3 0
25 11 4 0
25 12 0 4966
25 12 1 4966
25 12 2 0
25 12 3 0
25 12 4 0
25 13 0 0
25 13 1 0
25 13 2 0
25 13 3 0
25 13 4 0
25 14 0 0
25 14 1 0
25 14 2 0
25 14 3 0
25 14 4 0
25 15 0 0
25 15 1 0
25 15 2 0
25 15 3 0
25 15 4 0
25 16 0 0
25 16 1 0
25 16 2 0
25 16 3 0
25 16 4 0
25 17 0 0
25 17 1 0
25 17 2 0
25 17 3 0
25 17 4 0
25 18 0 0
25 18 1 0
25 18 2 0
25 18 3 0
25 18 4 0
25 19 0 3660
25 19 1 3660
25 19 2 0
25 19 3 0
25 19 4 0
25 20 0 4244
25 20 1 4244
25 20 2 0
25 20 3 0
25 20 4 0
25 21 0 3100
25 21 1 3100
25 21 2 3100
25 21 3 0
25 21 4 0
25 22 0 0
25 22 1 0
25 22 2 0
25 22 3 0
25 22 4 0
25 23 0 0
25 23 1 0
25 23 2 0
25 23 3 0
25 23 4 0
25 24 0 4152
25 24 1 4152
25 24 2 0
25 24 3 0
25 24 4 0
25 26 0 4860
25 26 1 4860
25 26 2 0
25 26 3 0
25 26 4 0
25 27 0 0
25 27 1 0
25 27 2 0
25 27 3 0
25 27 4 0
25 28 0 0
25 28 1 0
25 28 2 0
25 28 3 0
25 28 4 0
25 29 0 3116
25 29 1 3116
25 29 2 3116
25 29 3 0
25 29 4 0
26 0 0 0
26 0 1 0
26 0 2 0
26 0 3 0
26 0 4 0
26 1 0 0
26 1 1 0
26 1 2 0
26 1 3 0
26 1 4 0
26 2 0 3595
26 2 1 3595
26 2 2 3595
26 2 3 0
26 2 4 0
26 3 0 0
26 3 1 0
26 3 2 0
26 3 3 0
26 3 4 0
26 4 0 0
26 4 1 0
26 4 2 0
26 4 3 0
26 4 4 0
26 5 0 3046
26 5 1 3046
26 5 2 0
26 5 3 0
26 5 4 0
26 6 0 0
26 6 1 0
26 6 2 0
26 6 3 0
26 6 4 0
26 7 0 0
26 7 1 0
26 7 2 0
26 7 3 0
26 7 4 0
26 8 0 0
26 8 1 0
26 8 2 0
26 8 3 0
26 8 4 0
26 9 0 0
26 9 1 0
26 9 2 0
26 9 3 0
26 9 4 0
26 10 0 0
26 10 1 0
26 10 2 0
26 10 3 0
26 10 4 0
26 11 0 0
26 11 1 0
26 11 2 0
26 11 3 0
26 11 4 0
26 12 0 0
26 12 1 0
26 12 2 0
26 12 3 0
26 12 4 0
26 13 0 0
26 13 1 0
26 13 2 0
26 13 3 0
26 13 4 0
26 14 0 3456
26 14 1 3456
26 14 2 0
26 14 3 0
26 14 4 0
26 15 0 0
26 15 1 0
26 15 2 0
26 15 3 0
26 15 4 0
26 16 0 0
26 16 1 0
26 16 2 0
26 16 3 0
26 16 4 0
26 17 0 0
26 17 1 0
26 17 2 0
26 17 3 0
26 17 4 0
26 18 0 0
26 18 1 0
26 18 2 0
26 18 3 0
26 18 4 0
26 19 0 0
26 19 1 0
26 19 2 0
26 19 3 0
26 19 4 0
26 20 0 3104
26 20 1 3104
26 20 2 3104
26 20 3 0
26 20 4 0
26 21 0 0
26 21 1 0
26 21 2 0
26 21 3 0
26 21 4 0
26 22 0 3105
26 22 1 3105
26 22 2 0
26 22 3 0
26 22 4 0
26 23 0 0
26 23 1 0
26 23 2 0
26 23 3 0
26 23 4 0
26 24 0 0
26 24 1 0
26 24 2 0
26 24 3 0
26 24 4 0
26 25 0 3812
26 25 1 3812
26 25 2 3812
26 25 3 0
26 25 4 0
26 27 0 0
26 27 1 0
26 27 2 0
26 27 3 0
26 27 4 0
26 28 0 0
26 28 1 0
26 28 2 0
26 28 3 0
26 28 4 0
26 29 0 0
26 29 1 0
26 29 2 0
26 29 3 0
26 29 4 0
27 0 0 0
27 0 1 0
27 0 2 0
27 0 3 0
27 0 4 0
27 1 0 0
27 1 1 0
27 1 2 0
27 1 3 0
27 1 4 0
27 2 0 4133
27 2 1 4133
27 2 2 4133
27 2 3 0
27 2 4 0
27 3 0 0
27 3 1 0
27 3 2 0
27 3 3 0
27 3 4 0
27 4 0 3541
27 4 1 3541
27 4 2 3541
27 4 3 0
27 4 4 0
27 5 0 3691
27 5 1 3691
27 5 2 3691
27 5 3 0
27 5 4 0
27 6 0 4637
27 6 1 4637
27 6 2 0
27 6 3 0
27 6 4 0
27 7 0 0
27 7 1 0
27 7 2 0
27 7 3 0
27 7 4 0
27 8 0 0
27 8 1 0
27 8 2 0
27 8 3 0
27 8 4 0
27 9 0 0
27 9 1 0
27 9 2 0
27 9 3 0
27 9 4 0
27 10 0 0
27 10 1 0
27 10 2 0
27 10 3 0
27 10 4 0
27 11 0 0
27 11 1 0
27 11 2 0
27 11 3 0
27 11 4 0
27 12 0 0
27 12 1 0
27 12 2 0
27 12 3 0
27 12 4 0
27 13 0 0
27 13 1 0
27 13 2 0
27 13 3 0
27 13 4 0
27 14 0 0
27 14 1 0
27 14 2 0
27 14 3 0
27 14 4 0
27 15 0 0
27 15 1 0
27 15 2 0
27 15 3 0
27 15 4 0
27 16 0 3005
27 16 1 3005
27 16 2 3005
27 16 3 0
27 16 4 0
27 17 0 0
27 17 1 0
27 17 2 0
27 17 3 0
27 17 4 0
27 18 0 0
27 18 1 0
27 18 2 0
27 18 3 0
27 18 4 0
27 19 0 0
27 19 1 0
27 19 2 0
27 19 3 0
27 19 4 0
27 20 0 3098
27 20 1 3098
27 20 2 0
27 20 3 0
27 20 4 0
27 21 0 0
27 21 1 0
27 21 2 0
27 21 3 0
27 21 4 0
27 22 0 4246
27 22 1 4246
27 22 2 0
27 22 3 0
27 22 4 0
27 23 0 0
27 23 1 0
27 23 2 0
27 23 3 0
27 23 4 0
27 24 0 0
27 24 1 0
27 24 2 0
27 24 3 0
27 24 4 0
27 25 0 0
27 25 1 0
27 25 2 0
27 25 3 0
27 25 4 0
27 26 0 0
27 26 1 0
27 26 2 0
27 26 3 0
27 26 4 0
27 28 0 3341
27 28 1 3341
27 28 2 0
27 28 3 0
27 28 4 0
27 29 0 0
27 29 1 0
27 29 2 0
27 29 3 0
27 29 4 0
28 0 0 0
28 0 1 0
28 0 2 0
28 0 3 0
28 0 4 0
28 1 0 0
28 1 1 0
28 1 2 0
28 1 3 0
28 1 4 0
28 2 0 0
28 2 1 0
28 2 2 0
28 2 3 0
28 2 4 0
28 3 0 0
28 3 1 0
28 3 2 0
28 3 3 0
28 3 4 0
28 4 0 4589
28 4 1 4589
28 4 2 4589
28 4 3 0
28 4 4 0
28 5 0 3710
28 5 1 3710
28 5 2 3710
28 5 3 0
28 5 4 0
28 6 0 0
28 6 1 0
28 6 2 0
28 6 3 0
28 6 4 0
28 7 0 0
28 7 1 0
28 7 2 0
28 7 3 0
28 7 4 0
28 8 0 0
28 8 1 0
28 8 2 0
28 8 3 0
28 8 4 0
28 9 0 0
28 9 1 0
28 9 2 0
28 9 3 0
28 9 4 0
28 10 0 0
28 10 1 0
28 10 2 0
28 10 3 0
28 10 4 0
28 11 0 0
28 11 1 0
28 11 2 0
28 11 3 0
28 11 4 0
28 12 0 0
28 12 1 0
28 12 2 0
28 12 3 0
28 12 4 0
28 13 0 0
28 13 1 0
28 13 2 0
28 13 3 0
28 13 4 0
28 14 0 0
28 14 1 0
28 14 2 0
28 14 3 0
28 14 4 0
28 15 0 0
28 15 1 0
28 15 2 0
28 15 3 0
28 15 4 0
28 16 0 0
28 16 1 0
28 16 2 0
28 16 3 0
28 16 4 0
28 17 0 0
28 17 1 0
28 17 2 0
28 17 3 0
28 17 4 0
28 18 0 0
28 18 1 0
28 18 2 0
28 18 3 0
28 18 4 0
28 19 0 0
28 19 1 0
28 19 2 0
28 19 3 0
28 19 4 0
28 20 0 0
28 20 1 0
28 20 2 0
28 20 3 0
28 20 4 0
28 21 0 0
28 21 1 0
28 21 2 0
28 21 3 0
28 21 4 0
28 22 0 3774
28 22 1 3774
28 22 2 0
28 22 3 0
28 22 4 0
28 23 0 0
28 23 1 0
28 23 2 0
28 23 3 0
28 23 4 0
28 24 0 0
28 24 1 0
28 24 2 0
28 24 3 0
28 24 4 0
28 25 0 3223
28 25 1 3223
28 25 2 3223
28 25 3 0
28 25 4 0
28 26 0 0
28 26 1 0
28 26 2 0
28 26 3 0
28 26 4 0
28 27 0 0
28 27 1 0
28 27 2 0
28 27 3 0
28 27 4 0
28 29 0 0
28 29 1 0
28 29 2 0
28 29 3 0
28 29 4 0
29 0 0 0
29 0 1 0
29 0 2 0
29 0 3 0
29 0 4 0
29 1 0 0
29 1 1 0
29 1 2 0
29 1 3 0
29 1 4 0
29 2 0 4845
29 2 1 4845
29 2 2 0
29 2 3 0
29 2 4 0
29 3 0 0
29 3 1 0
29 3 2 0
29 3 3 0
29 3 4 0
29 4 0 0
29 4 1 0
29 4 2 0
29 4 3 0
29 4 4 0
29 5 0 0
29 5 1 0
29 5 2 0
29 5 3 0
29 5 4 0
29 6 0 4014
29 6 1 4014
29 6 2 4014
29 6 3 0
29 6 4 0
29 7 0 0
29 7 1 0
29 7 2 0
29 7 3 0
29 7 4 0
29 8 0 0
29 8 1 0
29 8 2 0
29 8 3 0
29 8 4 0
29 9 0 0
29 9 1 0
29 9 2 0
29 9 3 0
29 9 4 0
29 10 0 3967
29 10 1 3967
29 10 2 0
29 10 3 0
29 10 4 0
29 11 0 0
29 11 1 0
29 11 2 0
29 11 3 0
29 11 4 0
29 12 0 0
29 12 1 0
29 12 2 0
29 12 3 0
29 12 4 0
29 13 0 0
29 13 1 0
29 13 2 0
29 13 3 0
29 13 4 0
29 14 0 0
29 14 1 0
29 14 2 0
29 14 3 0
29 14 4 0
29 15 0 0
29 15 1 0
29 15 2 0
29 15 3 0
29 15 4 0
29 16 0 0
29 16 1 0
29 16 2 0
29 16 3 0
29 16 4 0
29 17 0 0
29 17 1 0
29 17 2 0
29 17 3 0
29 17 4 0
29 18 0 0
29 18 1 0
29 18 2 0
29 18 3 0
29 18 4 0
29 19 0 0
29 19 1 0
29 19 2 0
29 19 3 0
29 19 4 0
29 20 0 3901
29 20 1 3901
29 20 2 0
29 20 3 0
29 20 4 0
29 21 0 4105
29 21 1 4105
29 21 2 0
29 21 3 0
29 21 4 0
29 22 0 3999
29 22 1 3999
29 22 2 3999
29 22 3 0
29 22 4 0
29 23 0 3469
29 23 1 3469
29 23 2 3469
29 23 3 0
29 23 4 0
29 24 0 3227
29 24 1 3227
29 24 2 3227
29 24 3 0
29 24 4 0
29 25 0 0
29 25 1 0
29 25 2 0
29 25 3 0
29 25 4 0
29 26 0 0
29 26 1 0
29 26 2 0
29 26 3 0
29 26 4 0
29 27 0 0
29 27 1 0
29 27 2 0
29 27 3 0
29 27 4 0
29 28 0 0
29 28 1 0
29 28 2 0
29 28 3 0
29 28 4 0

